"Area","MTU","Biomass  - Actual Aggregated [MW]","Fossil Brown coal/Lignite  - Actual Aggregated [MW]","Fossil Coal-derived gas  - Actual Aggregated [MW]","Fossil Gas  - Actual Aggregated [MW]","Fossil Hard coal  - Actual Aggregated [MW]","Fossil Oil  - Actual Aggregated [MW]","Fossil Oil shale  - Actual Aggregated [MW]","Fossil Peat  - Actual Aggregated [MW]","Geothermal  - Actual Aggregated [MW]","Hydro Pumped Storage  - Actual Aggregated [MW]","Hydro Pumped Storage  - Actual Consumption [MW]","Hydro Run-of-river and poundage  - Actual Aggregated [MW]","Hydro Water Reservoir  - Actual Aggregated [MW]","Marine  - Actual Aggregated [MW]","Nuclear  - Actual Aggregated [MW]","Other  - Actual Aggregated [MW]","Other renewable  - Actual Aggregated [MW]","Solar  - Actual Aggregated [MW]","Waste  - Actual Aggregated [MW]","Wind Offshore  - Actual Aggregated [MW]","Wind Onshore  - Actual Aggregated [MW]"
"BZN|DK2","01.01.2018 00:00 - 01.01.2018 01:00 (CET/CEST)","387","n/e","n/e","79","69","27","n/e","n/e","n/e","n/e","n/e","n/e","n/e","n/e","n/e","n/e","n/e","0","51","294","364"
"BZN|DK2","01.01.2018 01:00 - 01.01.2018 02:00 (CET/CEST)","388","n/e","n/e","73","69","27","n/e","n/e","n/e","n/e","n/e","n/e","n/e","n/e","n/e","n/e","n/e","0","51","255","363"
"BZN|DK2","01.01.2018 02:00 - 01.01.2018 03:00 (CET/CEST)","387","n/e","n/e","72","68","27","n/e","n/e","n/e","n/e","n/e","n/e","n/e","n/e","n/e","n/e","n/e","0","51","307","363"
"BZN|DK2","01.01.2018 03:00 - 01.01.2018 04:00 (CET/CEST)","387","n/e","n/e","73","68","27","n/e","n/e","n/e","n/e","n/e","n/e","n/e","n/e","n/e","n/e","n/e","0","50","364","379"
"BZN|DK2","01.01.2018 04:00 - 01.01.2018 05:00 (CET/CEST)","380","n/e","n/e","70","71","27","n/e","n/e","n/e","n/e","n/e","n/e","n/e","n/e","n/e","n/e","n/e","0","51","347","384"
"BZN|DK2","01.01.2018 05:00 - 01.01.2018 06:00 (CET/CEST)","288","n/e","n/e","49","71","27","n/e","n/e","n/e","n/e","n/e","n/e","n/e","n/e","n/e","n/e","n/e","0","50","337","386"
"BZN|DK2","01.01.2018 06:00 - 01.01.2018 07:00 (CET/CEST)","281","n/e","n/e","50","71","27","n/e","n/e","n/e","n/e","n/e","n/e","n/e","n/e","n/e","n/e","n/e","0","51","351","401"
"BZN|DK2","01.01.2018 07:00 - 01.01.2018 08:00 (CET/CEST)","311","n/e","n/e","48","102","26","n/e","n/e","n/e","n/e","n/e","n/e","n/e","n/e","n/e","n/e","n/e","0","51","365","412"
"BZN|DK2","01.01.2018 08:00 - 01.01.2018 09:00 (CET/CEST)","313","n/e","n/e","45","91","26","n/e","n/e","n/e","n/e","n/e","n/e","n/e","n/e","n/e","n/e","n/e","1","49","368","413"
"BZN|DK2","01.01.2018 09:00 - 01.01.2018 10:00 (CET/CEST)","316","n/e","n/e","51","65","27","n/e","n/e","n/e","n/e","n/e","n/e","n/e","n/e","n/e","n/e","n/e","4","50","368","413"
"BZN|DK2","01.01.2018 10:00 - 01.01.2018 11:00 (CET/CEST)","385","n/e","n/e","56","57","26","n/e","n/e","n/e","n/e","n/e","n/e","n/e","n/e","n/e","n/e","n/e","13","50","368","425"
"BZN|DK2","01.01.2018 11:00 - 01.01.2018 12:00 (CET/CEST)","384","n/e","n/e","62","50","25","n/e","n/e","n/e","n/e","n/e","n/e","n/e","n/e","n/e","n/e","n/e","21","49","369","429"
"BZN|DK2","01.01.2018 12:00 - 01.01.2018 13:00 (CET/CEST)","347","n/e","n/e","68","55","25","n/e","n/e","n/e","n/e","n/e","n/e","n/e","n/e","n/e","n/e","n/e","18","50","369","428"
"BZN|DK2","01.01.2018 13:00 - 01.01.2018 14:00 (CET/CEST)","421","n/e","n/e","69","51","26","n/e","n/e","n/e","n/e","n/e","n/e","n/e","n/e","n/e","n/e","n/e","15","50","368","436"
"BZN|DK2","01.01.2018 14:00 - 01.01.2018 15:00 (CET/CEST)","427","n/e","n/e","69","50","26","n/e","n/e","n/e","n/e","n/e","n/e","n/e","n/e","n/e","n/e","n/e","14","49","368","431"
"BZN|DK2","01.01.2018 15:00 - 01.01.2018 16:00 (CET/CEST)","430","n/e","n/e","75","58","27","n/e","n/e","n/e","n/e","n/e","n/e","n/e","n/e","n/e","n/e","n/e","6","51","353","426"
"BZN|DK2","01.01.2018 16:00 - 01.01.2018 17:00 (CET/CEST)","430","n/e","n/e","79","64","30","n/e","n/e","n/e","n/e","n/e","n/e","n/e","n/e","n/e","n/e","n/e","0","51","341","423"
"BZN|DK2","01.01.2018 17:00 - 01.01.2018 18:00 (CET/CEST)","430","n/e","n/e","79","75","31","n/e","n/e","n/e","n/e","n/e","n/e","n/e","n/e","n/e","n/e","n/e","0","59","359","354"
"BZN|DK2","01.01.2018 18:00 - 01.01.2018 19:00 (CET/CEST)","433","n/e","n/e","79","73","29","n/e","n/e","n/e","n/e","n/e","n/e","n/e","n/e","n/e","n/e","n/e","0","62","361","311"
"BZN|DK2","01.01.2018 19:00 - 01.01.2018 20:00 (CET/CEST)","429","n/e","n/e","80","64","32","n/e","n/e","n/e","n/e","n/e","n/e","n/e","n/e","n/e","n/e","n/e","0","61","356","297"
"BZN|DK2","01.01.2018 20:00 - 01.01.2018 21:00 (CET/CEST)","426","n/e","n/e","81","65","31","n/e","n/e","n/e","n/e","n/e","n/e","n/e","n/e","n/e","n/e","n/e","0","61","351","275"
"BZN|DK2","01.01.2018 21:00 - 01.01.2018 22:00 (CET/CEST)","425","n/e","n/e","81","64","29","n/e","n/e","n/e","n/e","n/e","n/e","n/e","n/e","n/e","n/e","n/e","0","60","361","255"
"BZN|DK2","01.01.2018 22:00 - 01.01.2018 23:00 (CET/CEST)","425","n/e","n/e","81","63","28","n/e","n/e","n/e","n/e","n/e","n/e","n/e","n/e","n/e","n/e","n/e","0","57","321","233"
"BZN|DK2","01.01.2018 23:00 - 02.01.2018 00:00 (CET/CEST)","406","n/e","n/e","80","63","27","n/e","n/e","n/e","n/e","n/e","n/e","n/e","n/e","n/e","n/e","n/e","0","59","253","227"
"BZN|DK2","02.01.2018 00:00 - 02.01.2018 01:00 (CET/CEST)","373","n/e","n/e","81","67","27","n/e","n/e","n/e","n/e","n/e","n/e","n/e","n/e","n/e","n/e","n/e","0","56","237","217"
"BZN|DK2","02.01.2018 01:00 - 02.01.2018 02:00 (CET/CEST)","373","n/e","n/e","79","64","27","n/e","n/e","n/e","n/e","n/e","n/e","n/e","n/e","n/e","n/e","n/e","0","56","197","214"
"BZN|DK2","02.01.2018 02:00 - 02.01.2018 03:00 (CET/CEST)","373","n/e","n/e","78","63","26","n/e","n/e","n/e","n/e","n/e","n/e","n/e","n/e","n/e","n/e","n/e","0","57","130","197"
"BZN|DK2","02.01.2018 03:00 - 02.01.2018 04:00 (CET/CEST)","373","n/e","n/e","77","70","26","n/e","n/e","n/e","n/e","n/e","n/e","n/e","n/e","n/e","n/e","n/e","0","58","86","167"
"BZN|DK2","02.01.2018 04:00 - 02.01.2018 05:00 (CET/CEST)","374","n/e","n/e","78","62","25","n/e","n/e","n/e","n/e","n/e","n/e","n/e","n/e","n/e","n/e","n/e","0","58","62","143"
"BZN|DK2","02.01.2018 05:00 - 02.01.2018 06:00 (CET/CEST)","380","n/e","n/e","83","69","26","n/e","n/e","n/e","n/e","n/e","n/e","n/e","n/e","n/e","n/e","n/e","0","58","52","131"
"BZN|DK2","02.01.2018 06:00 - 02.01.2018 07:00 (CET/CEST)","421","n/e","n/e","87","68","28","n/e","n/e","n/e","n/e","n/e","n/e","n/e","n/e","n/e","n/e","n/e","0","58","68","123"
"BZN|DK2","02.01.2018 07:00 - 02.01.2018 08:00 (CET/CEST)","455","n/e","n/e","131","80","33","n/e","n/e","n/e","n/e","n/e","n/e","n/e","n/e","n/e","n/e","n/e","0","56","80","133"
"BZN|DK2","02.01.2018 08:00 - 02.01.2018 09:00 (CET/CEST)","454","n/e","n/e","204","156","33","n/e","n/e","n/e","n/e","n/e","n/e","n/e","n/e","n/e","n/e","n/e","1","54","74","136"
"BZN|DK2","02.01.2018 09:00 - 02.01.2018 10:00 (CET/CEST)","449","n/e","n/e","227","189","29","n/e","n/e","n/e","n/e","n/e","n/e","n/e","n/e","n/e","n/e","n/e","9","57","86","137"
"BZN|DK2","02.01.2018 10:00 - 02.01.2018 11:00 (CET/CEST)","447","n/e","n/e","234","216","28","n/e","n/e","n/e","n/e","n/e","n/e","n/e","n/e","n/e","n/e","n/e","27","56","91","128"
"BZN|DK2","02.01.2018 11:00 - 02.01.2018 12:00 (CET/CEST)","453","n/e","n/e","235","218","25","n/e","n/e","n/e","n/e","n/e","n/e","n/e","n/e","n/e","n/e","n/e","41","57","118","128"
"BZN|DK2","02.01.2018 12:00 - 02.01.2018 13:00 (CET/CEST)","457","n/e","n/e","234","221","24","n/e","n/e","n/e","n/e","n/e","n/e","n/e","n/e","n/e","n/e","n/e","46","57","131","130"
"BZN|DK2","02.01.2018 13:00 - 02.01.2018 14:00 (CET/CEST)","458","n/e","n/e","234","192","24","n/e","n/e","n/e","n/e","n/e","n/e","n/e","n/e","n/e","n/e","n/e","42","57","164","133"
"BZN|DK2","02.01.2018 14:00 - 02.01.2018 15:00 (CET/CEST)","457","n/e","n/e","233","191","25","n/e","n/e","n/e","n/e","n/e","n/e","n/e","n/e","n/e","n/e","n/e","25","57","157","146"
"BZN|DK2","02.01.2018 15:00 - 02.01.2018 16:00 (CET/CEST)","457","n/e","n/e","234","202","25","n/e","n/e","n/e","n/e","n/e","n/e","n/e","n/e","n/e","n/e","n/e","7","59","152","147"
"BZN|DK2","02.01.2018 16:00 - 02.01.2018 17:00 (CET/CEST)","460","n/e","n/e","233","216","25","n/e","n/e","n/e","n/e","n/e","n/e","n/e","n/e","n/e","n/e","n/e","0","62","96","146"
"BZN|DK2","02.01.2018 17:00 - 02.01.2018 18:00 (CET/CEST)","463","n/e","n/e","232","216","27","n/e","n/e","n/e","n/e","n/e","n/e","n/e","n/e","n/e","n/e","n/e","0","61","135","143"
"BZN|DK2","02.01.2018 18:00 - 02.01.2018 19:00 (CET/CEST)","463","n/e","n/e","231","215","26","n/e","n/e","n/e","n/e","n/e","n/e","n/e","n/e","n/e","n/e","n/e","0","62","174","148"
"BZN|DK2","02.01.2018 19:00 - 02.01.2018 20:00 (CET/CEST)","457","n/e","n/e","229","155","25","n/e","n/e","n/e","n/e","n/e","n/e","n/e","n/e","n/e","n/e","n/e","0","61","153","163"
"BZN|DK2","02.01.2018 20:00 - 02.01.2018 21:00 (CET/CEST)","453","n/e","n/e","222","119","24","n/e","n/e","n/e","n/e","n/e","n/e","n/e","n/e","n/e","n/e","n/e","0","60","161","163"
"BZN|DK2","02.01.2018 21:00 - 02.01.2018 22:00 (CET/CEST)","420","n/e","n/e","162","117","23","n/e","n/e","n/e","n/e","n/e","n/e","n/e","n/e","n/e","n/e","n/e","0","60","170","171"
"BZN|DK2","02.01.2018 22:00 - 02.01.2018 23:00 (CET/CEST)","385","n/e","n/e","154","116","22","n/e","n/e","n/e","n/e","n/e","n/e","n/e","n/e","n/e","n/e","n/e","0","61","243","184"
"BZN|DK2","02.01.2018 23:00 - 03.01.2018 00:00 (CET/CEST)","378","n/e","n/e","151","109","21","n/e","n/e","n/e","n/e","n/e","n/e","n/e","n/e","n/e","n/e","n/e","0","58","260","195"
"BZN|DK2","03.01.2018 00:00 - 03.01.2018 01:00 (CET/CEST)","376","n/e","n/e","89","77","19","n/e","n/e","n/e","n/e","n/e","n/e","n/e","n/e","n/e","n/e","n/e","0","44","250","200"
"BZN|DK2","03.01.2018 01:00 - 03.01.2018 02:00 (CET/CEST)","378","n/e","n/e","64","64","17","n/e","n/e","n/e","n/e","n/e","n/e","n/e","n/e","n/e","n/e","n/e","0","43","341","207"
"BZN|DK2","03.01.2018 02:00 - 03.01.2018 03:00 (CET/CEST)","409","n/e","n/e","62","59","16","n/e","n/e","n/e","n/e","n/e","n/e","n/e","n/e","n/e","n/e","n/e","0","43","367","230"
"BZN|DK2","03.01.2018 03:00 - 03.01.2018 04:00 (CET/CEST)","374","n/e","n/e","58","59","17","n/e","n/e","n/e","n/e","n/e","n/e","n/e","n/e","n/e","n/e","n/e","0","43","371","252"
"BZN|DK2","03.01.2018 04:00 - 03.01.2018 05:00 (CET/CEST)","382","n/e","n/e","50","58","18","n/e","n/e","n/e","n/e","n/e","n/e","n/e","n/e","n/e","n/e","n/e","0","43","367","329"
"BZN|DK2","03.01.2018 05:00 - 03.01.2018 06:00 (CET/CEST)","368","n/e","n/e","49","59","19","n/e","n/e","n/e","n/e","n/e","n/e","n/e","n/e","n/e","n/e","n/e","0","52","367","485"
"BZN|DK2","03.01.2018 06:00 - 03.01.2018 07:00 (CET/CEST)","380","n/e","n/e","60","82","20","n/e","n/e","n/e","n/e","n/e","n/e","n/e","n/e","n/e","n/e","n/e","0","58","372","483"
"BZN|DK2","03.01.2018 07:00 - 03.01.2018 08:00 (CET/CEST)","393","n/e","n/e","127","101","22","n/e","n/e","n/e","n/e","n/e","n/e","n/e","n/e","n/e","n/e","n/e","0","59","372","480"
"BZN|DK2","03.01.2018 08:00 - 03.01.2018 09:00 (CET/CEST)","425","n/e","n/e","175","90","22","n/e","n/e","n/e","n/e","n/e","n/e","n/e","n/e","n/e","n/e","n/e","0","60","372","483"
"BZN|DK2","03.01.2018 09:00 - 03.01.2018 10:00 (CET/CEST)","426","n/e","n/e","189","118","23","n/e","n/e","n/e","n/e","n/e","n/e","n/e","n/e","n/e","n/e","n/e","1","61","372","423"
"BZN|DK2","03.01.2018 10:00 - 03.01.2018 11:00 (CET/CEST)","429","n/e","n/e","189","92","23","n/e","n/e","n/e","n/e","n/e","n/e","n/e","n/e","n/e","n/e","n/e","4","61","366","345"
"BZN|DK2","03.01.2018 11:00 - 03.01.2018 12:00 (CET/CEST)","424","n/e","n/e","170","89","22","n/e","n/e","n/e","n/e","n/e","n/e","n/e","n/e","n/e","n/e","n/e","7","61","353","294"
"BZN|DK2","03.01.2018 12:00 - 03.01.2018 13:00 (CET/CEST)","424","n/e","n/e","169","88","22","n/e","n/e","n/e","n/e","n/e","n/e","n/e","n/e","n/e","n/e","n/e","8","61","310","253"
"BZN|DK2","03.01.2018 13:00 - 03.01.2018 14:00 (CET/CEST)","409","n/e","n/e","171","101","23","n/e","n/e","n/e","n/e","n/e","n/e","n/e","n/e","n/e","n/e","n/e","13","60","254","215"
"BZN|DK2","03.01.2018 14:00 - 03.01.2018 15:00 (CET/CEST)","404","n/e","n/e","174","114","23","n/e","n/e","n/e","n/e","n/e","n/e","n/e","n/e","n/e","n/e","n/e","15","59","219","161"
"BZN|DK2","03.01.2018 15:00 - 03.01.2018 16:00 (CET/CEST)","395","n/e","n/e","173","99","22","n/e","n/e","n/e","n/e","n/e","n/e","n/e","n/e","n/e","n/e","n/e","8","60","179","151"
"BZN|DK2","03.01.2018 16:00 - 03.01.2018 17:00 (CET/CEST)","377","n/e","n/e","174","93","26","n/e","n/e","n/e","n/e","n/e","n/e","n/e","n/e","n/e","n/e","n/e","0","60","253","142"
"BZN|DK2","03.01.2018 17:00 - 03.01.2018 18:00 (CET/CEST)","414","n/e","n/e","174","92","29","n/e","n/e","n/e","n/e","n/e","n/e","n/e","n/e","n/e","n/e","n/e","0","60","211","125"
"BZN|DK2","03.01.2018 18:00 - 03.01.2018 19:00 (CET/CEST)","432","n/e","n/e","183","91","27","n/e","n/e","n/e","n/e","n/e","n/e","n/e","n/e","n/e","n/e","n/e","0","60","53","94"
"BZN|DK2","03.01.2018 19:00 - 03.01.2018 20:00 (CET/CEST)","438","n/e","n/e","191","87","23","n/e","n/e","n/e","n/e","n/e","n/e","n/e","n/e","n/e","n/e","n/e","0","60","54","80"
"BZN|DK2","03.01.2018 20:00 - 03.01.2018 21:00 (CET/CEST)","450","n/e","n/e","190","85","21","n/e","n/e","n/e","n/e","n/e","n/e","n/e","n/e","n/e","n/e","n/e","0","59","159","74"
"BZN|DK2","03.01.2018 21:00 - 03.01.2018 22:00 (CET/CEST)","455","n/e","n/e","150","77","20","n/e","n/e","n/e","n/e","n/e","n/e","n/e","n/e","n/e","n/e","n/e","0","59","105","74"
"BZN|DK2","03.01.2018 22:00 - 03.01.2018 23:00 (CET/CEST)","452","n/e","n/e","146","75","20","n/e","n/e","n/e","n/e","n/e","n/e","n/e","n/e","n/e","n/e","n/e","0","60","113","68"
"BZN|DK2","03.01.2018 23:00 - 04.01.2018 00:00 (CET/CEST)","440","n/e","n/e","147","74","18","n/e","n/e","n/e","n/e","n/e","n/e","n/e","n/e","n/e","n/e","n/e","0","60","54","64"
"BZN|DK2","04.01.2018 00:00 - 04.01.2018 01:00 (CET/CEST)","420","n/e","n/e","141","114","18","n/e","n/e","n/e","n/e","n/e","n/e","n/e","n/e","n/e","n/e","n/e","0","54","66","65"
"BZN|DK2","04.01.2018 01:00 - 04.01.2018 02:00 (CET/CEST)","401","n/e","n/e","134","125","18","n/e","n/e","n/e","n/e","n/e","n/e","n/e","n/e","n/e","n/e","n/e","0","52","91","85"
"BZN|DK2","04.01.2018 02:00 - 04.01.2018 03:00 (CET/CEST)","391","n/e","n/e","134","120","18","n/e","n/e","n/e","n/e","n/e","n/e","n/e","n/e","n/e","n/e","n/e","0","53","252","133"
"BZN|DK2","04.01.2018 03:00 - 04.01.2018 04:00 (CET/CEST)","374","n/e","n/e","134","77","18","n/e","n/e","n/e","n/e","n/e","n/e","n/e","n/e","n/e","n/e","n/e","0","52","355","193"
"BZN|DK2","04.01.2018 04:00 - 04.01.2018 05:00 (CET/CEST)","368","n/e","n/e","137","77","20","n/e","n/e","n/e","n/e","n/e","n/e","n/e","n/e","n/e","n/e","n/e","0","53","355","225"
"BZN|DK2","04.01.2018 05:00 - 04.01.2018 06:00 (CET/CEST)","382","n/e","n/e","139","88","22","n/e","n/e","n/e","n/e","n/e","n/e","n/e","n/e","n/e","n/e","n/e","0","51","328","207"
"BZN|DK2","04.01.2018 06:00 - 04.01.2018 07:00 (CET/CEST)","400","n/e","n/e","140","87","23","n/e","n/e","n/e","n/e","n/e","n/e","n/e","n/e","n/e","n/e","n/e","0","51","329","196"
"BZN|DK2","04.01.2018 07:00 - 04.01.2018 08:00 (CET/CEST)","412","n/e","n/e","153","87","23","n/e","n/e","n/e","n/e","n/e","n/e","n/e","n/e","n/e","n/e","n/e","0","56","328","186"
"BZN|DK2","04.01.2018 08:00 - 04.01.2018 09:00 (CET/CEST)","408","n/e","n/e","202","148","26","n/e","n/e","n/e","n/e","n/e","n/e","n/e","n/e","n/e","n/e","n/e","1","58","337","183"
"BZN|DK2","04.01.2018 09:00 - 04.01.2018 10:00 (CET/CEST)","405","n/e","n/e","218","204","27","n/e","n/e","n/e","n/e","n/e","n/e","n/e","n/e","n/e","n/e","n/e","5","57","340","191"
"BZN|DK2","04.01.2018 10:00 - 04.01.2018 11:00 (CET/CEST)","404","n/e","n/e","223","176","25","n/e","n/e","n/e","n/e","n/e","n/e","n/e","n/e","n/e","n/e","n/e","15","47","277","196"
"BZN|DK2","04.01.2018 11:00 - 04.01.2018 12:00 (CET/CEST)","405","n/e","n/e","259","198","24","n/e","n/e","n/e","n/e","n/e","n/e","n/e","n/e","n/e","n/e","n/e","27","44","228","178"
"BZN|DK2","04.01.2018 12:00 - 04.01.2018 13:00 (CET/CEST)","415","n/e","n/e","253","208","24","n/e","n/e","n/e","n/e","n/e","n/e","n/e","n/e","n/e","n/e","n/e","40","42","154","168"
"BZN|DK2","04.01.2018 13:00 - 04.01.2018 14:00 (CET/CEST)","440","n/e","n/e","251","198","23","n/e","n/e","n/e","n/e","n/e","n/e","n/e","n/e","n/e","n/e","n/e","38","44","137","166"
"BZN|DK2","04.01.2018 14:00 - 04.01.2018 15:00 (CET/CEST)","457","n/e","n/e","275","200","23","n/e","n/e","n/e","n/e","n/e","n/e","n/e","n/e","n/e","n/e","n/e","23","44","93","156"
"BZN|DK2","04.01.2018 15:00 - 04.01.2018 16:00 (CET/CEST)","451","n/e","n/e","278","195","23","n/e","n/e","n/e","n/e","n/e","n/e","n/e","n/e","n/e","n/e","n/e","5","56","71","151"
"BZN|DK2","04.01.2018 16:00 - 04.01.2018 17:00 (CET/CEST)","460","n/e","n/e","266","186","22","n/e","n/e","n/e","n/e","n/e","n/e","n/e","n/e","n/e","n/e","n/e","0","58","60","131"
"BZN|DK2","04.01.2018 17:00 - 04.01.2018 18:00 (CET/CEST)","456","n/e","n/e","255","193","26","n/e","n/e","n/e","n/e","n/e","n/e","n/e","n/e","n/e","n/e","n/e","0","56","24","107"
"BZN|DK2","04.01.2018 18:00 - 04.01.2018 19:00 (CET/CEST)","466","n/e","n/e","224","194","24","n/e","n/e","n/e","n/e","n/e","n/e","n/e","n/e","n/e","n/e","n/e","0","57","27","104"
"BZN|DK2","04.01.2018 19:00 - 04.01.2018 20:00 (CET/CEST)","462","n/e","n/e","224","183","23","n/e","n/e","n/e","n/e","n/e","n/e","n/e","n/e","n/e","n/e","n/e","0","58","25","97"
"BZN|DK2","04.01.2018 20:00 - 04.01.2018 21:00 (CET/CEST)","432","n/e","n/e","215","153","22","n/e","n/e","n/e","n/e","n/e","n/e","n/e","n/e","n/e","n/e","n/e","0","58","18","97"
"BZN|DK2","04.01.2018 21:00 - 04.01.2018 22:00 (CET/CEST)","404","n/e","n/e","157","88","21","n/e","n/e","n/e","n/e","n/e","n/e","n/e","n/e","n/e","n/e","n/e","0","57","36","96"
"BZN|DK2","04.01.2018 22:00 - 04.01.2018 23:00 (CET/CEST)","406","n/e","n/e","149","81","20","n/e","n/e","n/e","n/e","n/e","n/e","n/e","n/e","n/e","n/e","n/e","0","58","69","83"
"BZN|DK2","04.01.2018 23:00 - 05.01.2018 00:00 (CET/CEST)","405","n/e","n/e","148","79","19","n/e","n/e","n/e","n/e","n/e","n/e","n/e","n/e","n/e","n/e","n/e","0","57","99","73"
"BZN|DK2","05.01.2018 00:00 - 05.01.2018 01:00 (CET/CEST)","408","n/e","n/e","130","85","19","n/e","n/e","n/e","n/e","n/e","n/e","n/e","n/e","n/e","n/e","n/e","0","60","63","71"
"BZN|DK2","05.01.2018 01:00 - 05.01.2018 02:00 (CET/CEST)","390","n/e","n/e","120","82","19","n/e","n/e","n/e","n/e","n/e","n/e","n/e","n/e","n/e","n/e","n/e","0","56","33","65"
"BZN|DK2","05.01.2018 02:00 - 05.01.2018 03:00 (CET/CEST)","368","n/e","n/e","121","83","19","n/e","n/e","n/e","n/e","n/e","n/e","n/e","n/e","n/e","n/e","n/e","0","72","88","66"
"BZN|DK2","05.01.2018 03:00 - 05.01.2018 04:00 (CET/CEST)","366","n/e","n/e","120","83","19","n/e","n/e","n/e","n/e","n/e","n/e","n/e","n/e","n/e","n/e","n/e","0","75","338","83"
"BZN|DK2","05.01.2018 04:00 - 05.01.2018 05:00 (CET/CEST)","388","n/e","n/e","120","84","20","n/e","n/e","n/e","n/e","n/e","n/e","n/e","n/e","n/e","n/e","n/e","0","75","352","128"
"BZN|DK2","05.01.2018 05:00 - 05.01.2018 06:00 (CET/CEST)","367","n/e","n/e","119","87","21","n/e","n/e","n/e","n/e","n/e","n/e","n/e","n/e","n/e","n/e","n/e","0","75","350","137"
"BZN|DK2","05.01.2018 06:00 - 05.01.2018 07:00 (CET/CEST)","366","n/e","n/e","130","85","22","n/e","n/e","n/e","n/e","n/e","n/e","n/e","n/e","n/e","n/e","n/e","0","77","338","134"
"BZN|DK2","05.01.2018 07:00 - 05.01.2018 08:00 (CET/CEST)","382","n/e","n/e","139","85","24","n/e","n/e","n/e","n/e","n/e","n/e","n/e","n/e","n/e","n/e","n/e","0","77","345","126"
"BZN|DK2","05.01.2018 08:00 - 05.01.2018 09:00 (CET/CEST)","427","n/e","n/e","198","87","25","n/e","n/e","n/e","n/e","n/e","n/e","n/e","n/e","n/e","n/e","n/e","1","77","354","108"
"BZN|DK2","05.01.2018 09:00 - 05.01.2018 10:00 (CET/CEST)","427","n/e","n/e","212","88","26","n/e","n/e","n/e","n/e","n/e","n/e","n/e","n/e","n/e","n/e","n/e","4","73","332","97"
"BZN|DK2","05.01.2018 10:00 - 05.01.2018 11:00 (CET/CEST)","431","n/e","n/e","220","132","31","n/e","n/e","n/e","n/e","n/e","n/e","n/e","n/e","n/e","n/e","n/e","15","75","294","84"
"BZN|DK2","05.01.2018 11:00 - 05.01.2018 12:00 (CET/CEST)","442","n/e","n/e","219","164","30","n/e","n/e","n/e","n/e","n/e","n/e","n/e","n/e","n/e","n/e","n/e","22","72","134","78"
"BZN|DK2","05.01.2018 12:00 - 05.01.2018 13:00 (CET/CEST)","520","n/e","n/e","228","188","29","n/e","n/e","n/e","n/e","n/e","n/e","n/e","n/e","n/e","n/e","n/e","26","76","106","93"
"BZN|DK2","05.01.2018 13:00 - 05.01.2018 14:00 (CET/CEST)","522","n/e","n/e","269","175","29","n/e","n/e","n/e","n/e","n/e","n/e","n/e","n/e","n/e","n/e","n/e","24","77","172","111"
"BZN|DK2","05.01.2018 14:00 - 05.01.2018 15:00 (CET/CEST)","530","n/e","n/e","269","188","28","n/e","n/e","n/e","n/e","n/e","n/e","n/e","n/e","n/e","n/e","n/e","14","76","121","100"
"BZN|DK2","05.01.2018 15:00 - 05.01.2018 16:00 (CET/CEST)","521","n/e","n/e","287","191","29","n/e","n/e","n/e","n/e","n/e","n/e","n/e","n/e","n/e","n/e","n/e","5","77","76","96"
"BZN|DK2","05.01.2018 16:00 - 05.01.2018 17:00 (CET/CEST)","534","n/e","n/e","278","189","29","n/e","n/e","n/e","n/e","n/e","n/e","n/e","n/e","n/e","n/e","n/e","0","76","72","90"
"BZN|DK2","05.01.2018 17:00 - 05.01.2018 18:00 (CET/CEST)","594","n/e","n/e","280","206","31","n/e","n/e","n/e","n/e","n/e","n/e","n/e","n/e","n/e","n/e","n/e","0","76","87","85"
"BZN|DK2","05.01.2018 18:00 - 05.01.2018 19:00 (CET/CEST)","602","n/e","n/e","288","193","28","n/e","n/e","n/e","n/e","n/e","n/e","n/e","n/e","n/e","n/e","n/e","0","76","48","89"
"BZN|DK2","05.01.2018 19:00 - 05.01.2018 20:00 (CET/CEST)","596","n/e","n/e","271","178","23","n/e","n/e","n/e","n/e","n/e","n/e","n/e","n/e","n/e","n/e","n/e","0","74","24","93"
"BZN|DK2","05.01.2018 20:00 - 05.01.2018 21:00 (CET/CEST)","521","n/e","n/e","222","141","21","n/e","n/e","n/e","n/e","n/e","n/e","n/e","n/e","n/e","n/e","n/e","0","74","6","77"
"BZN|DK2","05.01.2018 21:00 - 05.01.2018 22:00 (CET/CEST)","496","n/e","n/e","211","95","22","n/e","n/e","n/e","n/e","n/e","n/e","n/e","n/e","n/e","n/e","n/e","0","73","0","69"
"BZN|DK2","05.01.2018 22:00 - 05.01.2018 23:00 (CET/CEST)","472","n/e","n/e","211","95","21","n/e","n/e","n/e","n/e","n/e","n/e","n/e","n/e","n/e","n/e","n/e","0","74","2","74"
"BZN|DK2","05.01.2018 23:00 - 06.01.2018 00:00 (CET/CEST)","456","n/e","n/e","210","101","21","n/e","n/e","n/e","n/e","n/e","n/e","n/e","n/e","n/e","n/e","n/e","0","74","2","73"
"BZN|DK2","06.01.2018 00:00 - 06.01.2018 01:00 (CET/CEST)","434","n/e","n/e","159","78","20","n/e","n/e","n/e","n/e","n/e","n/e","n/e","n/e","n/e","n/e","n/e","0","69","1","70"
"BZN|DK2","06.01.2018 01:00 - 06.01.2018 02:00 (CET/CEST)","414","n/e","n/e","140","78","20","n/e","n/e","n/e","n/e","n/e","n/e","n/e","n/e","n/e","n/e","n/e","0","68","4","65"
"BZN|DK2","06.01.2018 02:00 - 06.01.2018 03:00 (CET/CEST)","421","n/e","n/e","139","95","20","n/e","n/e","n/e","n/e","n/e","n/e","n/e","n/e","n/e","n/e","n/e","0","68","16","63"
"BZN|DK2","06.01.2018 03:00 - 06.01.2018 04:00 (CET/CEST)","350","n/e","n/e","139","142","20","n/e","n/e","n/e","n/e","n/e","n/e","n/e","n/e","n/e","n/e","n/e","0","68","17","62"
"BZN|DK2","06.01.2018 04:00 - 06.01.2018 05:00 (CET/CEST)","344","n/e","n/e","140","129","20","n/e","n/e","n/e","n/e","n/e","n/e","n/e","n/e","n/e","n/e","n/e","0","67","3","62"
"BZN|DK2","06.01.2018 05:00 - 06.01.2018 06:00 (CET/CEST)","342","n/e","n/e","139","129","20","n/e","n/e","n/e","n/e","n/e","n/e","n/e","n/e","n/e","n/e","n/e","0","68","2","62"
"BZN|DK2","06.01.2018 06:00 - 06.01.2018 07:00 (CET/CEST)","415","n/e","n/e","139","94","21","n/e","n/e","n/e","n/e","n/e","n/e","n/e","n/e","n/e","n/e","n/e","0","72","12","63"
"BZN|DK2","06.01.2018 07:00 - 06.01.2018 08:00 (CET/CEST)","421","n/e","n/e","140","80","22","n/e","n/e","n/e","n/e","n/e","n/e","n/e","n/e","n/e","n/e","n/e","0","72","40","65"
"BZN|DK2","06.01.2018 08:00 - 06.01.2018 09:00 (CET/CEST)","443","n/e","n/e","149","101","22","n/e","n/e","n/e","n/e","n/e","n/e","n/e","n/e","n/e","n/e","n/e","1","72","68","70"
"BZN|DK2","06.01.2018 09:00 - 06.01.2018 10:00 (CET/CEST)","482","n/e","n/e","152","194","23","n/e","n/e","n/e","n/e","n/e","n/e","n/e","n/e","n/e","n/e","n/e","2","72","118","85"
"BZN|DK2","06.01.2018 10:00 - 06.01.2018 11:00 (CET/CEST)","493","n/e","n/e","153","171","23","n/e","n/e","n/e","n/e","n/e","n/e","n/e","n/e","n/e","n/e","n/e","14","65","130","82"
"BZN|DK2","06.01.2018 11:00 - 06.01.2018 12:00 (CET/CEST)","493","n/e","n/e","199","179","24","n/e","n/e","n/e","n/e","n/e","n/e","n/e","n/e","n/e","n/e","n/e","24","54","66","73"
"BZN|DK2","06.01.2018 12:00 - 06.01.2018 13:00 (CET/CEST)","493","n/e","n/e","211","183","22","n/e","n/e","n/e","n/e","n/e","n/e","n/e","n/e","n/e","n/e","n/e","28","54","46","78"
"BZN|DK2","06.01.2018 13:00 - 06.01.2018 14:00 (CET/CEST)","490","n/e","n/e","212","189","23","n/e","n/e","n/e","n/e","n/e","n/e","n/e","n/e","n/e","n/e","n/e","24","53","55","108"
"BZN|DK2","06.01.2018 14:00 - 06.01.2018 15:00 (CET/CEST)","465","n/e","n/e","214","207","20","n/e","n/e","n/e","n/e","n/e","n/e","n/e","n/e","n/e","n/e","n/e","16","52","62","124"
"BZN|DK2","06.01.2018 15:00 - 06.01.2018 16:00 (CET/CEST)","451","n/e","n/e","214","207","20","n/e","n/e","n/e","n/e","n/e","n/e","n/e","n/e","n/e","n/e","n/e","6","52","43","124"
"BZN|DK2","06.01.2018 16:00 - 06.01.2018 17:00 (CET/CEST)","489","n/e","n/e","227","136","21","n/e","n/e","n/e","n/e","n/e","n/e","n/e","n/e","n/e","n/e","n/e","1","51","41","137"
"BZN|DK2","06.01.2018 17:00 - 06.01.2018 18:00 (CET/CEST)","493","n/e","n/e","260","157","24","n/e","n/e","n/e","n/e","n/e","n/e","n/e","n/e","n/e","n/e","n/e","0","51","57","151"
"BZN|DK2","06.01.2018 18:00 - 06.01.2018 19:00 (CET/CEST)","492","n/e","n/e","228","108","23","n/e","n/e","n/e","n/e","n/e","n/e","n/e","n/e","n/e","n/e","n/e","0","52","100","163"
"BZN|DK2","06.01.2018 19:00 - 06.01.2018 20:00 (CET/CEST)","465","n/e","n/e","201","88","20","n/e","n/e","n/e","n/e","n/e","n/e","n/e","n/e","n/e","n/e","n/e","0","52","145","187"
"BZN|DK2","06.01.2018 20:00 - 06.01.2018 21:00 (CET/CEST)","443","n/e","n/e","199","82","20","n/e","n/e","n/e","n/e","n/e","n/e","n/e","n/e","n/e","n/e","n/e","0","52","172","204"
"BZN|DK2","06.01.2018 21:00 - 06.01.2018 22:00 (CET/CEST)","447","n/e","n/e","197","86","19","n/e","n/e","n/e","n/e","n/e","n/e","n/e","n/e","n/e","n/e","n/e","0","51","128","198"
"BZN|DK2","06.01.2018 22:00 - 06.01.2018 23:00 (CET/CEST)","444","n/e","n/e","196","83","19","n/e","n/e","n/e","n/e","n/e","n/e","n/e","n/e","n/e","n/e","n/e","0","50","159","176"
"BZN|DK2","06.01.2018 23:00 - 07.01.2018 00:00 (CET/CEST)","423","n/e","n/e","196","80","18","n/e","n/e","n/e","n/e","n/e","n/e","n/e","n/e","n/e","n/e","n/e","0","49","169","147"
"BZN|DK2","07.01.2018 00:00 - 07.01.2018 01:00 (CET/CEST)","442","n/e","n/e","187","89","11","n/e","n/e","n/e","n/e","n/e","n/e","n/e","n/e","n/e","n/e","n/e","0","50","145","129"
"BZN|DK2","07.01.2018 01:00 - 07.01.2018 02:00 (CET/CEST)","424","n/e","n/e","187","93","9","n/e","n/e","n/e","n/e","n/e","n/e","n/e","n/e","n/e","n/e","n/e","0","50","107","119"
"BZN|DK2","07.01.2018 02:00 - 07.01.2018 03:00 (CET/CEST)","433","n/e","n/e","187","93","9","n/e","n/e","n/e","n/e","n/e","n/e","n/e","n/e","n/e","n/e","n/e","0","49","102","113"
"BZN|DK2","07.01.2018 03:00 - 07.01.2018 04:00 (CET/CEST)","422","n/e","n/e","185","90","9","n/e","n/e","n/e","n/e","n/e","n/e","n/e","n/e","n/e","n/e","n/e","0","49","127","105"
"BZN|DK2","07.01.2018 04:00 - 07.01.2018 05:00 (CET/CEST)","424","n/e","n/e","186","89","9","n/e","n/e","n/e","n/e","n/e","n/e","n/e","n/e","n/e","n/e","n/e","0","49","114","98"
"BZN|DK2","07.01.2018 05:00 - 07.01.2018 06:00 (CET/CEST)","392","n/e","n/e","188","87","9","n/e","n/e","n/e","n/e","n/e","n/e","n/e","n/e","n/e","n/e","n/e","0","49","80","82"
"BZN|DK2","07.01.2018 06:00 - 07.01.2018 07:00 (CET/CEST)","389","n/e","n/e","190","92","9","n/e","n/e","n/e","n/e","n/e","n/e","n/e","n/e","n/e","n/e","n/e","0","50","48","70"
"BZN|DK2","07.01.2018 07:00 - 07.01.2018 08:00 (CET/CEST)","385","n/e","n/e","190","89","13","n/e","n/e","n/e","n/e","n/e","n/e","n/e","n/e","n/e","n/e","n/e","0","50","28","66"
"BZN|DK2","07.01.2018 08:00 - 07.01.2018 09:00 (CET/CEST)","423","n/e","n/e","199","88","20","n/e","n/e","n/e","n/e","n/e","n/e","n/e","n/e","n/e","n/e","n/e","1","49","22","65"
"BZN|DK2","07.01.2018 09:00 - 07.01.2018 10:00 (CET/CEST)","390","n/e","n/e","200","84","20","n/e","n/e","n/e","n/e","n/e","n/e","n/e","n/e","n/e","n/e","n/e","18","49","28","64"
"BZN|DK2","07.01.2018 10:00 - 07.01.2018 11:00 (CET/CEST)","474","n/e","n/e","206","93","22","n/e","n/e","n/e","n/e","n/e","n/e","n/e","n/e","n/e","n/e","n/e","44","50","42","64"
"BZN|DK2","07.01.2018 11:00 - 07.01.2018 12:00 (CET/CEST)","476","n/e","n/e","208","115","22","n/e","n/e","n/e","n/e","n/e","n/e","n/e","n/e","n/e","n/e","n/e","65","50","18","63"
"BZN|DK2","07.01.2018 12:00 - 07.01.2018 13:00 (CET/CEST)","482","n/e","n/e","209","116","21","n/e","n/e","n/e","n/e","n/e","n/e","n/e","n/e","n/e","n/e","n/e","71","50","5","63"
"BZN|DK2","07.01.2018 13:00 - 07.01.2018 14:00 (CET/CEST)","483","n/e","n/e","210","133","21","n/e","n/e","n/e","n/e","n/e","n/e","n/e","n/e","n/e","n/e","n/e","60","51","0","64"
"BZN|DK2","07.01.2018 14:00 - 07.01.2018 15:00 (CET/CEST)","484","n/e","n/e","211","163","20","n/e","n/e","n/e","n/e","n/e","n/e","n/e","n/e","n/e","n/e","n/e","38","49","0","67"
"BZN|DK2","07.01.2018 15:00 - 07.01.2018 16:00 (CET/CEST)","482","n/e","n/e","224","147","22","n/e","n/e","n/e","n/e","n/e","n/e","n/e","n/e","n/e","n/e","n/e","12","50","0","73"
"BZN|DK2","07.01.2018 16:00 - 07.01.2018 17:00 (CET/CEST)","481","n/e","n/e","219","164","23","n/e","n/e","n/e","n/e","n/e","n/e","n/e","n/e","n/e","n/e","n/e","1","49","1","81"
"BZN|DK2","07.01.2018 17:00 - 07.01.2018 18:00 (CET/CEST)","481","n/e","n/e","217","165","26","n/e","n/e","n/e","n/e","n/e","n/e","n/e","n/e","n/e","n/e","n/e","0","49","2","83"
"BZN|DK2","07.01.2018 18:00 - 07.01.2018 19:00 (CET/CEST)","481","n/e","n/e","217","162","26","n/e","n/e","n/e","n/e","n/e","n/e","n/e","n/e","n/e","n/e","n/e","0","50","3","81"
"BZN|DK2","07.01.2018 19:00 - 07.01.2018 20:00 (CET/CEST)","482","n/e","n/e","215","146","22","n/e","n/e","n/e","n/e","n/e","n/e","n/e","n/e","n/e","n/e","n/e","0","50","8","81"
"BZN|DK2","07.01.2018 20:00 - 07.01.2018 21:00 (CET/CEST)","478","n/e","n/e","215","87","20","n/e","n/e","n/e","n/e","n/e","n/e","n/e","n/e","n/e","n/e","n/e","0","50","2","81"
"BZN|DK2","07.01.2018 21:00 - 07.01.2018 22:00 (CET/CEST)","476","n/e","n/e","213","85","20","n/e","n/e","n/e","n/e","n/e","n/e","n/e","n/e","n/e","n/e","n/e","0","50","2","85"
"BZN|DK2","07.01.2018 22:00 - 07.01.2018 23:00 (CET/CEST)","480","n/e","n/e","154","85","20","n/e","n/e","n/e","n/e","n/e","n/e","n/e","n/e","n/e","n/e","n/e","0","50","2","81"
"BZN|DK2","07.01.2018 23:00 - 08.01.2018 00:00 (CET/CEST)","475","n/e","n/e","153","83","20","n/e","n/e","n/e","n/e","n/e","n/e","n/e","n/e","n/e","n/e","n/e","0","49","2","87"
"BZN|DK2","08.01.2018 00:00 - 08.01.2018 01:00 (CET/CEST)","477","n/e","n/e","151","82","19","n/e","n/e","n/e","n/e","n/e","n/e","n/e","n/e","n/e","n/e","n/e","0","50","2","87"
"BZN|DK2","08.01.2018 01:00 - 08.01.2018 02:00 (CET/CEST)","478","n/e","n/e","151","82","19","n/e","n/e","n/e","n/e","n/e","n/e","n/e","n/e","n/e","n/e","n/e","0","48","2","90"
"BZN|DK2","08.01.2018 02:00 - 08.01.2018 03:00 (CET/CEST)","481","n/e","n/e","150","83","19","n/e","n/e","n/e","n/e","n/e","n/e","n/e","n/e","n/e","n/e","n/e","0","48","3","87"
"BZN|DK2","08.01.2018 03:00 - 08.01.2018 04:00 (CET/CEST)","478","n/e","n/e","150","84","19","n/e","n/e","n/e","n/e","n/e","n/e","n/e","n/e","n/e","n/e","n/e","0","48","2","85"
"BZN|DK2","08.01.2018 04:00 - 08.01.2018 05:00 (CET/CEST)","479","n/e","n/e","150","81","19","n/e","n/e","n/e","n/e","n/e","n/e","n/e","n/e","n/e","n/e","n/e","0","49","3","84"
"BZN|DK2","08.01.2018 05:00 - 08.01.2018 06:00 (CET/CEST)","430","n/e","n/e","151","77","19","n/e","n/e","n/e","n/e","n/e","n/e","n/e","n/e","n/e","n/e","n/e","0","49","2","82"
"BZN|DK2","08.01.2018 06:00 - 08.01.2018 07:00 (CET/CEST)","435","n/e","n/e","155","81","19","n/e","n/e","n/e","n/e","n/e","n/e","n/e","n/e","n/e","n/e","n/e","0","49","2","84"
"BZN|DK2","08.01.2018 07:00 - 08.01.2018 08:00 (CET/CEST)","433","n/e","n/e","178","118","19","n/e","n/e","n/e","n/e","n/e","n/e","n/e","n/e","n/e","n/e","n/e","0","49","2","81"
"BZN|DK2","08.01.2018 08:00 - 08.01.2018 09:00 (CET/CEST)","435","n/e","n/e","227","185","20","n/e","n/e","n/e","n/e","n/e","n/e","n/e","n/e","n/e","n/e","n/e","1","51","1","78"
"BZN|DK2","08.01.2018 09:00 - 08.01.2018 10:00 (CET/CEST)","440","n/e","n/e","257","287","19","n/e","n/e","n/e","n/e","n/e","n/e","n/e","n/e","n/e","n/e","n/e","16","50","1","74"
"BZN|DK2","08.01.2018 10:00 - 08.01.2018 11:00 (CET/CEST)","482","n/e","n/e","273","363","19","n/e","n/e","n/e","n/e","n/e","n/e","n/e","n/e","n/e","n/e","n/e","40","47","1","73"
"BZN|DK2","08.01.2018 11:00 - 08.01.2018 12:00 (CET/CEST)","472","n/e","n/e","258","379","18","n/e","n/e","n/e","n/e","n/e","n/e","n/e","n/e","n/e","n/e","n/e","59","46","2","72"
"BZN|DK2","08.01.2018 12:00 - 08.01.2018 13:00 (CET/CEST)","478","n/e","n/e","256","447","19","n/e","n/e","n/e","n/e","n/e","n/e","n/e","n/e","n/e","n/e","n/e","66","49","2","71"
"BZN|DK2","08.01.2018 13:00 - 08.01.2018 14:00 (CET/CEST)","434","n/e","n/e","256","443","20","n/e","n/e","n/e","n/e","n/e","n/e","n/e","n/e","n/e","n/e","n/e","57","50","3","70"
"BZN|DK2","08.01.2018 14:00 - 08.01.2018 15:00 (CET/CEST)","436","n/e","n/e","250","431","21","n/e","n/e","n/e","n/e","n/e","n/e","n/e","n/e","n/e","n/e","n/e","35","50","6","71"
"BZN|DK2","08.01.2018 15:00 - 08.01.2018 16:00 (CET/CEST)","434","n/e","n/e","219","470","21","n/e","n/e","n/e","n/e","n/e","n/e","n/e","n/e","n/e","n/e","n/e","12","51","24","71"
"BZN|DK2","08.01.2018 16:00 - 08.01.2018 17:00 (CET/CEST)","441","n/e","n/e","220","504","22","n/e","n/e","n/e","n/e","n/e","n/e","n/e","n/e","n/e","n/e","n/e","1","50","48","72"
"BZN|DK2","08.01.2018 17:00 - 08.01.2018 18:00 (CET/CEST)","475","n/e","n/e","222","483","24","n/e","n/e","n/e","n/e","n/e","n/e","n/e","n/e","n/e","n/e","n/e","0","50","87","72"
"BZN|DK2","08.01.2018 18:00 - 08.01.2018 19:00 (CET/CEST)","472","n/e","n/e","219","430","23","n/e","n/e","n/e","n/e","n/e","n/e","n/e","n/e","n/e","n/e","n/e","0","50","122","73"
"BZN|DK2","08.01.2018 19:00 - 08.01.2018 20:00 (CET/CEST)","433","n/e","n/e","218","446","22","n/e","n/e","n/e","n/e","n/e","n/e","n/e","n/e","n/e","n/e","n/e","0","50","154","75"
"BZN|DK2","08.01.2018 20:00 - 08.01.2018 21:00 (CET/CEST)","431","n/e","n/e","216","403","22","n/e","n/e","n/e","n/e","n/e","n/e","n/e","n/e","n/e","n/e","n/e","0","50","220","77"
"BZN|DK2","08.01.2018 21:00 - 08.01.2018 22:00 (CET/CEST)","434","n/e","n/e","213","388","21","n/e","n/e","n/e","n/e","n/e","n/e","n/e","n/e","n/e","n/e","n/e","0","49","275","80"
"BZN|DK2","08.01.2018 22:00 - 08.01.2018 23:00 (CET/CEST)","438","n/e","n/e","211","386","21","n/e","n/e","n/e","n/e","n/e","n/e","n/e","n/e","n/e","n/e","n/e","0","47","270","86"
"BZN|DK2","08.01.2018 23:00 - 09.01.2018 00:00 (CET/CEST)","440","n/e","n/e","197","384","20","n/e","n/e","n/e","n/e","n/e","n/e","n/e","n/e","n/e","n/e","n/e","0","47","263","90"
"BZN|DK2","09.01.2018 00:00 - 09.01.2018 01:00 (CET/CEST)","471","n/e","n/e","146","381","20","n/e","n/e","n/e","n/e","n/e","n/e","n/e","n/e","n/e","n/e","n/e","0","39","255","92"
"BZN|DK2","09.01.2018 01:00 - 09.01.2018 02:00 (CET/CEST)","458","n/e","n/e","139","381","20","n/e","n/e","n/e","n/e","n/e","n/e","n/e","n/e","n/e","n/e","n/e","0","36","300","98"
"BZN|DK2","09.01.2018 02:00 - 09.01.2018 03:00 (CET/CEST)","456","n/e","n/e","135","345","19","n/e","n/e","n/e","n/e","n/e","n/e","n/e","n/e","n/e","n/e","n/e","0","36","312","105"
"BZN|DK2","09.01.2018 03:00 - 09.01.2018 04:00 (CET/CEST)","461","n/e","n/e","134","329","19","n/e","n/e","n/e","n/e","n/e","n/e","n/e","n/e","n/e","n/e","n/e","0","36","332","112"
"BZN|DK2","09.01.2018 04:00 - 09.01.2018 05:00 (CET/CEST)","460","n/e","n/e","134","332","19","n/e","n/e","n/e","n/e","n/e","n/e","n/e","n/e","n/e","n/e","n/e","0","36","324","110"
"BZN|DK2","09.01.2018 05:00 - 09.01.2018 06:00 (CET/CEST)","464","n/e","n/e","134","336","19","n/e","n/e","n/e","n/e","n/e","n/e","n/e","n/e","n/e","n/e","n/e","0","35","346","119"
"BZN|DK2","09.01.2018 06:00 - 09.01.2018 07:00 (CET/CEST)","436","n/e","n/e","149","347","23","n/e","n/e","n/e","n/e","n/e","n/e","n/e","n/e","n/e","n/e","n/e","0","36","359","122"
"BZN|DK2","09.01.2018 07:00 - 09.01.2018 08:00 (CET/CEST)","436","n/e","n/e","179","307","27","n/e","n/e","n/e","n/e","n/e","n/e","n/e","n/e","n/e","n/e","n/e","0","35","360","133"
"BZN|DK2","09.01.2018 08:00 - 09.01.2018 09:00 (CET/CEST)","435","n/e","n/e","192","374","27","n/e","n/e","n/e","n/e","n/e","n/e","n/e","n/e","n/e","n/e","n/e","2","36","359","123"
"BZN|DK2","09.01.2018 09:00 - 09.01.2018 10:00 (CET/CEST)","433","n/e","n/e","194","347","25","n/e","n/e","n/e","n/e","n/e","n/e","n/e","n/e","n/e","n/e","n/e","19","35","366","243"
"BZN|DK2","09.01.2018 10:00 - 09.01.2018 11:00 (CET/CEST)","475","n/e","n/e","201","318","25","n/e","n/e","n/e","n/e","n/e","n/e","n/e","n/e","n/e","n/e","n/e","42","37","366","396"
"BZN|DK2","09.01.2018 11:00 - 09.01.2018 12:00 (CET/CEST)","486","n/e","n/e","203","321","24","n/e","n/e","n/e","n/e","n/e","n/e","n/e","n/e","n/e","n/e","n/e","64","36","366","401"
"BZN|DK2","09.01.2018 12:00 - 09.01.2018 13:00 (CET/CEST)","482","n/e","n/e","203","318","24","n/e","n/e","n/e","n/e","n/e","n/e","n/e","n/e","n/e","n/e","n/e","62","37","366","402"
"BZN|DK2","09.01.2018 13:00 - 09.01.2018 14:00 (CET/CEST)","472","n/e","n/e","204","320","24","n/e","n/e","n/e","n/e","n/e","n/e","n/e","n/e","n/e","n/e","n/e","40","37","367","401"
"BZN|DK2","09.01.2018 14:00 - 09.01.2018 15:00 (CET/CEST)","463","n/e","n/e","212","316","24","n/e","n/e","n/e","n/e","n/e","n/e","n/e","n/e","n/e","n/e","n/e","25","37","367","391"
"BZN|DK2","09.01.2018 15:00 - 09.01.2018 16:00 (CET/CEST)","474","n/e","n/e","203","316","24","n/e","n/e","n/e","n/e","n/e","n/e","n/e","n/e","n/e","n/e","n/e","10","37","366","385"
"BZN|DK2","09.01.2018 16:00 - 09.01.2018 17:00 (CET/CEST)","480","n/e","n/e","203","314","24","n/e","n/e","n/e","n/e","n/e","n/e","n/e","n/e","n/e","n/e","n/e","1","37","367","366"
"BZN|DK2","09.01.2018 17:00 - 09.01.2018 18:00 (CET/CEST)","473","n/e","n/e","203","316","27","n/e","n/e","n/e","n/e","n/e","n/e","n/e","n/e","n/e","n/e","n/e","0","36","364","354"
"BZN|DK2","09.01.2018 18:00 - 09.01.2018 19:00 (CET/CEST)","477","n/e","n/e","203","313","25","n/e","n/e","n/e","n/e","n/e","n/e","n/e","n/e","n/e","n/e","n/e","0","37","362","336"
"BZN|DK2","09.01.2018 19:00 - 09.01.2018 20:00 (CET/CEST)","475","n/e","n/e","202","313","24","n/e","n/e","n/e","n/e","n/e","n/e","n/e","n/e","n/e","n/e","n/e","0","37","355","309"
"BZN|DK2","09.01.2018 20:00 - 09.01.2018 21:00 (CET/CEST)","473","n/e","n/e","200","310","24","n/e","n/e","n/e","n/e","n/e","n/e","n/e","n/e","n/e","n/e","n/e","0","37","351","297"
"BZN|DK2","09.01.2018 21:00 - 09.01.2018 22:00 (CET/CEST)","479","n/e","n/e","145","313","23","n/e","n/e","n/e","n/e","n/e","n/e","n/e","n/e","n/e","n/e","n/e","0","37","323","272"
"BZN|DK2","09.01.2018 22:00 - 09.01.2018 23:00 (CET/CEST)","478","n/e","n/e","135","321","22","n/e","n/e","n/e","n/e","n/e","n/e","n/e","n/e","n/e","n/e","n/e","0","37","273","234"
"BZN|DK2","09.01.2018 23:00 - 10.01.2018 00:00 (CET/CEST)","444","n/e","n/e","135","313","22","n/e","n/e","n/e","n/e","n/e","n/e","n/e","n/e","n/e","n/e","n/e","0","37","251","234"
"BZN|DK2","10.01.2018 00:00 - 10.01.2018 01:00 (CET/CEST)","408","n/e","n/e","133","309","21","n/e","n/e","n/e","n/e","n/e","n/e","n/e","n/e","n/e","n/e","n/e","0","38","265","220"
"BZN|DK2","10.01.2018 01:00 - 10.01.2018 02:00 (CET/CEST)","414","n/e","n/e","133","307","21","n/e","n/e","n/e","n/e","n/e","n/e","n/e","n/e","n/e","n/e","n/e","0","37","198","190"
"BZN|DK2","10.01.2018 02:00 - 10.01.2018 03:00 (CET/CEST)","395","n/e","n/e","134","306","21","n/e","n/e","n/e","n/e","n/e","n/e","n/e","n/e","n/e","n/e","n/e","0","37","128","152"
"BZN|DK2","10.01.2018 03:00 - 10.01.2018 04:00 (CET/CEST)","401","n/e","n/e","133","305","21","n/e","n/e","n/e","n/e","n/e","n/e","n/e","n/e","n/e","n/e","n/e","0","37","97","135"
"BZN|DK2","10.01.2018 04:00 - 10.01.2018 05:00 (CET/CEST)","412","n/e","n/e","132","306","22","n/e","n/e","n/e","n/e","n/e","n/e","n/e","n/e","n/e","n/e","n/e","0","37","45","103"
"BZN|DK2","10.01.2018 05:00 - 10.01.2018 06:00 (CET/CEST)","471","n/e","n/e","132","307","23","n/e","n/e","n/e","n/e","n/e","n/e","n/e","n/e","n/e","n/e","n/e","0","37","72","95"
"BZN|DK2","10.01.2018 06:00 - 10.01.2018 07:00 (CET/CEST)","501","n/e","n/e","140","324","24","n/e","n/e","n/e","n/e","n/e","n/e","n/e","n/e","n/e","n/e","n/e","0","43","66","87"
"BZN|DK2","10.01.2018 07:00 - 10.01.2018 08:00 (CET/CEST)","552","n/e","n/e","192","402","30","n/e","n/e","n/e","n/e","n/e","n/e","n/e","n/e","n/e","n/e","n/e","0","45","60","64"
"BZN|DK2","10.01.2018 08:00 - 10.01.2018 09:00 (CET/CEST)","594","n/e","n/e","219","604","33","n/e","n/e","n/e","n/e","n/e","n/e","n/e","n/e","n/e","n/e","n/e","0","45","43","62"
"BZN|DK2","10.01.2018 09:00 - 10.01.2018 10:00 (CET/CEST)","565","n/e","n/e","238","514","32","n/e","n/e","n/e","n/e","n/e","n/e","n/e","n/e","n/e","n/e","n/e","2","46","31","51"
"BZN|DK2","10.01.2018 10:00 - 10.01.2018 11:00 (CET/CEST)","534","n/e","n/e","219","436","37","n/e","n/e","n/e","n/e","n/e","n/e","n/e","n/e","n/e","n/e","n/e","6","45","36","60"
"BZN|DK2","10.01.2018 11:00 - 10.01.2018 12:00 (CET/CEST)","577","n/e","n/e","217","437","30","n/e","n/e","n/e","n/e","n/e","n/e","n/e","n/e","n/e","n/e","n/e","7","45","32","59"
"BZN|DK2","10.01.2018 12:00 - 10.01.2018 13:00 (CET/CEST)","577","n/e","n/e","221","392","30","n/e","n/e","n/e","n/e","n/e","n/e","n/e","n/e","n/e","n/e","n/e","13","45","6","52"
"BZN|DK2","10.01.2018 13:00 - 10.01.2018 14:00 (CET/CEST)","589","n/e","n/e","230","389","27","n/e","n/e","n/e","n/e","n/e","n/e","n/e","n/e","n/e","n/e","n/e","19","45","56","41"
"BZN|DK2","10.01.2018 14:00 - 10.01.2018 15:00 (CET/CEST)","598","n/e","n/e","217","431","27","n/e","n/e","n/e","n/e","n/e","n/e","n/e","n/e","n/e","n/e","n/e","13","49","45","63"
"BZN|DK2","10.01.2018 15:00 - 10.01.2018 16:00 (CET/CEST)","586","n/e","n/e","213","494","28","n/e","n/e","n/e","n/e","n/e","n/e","n/e","n/e","n/e","n/e","n/e","4","47","31","70"
"BZN|DK2","10.01.2018 16:00 - 10.01.2018 17:00 (CET/CEST)","573","n/e","n/e","214","503","31","n/e","n/e","n/e","n/e","n/e","n/e","n/e","n/e","n/e","n/e","n/e","0","55","33","70"
"BZN|DK2","10.01.2018 17:00 - 10.01.2018 18:00 (CET/CEST)","586","n/e","n/e","225","544","34","n/e","n/e","n/e","n/e","n/e","n/e","n/e","n/e","n/e","n/e","n/e","0","63","43","73"
"BZN|DK2","10.01.2018 18:00 - 10.01.2018 19:00 (CET/CEST)","600","n/e","n/e","217","419","33","n/e","n/e","n/e","n/e","n/e","n/e","n/e","n/e","n/e","n/e","n/e","0","62","37","65"
"BZN|DK2","10.01.2018 19:00 - 10.01.2018 20:00 (CET/CEST)","554","n/e","n/e","213","386","29","n/e","n/e","n/e","n/e","n/e","n/e","n/e","n/e","n/e","n/e","n/e","0","62","16","53"
"BZN|DK2","10.01.2018 20:00 - 10.01.2018 21:00 (CET/CEST)","546","n/e","n/e","165","433","26","n/e","n/e","n/e","n/e","n/e","n/e","n/e","n/e","n/e","n/e","n/e","0","62","23","51"
"BZN|DK2","10.01.2018 21:00 - 10.01.2018 22:00 (CET/CEST)","557","n/e","n/e","140","361","24","n/e","n/e","n/e","n/e","n/e","n/e","n/e","n/e","n/e","n/e","n/e","0","62","31","53"
"BZN|DK2","10.01.2018 22:00 - 10.01.2018 23:00 (CET/CEST)","526","n/e","n/e","139","305","23","n/e","n/e","n/e","n/e","n/e","n/e","n/e","n/e","n/e","n/e","n/e","0","62","21","42"
"BZN|DK2","10.01.2018 23:00 - 11.01.2018 00:00 (CET/CEST)","512","n/e","n/e","138","301","22","n/e","n/e","n/e","n/e","n/e","n/e","n/e","n/e","n/e","n/e","n/e","0","61","6","41"
"BZN|DK2","11.01.2018 00:00 - 11.01.2018 01:00 (CET/CEST)","435","n/e","n/e","139","300","21","n/e","n/e","n/e","n/e","n/e","n/e","n/e","n/e","n/e","n/e","n/e","0","61","1","39"
"BZN|DK2","11.01.2018 01:00 - 11.01.2018 02:00 (CET/CEST)","423","n/e","n/e","138","299","21","n/e","n/e","n/e","n/e","n/e","n/e","n/e","n/e","n/e","n/e","n/e","0","62","1","39"
"BZN|DK2","11.01.2018 02:00 - 11.01.2018 03:00 (CET/CEST)","422","n/e","n/e","137","299","21","n/e","n/e","n/e","n/e","n/e","n/e","n/e","n/e","n/e","n/e","n/e","0","61","7","39"
"BZN|DK2","11.01.2018 03:00 - 11.01.2018 04:00 (CET/CEST)","387","n/e","n/e","138","297","21","n/e","n/e","n/e","n/e","n/e","n/e","n/e","n/e","n/e","n/e","n/e","0","62","24","46"
"BZN|DK2","11.01.2018 04:00 - 11.01.2018 05:00 (CET/CEST)","391","n/e","n/e","138","300","22","n/e","n/e","n/e","n/e","n/e","n/e","n/e","n/e","n/e","n/e","n/e","0","62","25","44"
"BZN|DK2","11.01.2018 05:00 - 11.01.2018 06:00 (CET/CEST)","494","n/e","n/e","137","305","23","n/e","n/e","n/e","n/e","n/e","n/e","n/e","n/e","n/e","n/e","n/e","0","62","26","42"
"BZN|DK2","11.01.2018 06:00 - 11.01.2018 07:00 (CET/CEST)","538","n/e","n/e","142","387","25","n/e","n/e","n/e","n/e","n/e","n/e","n/e","n/e","n/e","n/e","n/e","0","62","7","37"
"BZN|DK2","11.01.2018 07:00 - 11.01.2018 08:00 (CET/CEST)","563","n/e","n/e","191","492","73","n/e","n/e","n/e","n/e","n/e","n/e","n/e","n/e","n/e","n/e","n/e","0","62","8","35"
"BZN|DK2","11.01.2018 08:00 - 11.01.2018 09:00 (CET/CEST)","539","n/e","n/e","227","416","93","n/e","n/e","n/e","n/e","n/e","n/e","n/e","n/e","n/e","n/e","n/e","0","62","2","34"
"BZN|DK2","11.01.2018 09:00 - 11.01.2018 10:00 (CET/CEST)","526","n/e","n/e","219","424","93","n/e","n/e","n/e","n/e","n/e","n/e","n/e","n/e","n/e","n/e","n/e","2","51","1","37"
"BZN|DK2","11.01.2018 10:00 - 11.01.2018 11:00 (CET/CEST)","569","n/e","n/e","221","457","92","n/e","n/e","n/e","n/e","n/e","n/e","n/e","n/e","n/e","n/e","n/e","7","56","19","34"
"BZN|DK2","11.01.2018 11:00 - 11.01.2018 12:00 (CET/CEST)","607","n/e","n/e","253","497","92","n/e","n/e","n/e","n/e","n/e","n/e","n/e","n/e","n/e","n/e","n/e","12","61","46","47"
"BZN|DK2","11.01.2018 12:00 - 11.01.2018 13:00 (CET/CEST)","605","n/e","n/e","247","492","210","n/e","n/e","n/e","n/e","n/e","n/e","n/e","n/e","n/e","n/e","n/e","11","63","57","75"
"BZN|DK2","11.01.2018 13:00 - 11.01.2018 14:00 (CET/CEST)","594","n/e","n/e","247","496","292","n/e","n/e","n/e","n/e","n/e","n/e","n/e","n/e","n/e","n/e","n/e","10","62","96","100"
"BZN|DK2","11.01.2018 14:00 - 11.01.2018 15:00 (CET/CEST)","551","n/e","n/e","244","484","135","n/e","n/e","n/e","n/e","n/e","n/e","n/e","n/e","n/e","n/e","n/e","6","62","113","98"
"BZN|DK2","11.01.2018 15:00 - 11.01.2018 16:00 (CET/CEST)","577","n/e","n/e","246","483","27","n/e","n/e","n/e","n/e","n/e","n/e","n/e","n/e","n/e","n/e","n/e","2","61","100","91"
"BZN|DK2","11.01.2018 16:00 - 11.01.2018 17:00 (CET/CEST)","609","n/e","n/e","242","481","26","n/e","n/e","n/e","n/e","n/e","n/e","n/e","n/e","n/e","n/e","n/e","0","61","108","93"
"BZN|DK2","11.01.2018 17:00 - 11.01.2018 18:00 (CET/CEST)","608","n/e","n/e","249","492","25","n/e","n/e","n/e","n/e","n/e","n/e","n/e","n/e","n/e","n/e","n/e","0","57","124","106"
"BZN|DK2","11.01.2018 18:00 - 11.01.2018 19:00 (CET/CEST)","615","n/e","n/e","236","476","25","n/e","n/e","n/e","n/e","n/e","n/e","n/e","n/e","n/e","n/e","n/e","0","58","104","120"
"BZN|DK2","11.01.2018 19:00 - 11.01.2018 20:00 (CET/CEST)","599","n/e","n/e","212","391","23","n/e","n/e","n/e","n/e","n/e","n/e","n/e","n/e","n/e","n/e","n/e","0","57","148","134"
"BZN|DK2","11.01.2018 20:00 - 11.01.2018 21:00 (CET/CEST)","551","n/e","n/e","202","321","22","n/e","n/e","n/e","n/e","n/e","n/e","n/e","n/e","n/e","n/e","n/e","0","57","117","121"
"BZN|DK2","11.01.2018 21:00 - 11.01.2018 22:00 (CET/CEST)","505","n/e","n/e","147","295","22","n/e","n/e","n/e","n/e","n/e","n/e","n/e","n/e","n/e","n/e","n/e","0","57","139","139"
"BZN|DK2","11.01.2018 22:00 - 11.01.2018 23:00 (CET/CEST)","532","n/e","n/e","137","295","22","n/e","n/e","n/e","n/e","n/e","n/e","n/e","n/e","n/e","n/e","n/e","0","57","148","151"
"BZN|DK2","11.01.2018 23:00 - 12.01.2018 00:00 (CET/CEST)","434","n/e","n/e","134","287","21","n/e","n/e","n/e","n/e","n/e","n/e","n/e","n/e","n/e","n/e","n/e","0","56","179","155"
"BZN|DK2","12.01.2018 00:00 - 12.01.2018 01:00 (CET/CEST)","463","n/e","n/e","131","330","20","n/e","n/e","n/e","n/e","n/e","n/e","n/e","n/e","n/e","n/e","n/e","0","53","147","146"
"BZN|DK2","12.01.2018 01:00 - 12.01.2018 02:00 (CET/CEST)","427","n/e","n/e","134","275","21","n/e","n/e","n/e","n/e","n/e","n/e","n/e","n/e","n/e","n/e","n/e","0","53","132","172"
"BZN|DK2","12.01.2018 02:00 - 12.01.2018 03:00 (CET/CEST)","418","n/e","n/e","136","284","15","n/e","n/e","n/e","n/e","n/e","n/e","n/e","n/e","n/e","n/e","n/e","0","53","149","170"
"BZN|DK2","12.01.2018 03:00 - 12.01.2018 04:00 (CET/CEST)","426","n/e","n/e","136","282","11","n/e","n/e","n/e","n/e","n/e","n/e","n/e","n/e","n/e","n/e","n/e","0","53","179","170"
"BZN|DK2","12.01.2018 04:00 - 12.01.2018 05:00 (CET/CEST)","422","n/e","n/e","135","284","11","n/e","n/e","n/e","n/e","n/e","n/e","n/e","n/e","n/e","n/e","n/e","0","53","212","178"
"BZN|DK2","12.01.2018 05:00 - 12.01.2018 06:00 (CET/CEST)","428","n/e","n/e","135","283","11","n/e","n/e","n/e","n/e","n/e","n/e","n/e","n/e","n/e","n/e","n/e","0","54","222","208"
"BZN|DK2","12.01.2018 06:00 - 12.01.2018 07:00 (CET/CEST)","440","n/e","n/e","136","321","11","n/e","n/e","n/e","n/e","n/e","n/e","n/e","n/e","n/e","n/e","n/e","0","57","212","198"
"BZN|DK2","12.01.2018 07:00 - 12.01.2018 08:00 (CET/CEST)","523","n/e","n/e","167","452","13","n/e","n/e","n/e","n/e","n/e","n/e","n/e","n/e","n/e","n/e","n/e","0","57","183","196"
"BZN|DK2","12.01.2018 08:00 - 12.01.2018 09:00 (CET/CEST)","641","n/e","n/e","247","473","24","n/e","n/e","n/e","n/e","n/e","n/e","n/e","n/e","n/e","n/e","n/e","1","57","202","190"
"BZN|DK2","12.01.2018 09:00 - 12.01.2018 10:00 (CET/CEST)","515","n/e","n/e","251","464","23","n/e","n/e","n/e","n/e","n/e","n/e","n/e","n/e","n/e","n/e","n/e","3","57","221","168"
"BZN|DK2","12.01.2018 10:00 - 12.01.2018 11:00 (CET/CEST)","516","n/e","n/e","257","468","24","n/e","n/e","n/e","n/e","n/e","n/e","n/e","n/e","n/e","n/e","n/e","8","56","215","172"
"BZN|DK2","12.01.2018 11:00 - 12.01.2018 12:00 (CET/CEST)","589","n/e","n/e","314","506","22","n/e","n/e","n/e","n/e","n/e","n/e","n/e","n/e","n/e","n/e","n/e","12","57","279","189"
"BZN|DK2","12.01.2018 12:00 - 12.01.2018 13:00 (CET/CEST)","511","n/e","n/e","276","428","25","n/e","n/e","n/e","n/e","n/e","n/e","n/e","n/e","n/e","n/e","n/e","14","57","273","152"
"BZN|DK2","12.01.2018 13:00 - 12.01.2018 14:00 (CET/CEST)","512","n/e","n/e","279","416","25","n/e","n/e","n/e","n/e","n/e","n/e","n/e","n/e","n/e","n/e","n/e","14","57","130","131"
"BZN|DK2","12.01.2018 14:00 - 12.01.2018 15:00 (CET/CEST)","510","n/e","n/e","252","410","23","n/e","n/e","n/e","n/e","n/e","n/e","n/e","n/e","n/e","n/e","n/e","10","58","101","124"
"BZN|DK2","12.01.2018 15:00 - 12.01.2018 16:00 (CET/CEST)","517","n/e","n/e","227","394","22","n/e","n/e","n/e","n/e","n/e","n/e","n/e","n/e","n/e","n/e","n/e","3","56","129","119"
"BZN|DK2","12.01.2018 16:00 - 12.01.2018 17:00 (CET/CEST)","519","n/e","n/e","231","387","22","n/e","n/e","n/e","n/e","n/e","n/e","n/e","n/e","n/e","n/e","n/e","0","57","164","156"
"BZN|DK2","12.01.2018 17:00 - 12.01.2018 18:00 (CET/CEST)","519","n/e","n/e","230","413","22","n/e","n/e","n/e","n/e","n/e","n/e","n/e","n/e","n/e","n/e","n/e","0","56","151","175"
"BZN|DK2","12.01.2018 18:00 - 12.01.2018 19:00 (CET/CEST)","517","n/e","n/e","230","407","22","n/e","n/e","n/e","n/e","n/e","n/e","n/e","n/e","n/e","n/e","n/e","0","56","128","170"
"BZN|DK2","12.01.2018 19:00 - 12.01.2018 20:00 (CET/CEST)","528","n/e","n/e","225","359","22","n/e","n/e","n/e","n/e","n/e","n/e","n/e","n/e","n/e","n/e","n/e","0","56","228","185"
"BZN|DK2","12.01.2018 20:00 - 12.01.2018 21:00 (CET/CEST)","498","n/e","n/e","154","289","22","n/e","n/e","n/e","n/e","n/e","n/e","n/e","n/e","n/e","n/e","n/e","0","56","201","194"
"BZN|DK2","12.01.2018 21:00 - 12.01.2018 22:00 (CET/CEST)","504","n/e","n/e","136","287","22","n/e","n/e","n/e","n/e","n/e","n/e","n/e","n/e","n/e","n/e","n/e","0","55","196","163"
"BZN|DK2","12.01.2018 22:00 - 12.01.2018 23:00 (CET/CEST)","499","n/e","n/e","136","289","22","n/e","n/e","n/e","n/e","n/e","n/e","n/e","n/e","n/e","n/e","n/e","0","56","185","147"
"BZN|DK2","12.01.2018 23:00 - 13.01.2018 00:00 (CET/CEST)","490","n/e","n/e","136","289","22","n/e","n/e","n/e","n/e","n/e","n/e","n/e","n/e","n/e","n/e","n/e","0","57","168","149"
"BZN|DK2","13.01.2018 00:00 - 13.01.2018 01:00 (CET/CEST)","455","n/e","n/e","136","305","22","n/e","n/e","n/e","n/e","n/e","n/e","n/e","n/e","n/e","n/e","n/e","0","53","142","153"
"BZN|DK2","13.01.2018 01:00 - 13.01.2018 02:00 (CET/CEST)","459","n/e","n/e","135","305","22","n/e","n/e","n/e","n/e","n/e","n/e","n/e","n/e","n/e","n/e","n/e","0","53","146","140"
"BZN|DK2","13.01.2018 02:00 - 13.01.2018 03:00 (CET/CEST)","461","n/e","n/e","135","310","14","n/e","n/e","n/e","n/e","n/e","n/e","n/e","n/e","n/e","n/e","n/e","0","53","143","141"
"BZN|DK2","13.01.2018 03:00 - 13.01.2018 04:00 (CET/CEST)","454","n/e","n/e","134","300","11","n/e","n/e","n/e","n/e","n/e","n/e","n/e","n/e","n/e","n/e","n/e","0","53","176","172"
"BZN|DK2","13.01.2018 04:00 - 13.01.2018 05:00 (CET/CEST)","448","n/e","n/e","134","294","11","n/e","n/e","n/e","n/e","n/e","n/e","n/e","n/e","n/e","n/e","n/e","0","53","185","172"
"BZN|DK2","13.01.2018 05:00 - 13.01.2018 06:00 (CET/CEST)","456","n/e","n/e","135","309","11","n/e","n/e","n/e","n/e","n/e","n/e","n/e","n/e","n/e","n/e","n/e","0","53","191","182"
"BZN|DK2","13.01.2018 06:00 - 13.01.2018 07:00 (CET/CEST)","455","n/e","n/e","134","297","11","n/e","n/e","n/e","n/e","n/e","n/e","n/e","n/e","n/e","n/e","n/e","0","54","218","217"
"BZN|DK2","13.01.2018 07:00 - 13.01.2018 08:00 (CET/CEST)","465","n/e","n/e","135","308","13","n/e","n/e","n/e","n/e","n/e","n/e","n/e","n/e","n/e","n/e","n/e","0","53","210","201"
"BZN|DK2","13.01.2018 08:00 - 13.01.2018 09:00 (CET/CEST)","454","n/e","n/e","136","291","22","n/e","n/e","n/e","n/e","n/e","n/e","n/e","n/e","n/e","n/e","n/e","1","53","236","187"
"BZN|DK2","13.01.2018 09:00 - 13.01.2018 10:00 (CET/CEST)","471","n/e","n/e","136","298","22","n/e","n/e","n/e","n/e","n/e","n/e","n/e","n/e","n/e","n/e","n/e","2","52","217","191"
"BZN|DK2","13.01.2018 10:00 - 13.01.2018 11:00 (CET/CEST)","486","n/e","n/e","136","297","22","n/e","n/e","n/e","n/e","n/e","n/e","n/e","n/e","n/e","n/e","n/e","8","53","230","192"
"BZN|DK2","13.01.2018 11:00 - 13.01.2018 12:00 (CET/CEST)","485","n/e","n/e","141","300","23","n/e","n/e","n/e","n/e","n/e","n/e","n/e","n/e","n/e","n/e","n/e","12","53","245","183"
"BZN|DK2","13.01.2018 12:00 - 13.01.2018 13:00 (CET/CEST)","484","n/e","n/e","144","303","23","n/e","n/e","n/e","n/e","n/e","n/e","n/e","n/e","n/e","n/e","n/e","14","53","228","177"
"BZN|DK2","13.01.2018 13:00 - 13.01.2018 14:00 (CET/CEST)","478","n/e","n/e","145","296","23","n/e","n/e","n/e","n/e","n/e","n/e","n/e","n/e","n/e","n/e","n/e","14","52","202","159"
"BZN|DK2","13.01.2018 14:00 - 13.01.2018 15:00 (CET/CEST)","476","n/e","n/e","139","298","23","n/e","n/e","n/e","n/e","n/e","n/e","n/e","n/e","n/e","n/e","n/e","12","53","249","146"
"BZN|DK2","13.01.2018 15:00 - 13.01.2018 16:00 (CET/CEST)","485","n/e","n/e","137","304","23","n/e","n/e","n/e","n/e","n/e","n/e","n/e","n/e","n/e","n/e","n/e","5","53","269","158"
"BZN|DK2","13.01.2018 16:00 - 13.01.2018 17:00 (CET/CEST)","507","n/e","n/e","139","323","23","n/e","n/e","n/e","n/e","n/e","n/e","n/e","n/e","n/e","n/e","n/e","1","53","233","175"
"BZN|DK2","13.01.2018 17:00 - 13.01.2018 18:00 (CET/CEST)","508","n/e","n/e","138","312","23","n/e","n/e","n/e","n/e","n/e","n/e","n/e","n/e","n/e","n/e","n/e","0","53","239","185"
"BZN|DK2","13.01.2018 18:00 - 13.01.2018 19:00 (CET/CEST)","503","n/e","n/e","138","303","23","n/e","n/e","n/e","n/e","n/e","n/e","n/e","n/e","n/e","n/e","n/e","0","53","261","218"
"BZN|DK2","13.01.2018 19:00 - 13.01.2018 20:00 (CET/CEST)","458","n/e","n/e","137","298","23","n/e","n/e","n/e","n/e","n/e","n/e","n/e","n/e","n/e","n/e","n/e","0","53","283","237"
"BZN|DK2","13.01.2018 20:00 - 13.01.2018 21:00 (CET/CEST)","453","n/e","n/e","137","296","22","n/e","n/e","n/e","n/e","n/e","n/e","n/e","n/e","n/e","n/e","n/e","0","53","294","253"
"BZN|DK2","13.01.2018 21:00 - 13.01.2018 22:00 (CET/CEST)","452","n/e","n/e","142","301","22","n/e","n/e","n/e","n/e","n/e","n/e","n/e","n/e","n/e","n/e","n/e","0","53","282","246"
"BZN|DK2","13.01.2018 22:00 - 13.01.2018 23:00 (CET/CEST)","454","n/e","n/e","141","294","22","n/e","n/e","n/e","n/e","n/e","n/e","n/e","n/e","n/e","n/e","n/e","0","53","245","225"
"BZN|DK2","13.01.2018 23:00 - 14.01.2018 00:00 (CET/CEST)","446","n/e","n/e","142","287","22","n/e","n/e","n/e","n/e","n/e","n/e","n/e","n/e","n/e","n/e","n/e","0","53","218","183"
"BZN|DK2","14.01.2018 00:00 - 14.01.2018 01:00 (CET/CEST)","452","n/e","n/e","141","289","22","n/e","n/e","n/e","n/e","n/e","n/e","n/e","n/e","n/e","n/e","n/e","0","54","214","188"
"BZN|DK2","14.01.2018 01:00 - 14.01.2018 02:00 (CET/CEST)","443","n/e","n/e","142","289","22","n/e","n/e","n/e","n/e","n/e","n/e","n/e","n/e","n/e","n/e","n/e","0","53","203","193"
"BZN|DK2","14.01.2018 02:00 - 14.01.2018 03:00 (CET/CEST)","438","n/e","n/e","142","288","22","n/e","n/e","n/e","n/e","n/e","n/e","n/e","n/e","n/e","n/e","n/e","0","53","211","183"
"BZN|DK2","14.01.2018 03:00 - 14.01.2018 04:00 (CET/CEST)","446","n/e","n/e","138","289","22","n/e","n/e","n/e","n/e","n/e","n/e","n/e","n/e","n/e","n/e","n/e","0","53","224","169"
"BZN|DK2","14.01.2018 04:00 - 14.01.2018 05:00 (CET/CEST)","436","n/e","n/e","141","288","22","n/e","n/e","n/e","n/e","n/e","n/e","n/e","n/e","n/e","n/e","n/e","0","53","261","175"
"BZN|DK2","14.01.2018 05:00 - 14.01.2018 06:00 (CET/CEST)","433","n/e","n/e","141","288","22","n/e","n/e","n/e","n/e","n/e","n/e","n/e","n/e","n/e","n/e","n/e","0","53","280","181"
"BZN|DK2","14.01.2018 06:00 - 14.01.2018 07:00 (CET/CEST)","434","n/e","n/e","141","286","22","n/e","n/e","n/e","n/e","n/e","n/e","n/e","n/e","n/e","n/e","n/e","0","53","295","197"
"BZN|DK2","14.01.2018 07:00 - 14.01.2018 08:00 (CET/CEST)","440","n/e","n/e","141","288","22","n/e","n/e","n/e","n/e","n/e","n/e","n/e","n/e","n/e","n/e","n/e","0","53","276","208"
"BZN|DK2","14.01.2018 08:00 - 14.01.2018 09:00 (CET/CEST)","454","n/e","n/e","136","286","22","n/e","n/e","n/e","n/e","n/e","n/e","n/e","n/e","n/e","n/e","n/e","1","53","305","190"
"BZN|DK2","14.01.2018 09:00 - 14.01.2018 10:00 (CET/CEST)","453","n/e","n/e","133","284","22","n/e","n/e","n/e","n/e","n/e","n/e","n/e","n/e","n/e","n/e","n/e","3","53","325","212"
"BZN|DK2","14.01.2018 10:00 - 14.01.2018 11:00 (CET/CEST)","455","n/e","n/e","131","279","21","n/e","n/e","n/e","n/e","n/e","n/e","n/e","n/e","n/e","n/e","n/e","12","53","319","238"
"BZN|DK2","14.01.2018 11:00 - 14.01.2018 12:00 (CET/CEST)","457","n/e","n/e","137","287","22","n/e","n/e","n/e","n/e","n/e","n/e","n/e","n/e","n/e","n/e","n/e","19","53","302","229"
"BZN|DK2","14.01.2018 12:00 - 14.01.2018 13:00 (CET/CEST)","463","n/e","n/e","137","288","23","n/e","n/e","n/e","n/e","n/e","n/e","n/e","n/e","n/e","n/e","n/e","23","53","226","194"
"BZN|DK2","14.01.2018 13:00 - 14.01.2018 14:00 (CET/CEST)","464","n/e","n/e","139","299","23","n/e","n/e","n/e","n/e","n/e","n/e","n/e","n/e","n/e","n/e","n/e","22","53","205","172"
"BZN|DK2","14.01.2018 14:00 - 14.01.2018 15:00 (CET/CEST)","457","n/e","n/e","139","295","23","n/e","n/e","n/e","n/e","n/e","n/e","n/e","n/e","n/e","n/e","n/e","14","51","207","174"
"BZN|DK2","14.01.2018 15:00 - 14.01.2018 16:00 (CET/CEST)","459","n/e","n/e","137","291","23","n/e","n/e","n/e","n/e","n/e","n/e","n/e","n/e","n/e","n/e","n/e","5","52","248","198"
"BZN|DK2","14.01.2018 16:00 - 14.01.2018 17:00 (CET/CEST)","503","n/e","n/e","137","292","23","n/e","n/e","n/e","n/e","n/e","n/e","n/e","n/e","n/e","n/e","n/e","1","40","261","224"
"BZN|DK2","14.01.2018 17:00 - 14.01.2018 18:00 (CET/CEST)","508","n/e","n/e","136","289","22","n/e","n/e","n/e","n/e","n/e","n/e","n/e","n/e","n/e","n/e","n/e","0","35","241","243"
"BZN|DK2","14.01.2018 18:00 - 14.01.2018 19:00 (CET/CEST)","511","n/e","n/e","136","291","22","n/e","n/e","n/e","n/e","n/e","n/e","n/e","n/e","n/e","n/e","n/e","0","35","287","268"
"BZN|DK2","14.01.2018 19:00 - 14.01.2018 20:00 (CET/CEST)","491","n/e","n/e","136","290","21","n/e","n/e","n/e","n/e","n/e","n/e","n/e","n/e","n/e","n/e","n/e","0","37","293","283"
"BZN|DK2","14.01.2018 20:00 - 14.01.2018 21:00 (CET/CEST)","492","n/e","n/e","136","291","21","n/e","n/e","n/e","n/e","n/e","n/e","n/e","n/e","n/e","n/e","n/e","0","35","296","287"
"BZN|DK2","14.01.2018 21:00 - 14.01.2018 22:00 (CET/CEST)","475","n/e","n/e","136","289","21","n/e","n/e","n/e","n/e","n/e","n/e","n/e","n/e","n/e","n/e","n/e","0","35","330","274"
"BZN|DK2","14.01.2018 22:00 - 14.01.2018 23:00 (CET/CEST)","458","n/e","n/e","136","291","20","n/e","n/e","n/e","n/e","n/e","n/e","n/e","n/e","n/e","n/e","n/e","0","36","341","294"
"BZN|DK2","14.01.2018 23:00 - 15.01.2018 00:00 (CET/CEST)","460","n/e","n/e","135","282","20","n/e","n/e","n/e","n/e","n/e","n/e","n/e","n/e","n/e","n/e","n/e","0","35","356","292"
"BZN|DK2","15.01.2018 00:00 - 15.01.2018 01:00 (CET/CEST)","471","n/e","n/e","134","282","18","n/e","n/e","n/e","n/e","n/e","n/e","n/e","n/e","n/e","n/e","n/e","0","36","365","292"
"BZN|DK2","15.01.2018 01:00 - 15.01.2018 02:00 (CET/CEST)","471","n/e","n/e","134","282","11","n/e","n/e","n/e","n/e","n/e","n/e","n/e","n/e","n/e","n/e","n/e","0","36","367","301"
"BZN|DK2","15.01.2018 02:00 - 15.01.2018 03:00 (CET/CEST)","478","n/e","n/e","133","280","11","n/e","n/e","n/e","n/e","n/e","n/e","n/e","n/e","n/e","n/e","n/e","0","35","371","326"
"BZN|DK2","15.01.2018 03:00 - 15.01.2018 04:00 (CET/CEST)","466","n/e","n/e","133","281","11","n/e","n/e","n/e","n/e","n/e","n/e","n/e","n/e","n/e","n/e","n/e","0","35","372","329"
"BZN|DK2","15.01.2018 04:00 - 15.01.2018 05:00 (CET/CEST)","465","n/e","n/e","133","283","11","n/e","n/e","n/e","n/e","n/e","n/e","n/e","n/e","n/e","n/e","n/e","0","35","369","336"
"BZN|DK2","15.01.2018 05:00 - 15.01.2018 06:00 (CET/CEST)","467","n/e","n/e","134","283","11","n/e","n/e","n/e","n/e","n/e","n/e","n/e","n/e","n/e","n/e","n/e","0","35","367","350"
"BZN|DK2","15.01.2018 06:00 - 15.01.2018 07:00 (CET/CEST)","478","n/e","n/e","134","286","12","n/e","n/e","n/e","n/e","n/e","n/e","n/e","n/e","n/e","n/e","n/e","0","35","373","377"
"BZN|DK2","15.01.2018 07:00 - 15.01.2018 08:00 (CET/CEST)","464","n/e","n/e","135","284","12","n/e","n/e","n/e","n/e","n/e","n/e","n/e","n/e","n/e","n/e","n/e","0","35","373","397"
"BZN|DK2","15.01.2018 08:00 - 15.01.2018 09:00 (CET/CEST)","468","n/e","n/e","132","281","19","n/e","n/e","n/e","n/e","n/e","n/e","n/e","n/e","n/e","n/e","n/e","1","35","374","416"
"BZN|DK2","15.01.2018 09:00 - 15.01.2018 10:00 (CET/CEST)","461","n/e","n/e","132","281","22","n/e","n/e","n/e","n/e","n/e","n/e","n/e","n/e","n/e","n/e","n/e","15","35","373","420"
"BZN|DK2","15.01.2018 10:00 - 15.01.2018 11:00 (CET/CEST)","473","n/e","n/e","135","291","22","n/e","n/e","n/e","n/e","n/e","n/e","n/e","n/e","n/e","n/e","n/e","27","37","374","424"
"BZN|DK2","15.01.2018 11:00 - 15.01.2018 12:00 (CET/CEST)","478","n/e","n/e","135","289","23","n/e","n/e","n/e","n/e","n/e","n/e","n/e","n/e","n/e","n/e","n/e","30","40","372","434"
"BZN|DK2","15.01.2018 12:00 - 15.01.2018 13:00 (CET/CEST)","476","n/e","n/e","134","289","21","n/e","n/e","n/e","n/e","n/e","n/e","n/e","n/e","n/e","n/e","n/e","29","37","374","440"
"BZN|DK2","15.01.2018 13:00 - 15.01.2018 14:00 (CET/CEST)","473","n/e","n/e","133","285","21","n/e","n/e","n/e","n/e","n/e","n/e","n/e","n/e","n/e","n/e","n/e","23","37","374","425"
"BZN|DK2","15.01.2018 14:00 - 15.01.2018 15:00 (CET/CEST)","473","n/e","n/e","133","287","21","n/e","n/e","n/e","n/e","n/e","n/e","n/e","n/e","n/e","n/e","n/e","12","36","372","428"
"BZN|DK2","15.01.2018 15:00 - 15.01.2018 16:00 (CET/CEST)","486","n/e","n/e","134","288","22","n/e","n/e","n/e","n/e","n/e","n/e","n/e","n/e","n/e","n/e","n/e","5","28","371","439"
"BZN|DK2","15.01.2018 16:00 - 15.01.2018 17:00 (CET/CEST)","478","n/e","n/e","136","290","22","n/e","n/e","n/e","n/e","n/e","n/e","n/e","n/e","n/e","n/e","n/e","1","32","371","440"
"BZN|DK2","15.01.2018 17:00 - 15.01.2018 18:00 (CET/CEST)","478","n/e","n/e","135","289","22","n/e","n/e","n/e","n/e","n/e","n/e","n/e","n/e","n/e","n/e","n/e","0","42","371","448"
"BZN|DK2","15.01.2018 18:00 - 15.01.2018 19:00 (CET/CEST)","476","n/e","n/e","134","288","22","n/e","n/e","n/e","n/e","n/e","n/e","n/e","n/e","n/e","n/e","n/e","0","43","371","455"
"BZN|DK2","15.01.2018 19:00 - 15.01.2018 20:00 (CET/CEST)","477","n/e","n/e","134","287","22","n/e","n/e","n/e","n/e","n/e","n/e","n/e","n/e","n/e","n/e","n/e","0","44","371","469"
"BZN|DK2","15.01.2018 20:00 - 15.01.2018 21:00 (CET/CEST)","476","n/e","n/e","133","286","22","n/e","n/e","n/e","n/e","n/e","n/e","n/e","n/e","n/e","n/e","n/e","0","44","370","476"
"BZN|DK2","15.01.2018 21:00 - 15.01.2018 22:00 (CET/CEST)","473","n/e","n/e","100","287","22","n/e","n/e","n/e","n/e","n/e","n/e","n/e","n/e","n/e","n/e","n/e","0","37","369","483"
"BZN|DK2","15.01.2018 22:00 - 15.01.2018 23:00 (CET/CEST)","472","n/e","n/e","84","289","22","n/e","n/e","n/e","n/e","n/e","n/e","n/e","n/e","n/e","n/e","n/e","0","36","369","487"
"BZN|DK2","15.01.2018 23:00 - 16.01.2018 00:00 (CET/CEST)","467","n/e","n/e","71","284","22","n/e","n/e","n/e","n/e","n/e","n/e","n/e","n/e","n/e","n/e","n/e","0","36","367","491"
"BZN|DK2","16.01.2018 00:00 - 16.01.2018 01:00 (CET/CEST)","444","n/e","n/e","64","286","22","n/e","n/e","n/e","n/e","n/e","n/e","n/e","n/e","n/e","n/e","n/e","0","36","367","496"
"BZN|DK2","16.01.2018 01:00 - 16.01.2018 02:00 (CET/CEST)","427","n/e","n/e","56","283","22","n/e","n/e","n/e","n/e","n/e","n/e","n/e","n/e","n/e","n/e","n/e","0","36","367","494"
"BZN|DK2","16.01.2018 02:00 - 16.01.2018 03:00 (CET/CEST)","458","n/e","n/e","50","282","22","n/e","n/e","n/e","n/e","n/e","n/e","n/e","n/e","n/e","n/e","n/e","0","36","367","493"
"BZN|DK2","16.01.2018 03:00 - 16.01.2018 04:00 (CET/CEST)","459","n/e","n/e","50","282","22","n/e","n/e","n/e","n/e","n/e","n/e","n/e","n/e","n/e","n/e","n/e","0","37","367","483"
"BZN|DK2","16.01.2018 04:00 - 16.01.2018 05:00 (CET/CEST)","459","n/e","n/e","51","283","22","n/e","n/e","n/e","n/e","n/e","n/e","n/e","n/e","n/e","n/e","n/e","0","36","363","443"
"BZN|DK2","16.01.2018 05:00 - 16.01.2018 06:00 (CET/CEST)","430","n/e","n/e","60","288","22","n/e","n/e","n/e","n/e","n/e","n/e","n/e","n/e","n/e","n/e","n/e","0","36","357","369"
"BZN|DK2","16.01.2018 06:00 - 16.01.2018 07:00 (CET/CEST)","468","n/e","n/e","73","282","22","n/e","n/e","n/e","n/e","n/e","n/e","n/e","n/e","n/e","n/e","n/e","0","36","327","337"
"BZN|DK2","16.01.2018 07:00 - 16.01.2018 08:00 (CET/CEST)","469","n/e","n/e","99","299","22","n/e","n/e","n/e","n/e","n/e","n/e","n/e","n/e","n/e","n/e","n/e","0","38","295","318"
"BZN|DK2","16.01.2018 08:00 - 16.01.2018 09:00 (CET/CEST)","462","n/e","n/e","154","315","22","n/e","n/e","n/e","n/e","n/e","n/e","n/e","n/e","n/e","n/e","n/e","1","41","324","318"
"BZN|DK2","16.01.2018 09:00 - 16.01.2018 10:00 (CET/CEST)","476","n/e","n/e","184","312","23","n/e","n/e","n/e","n/e","n/e","n/e","n/e","n/e","n/e","n/e","n/e","13","42","348","266"
"BZN|DK2","16.01.2018 10:00 - 16.01.2018 11:00 (CET/CEST)","474","n/e","n/e","196","301","23","n/e","n/e","n/e","n/e","n/e","n/e","n/e","n/e","n/e","n/e","n/e","26","39","311","211"
"BZN|DK2","16.01.2018 11:00 - 16.01.2018 12:00 (CET/CEST)","474","n/e","n/e","191","291","22","n/e","n/e","n/e","n/e","n/e","n/e","n/e","n/e","n/e","n/e","n/e","34","28","305","258"
"BZN|DK2","16.01.2018 12:00 - 16.01.2018 13:00 (CET/CEST)","477","n/e","n/e","193","293","22","n/e","n/e","n/e","n/e","n/e","n/e","n/e","n/e","n/e","n/e","n/e","28","28","275","225"
"BZN|DK2","16.01.2018 13:00 - 16.01.2018 14:00 (CET/CEST)","480","n/e","n/e","195","302","23","n/e","n/e","n/e","n/e","n/e","n/e","n/e","n/e","n/e","n/e","n/e","22","44","254","222"
"BZN|DK2","16.01.2018 14:00 - 16.01.2018 15:00 (CET/CEST)","479","n/e","n/e","200","305","23","n/e","n/e","n/e","n/e","n/e","n/e","n/e","n/e","n/e","n/e","n/e","15","50","280","199"
"BZN|DK2","16.01.2018 15:00 - 16.01.2018 16:00 (CET/CEST)","480","n/e","n/e","200","308","22","n/e","n/e","n/e","n/e","n/e","n/e","n/e","n/e","n/e","n/e","n/e","6","55","249","189"
"BZN|DK2","16.01.2018 16:00 - 16.01.2018 17:00 (CET/CEST)","480","n/e","n/e","199","355","23","n/e","n/e","n/e","n/e","n/e","n/e","n/e","n/e","n/e","n/e","n/e","1","62","202","170"
"BZN|DK2","16.01.2018 17:00 - 16.01.2018 18:00 (CET/CEST)","482","n/e","n/e","201","355","23","n/e","n/e","n/e","n/e","n/e","n/e","n/e","n/e","n/e","n/e","n/e","0","63","244","186"
"BZN|DK2","16.01.2018 18:00 - 16.01.2018 19:00 (CET/CEST)","494","n/e","n/e","201","397","23","n/e","n/e","n/e","n/e","n/e","n/e","n/e","n/e","n/e","n/e","n/e","0","66","242","178"
"BZN|DK2","16.01.2018 19:00 - 16.01.2018 20:00 (CET/CEST)","475","n/e","n/e","201","317","23","n/e","n/e","n/e","n/e","n/e","n/e","n/e","n/e","n/e","n/e","n/e","0","71","279","169"
"BZN|DK2","16.01.2018 20:00 - 16.01.2018 21:00 (CET/CEST)","475","n/e","n/e","158","312","22","n/e","n/e","n/e","n/e","n/e","n/e","n/e","n/e","n/e","n/e","n/e","0","59","275","172"
"BZN|DK2","16.01.2018 21:00 - 16.01.2018 22:00 (CET/CEST)","476","n/e","n/e","157","286","22","n/e","n/e","n/e","n/e","n/e","n/e","n/e","n/e","n/e","n/e","n/e","0","57","285","176"
"BZN|DK2","16.01.2018 22:00 - 16.01.2018 23:00 (CET/CEST)","471","n/e","n/e","152","288","22","n/e","n/e","n/e","n/e","n/e","n/e","n/e","n/e","n/e","n/e","n/e","0","57","323","198"
"BZN|DK2","16.01.2018 23:00 - 17.01.2018 00:00 (CET/CEST)","475","n/e","n/e","151","288","22","n/e","n/e","n/e","n/e","n/e","n/e","n/e","n/e","n/e","n/e","n/e","0","56","313","189"
"BZN|DK2","17.01.2018 00:00 - 17.01.2018 01:00 (CET/CEST)","483","n/e","n/e","151","305","22","n/e","n/e","n/e","n/e","n/e","n/e","n/e","n/e","n/e","n/e","n/e","0","51","282","198"
"BZN|DK2","17.01.2018 01:00 - 17.01.2018 02:00 (CET/CEST)","481","n/e","n/e","151","290","22","n/e","n/e","n/e","n/e","n/e","n/e","n/e","n/e","n/e","n/e","n/e","0","50","318","203"
"BZN|DK2","17.01.2018 02:00 - 17.01.2018 03:00 (CET/CEST)","478","n/e","n/e","151","290","16","n/e","n/e","n/e","n/e","n/e","n/e","n/e","n/e","n/e","n/e","n/e","0","52","308","191"
"BZN|DK2","17.01.2018 03:00 - 17.01.2018 04:00 (CET/CEST)","477","n/e","n/e","151","300","11","n/e","n/e","n/e","n/e","n/e","n/e","n/e","n/e","n/e","n/e","n/e","0","52","273","173"
"BZN|DK2","17.01.2018 04:00 - 17.01.2018 05:00 (CET/CEST)","469","n/e","n/e","151","301","11","n/e","n/e","n/e","n/e","n/e","n/e","n/e","n/e","n/e","n/e","n/e","0","53","301","166"
"BZN|DK2","17.01.2018 05:00 - 17.01.2018 06:00 (CET/CEST)","466","n/e","n/e","151","305","11","n/e","n/e","n/e","n/e","n/e","n/e","n/e","n/e","n/e","n/e","n/e","0","65","287","155"
"BZN|DK2","17.01.2018 06:00 - 17.01.2018 07:00 (CET/CEST)","458","n/e","n/e","151","304","11","n/e","n/e","n/e","n/e","n/e","n/e","n/e","n/e","n/e","n/e","n/e","0","66","228","127"
"BZN|DK2","17.01.2018 07:00 - 17.01.2018 08:00 (CET/CEST)","466","n/e","n/e","176","335","20","n/e","n/e","n/e","n/e","n/e","n/e","n/e","n/e","n/e","n/e","n/e","0","67","184","99"
"BZN|DK2","17.01.2018 08:00 - 17.01.2018 09:00 (CET/CEST)","466","n/e","n/e","237","368","23","n/e","n/e","n/e","n/e","n/e","n/e","n/e","n/e","n/e","n/e","n/e","1","70","203","113"
"BZN|DK2","17.01.2018 09:00 - 17.01.2018 10:00 (CET/CEST)","464","n/e","n/e","235","339","23","n/e","n/e","n/e","n/e","n/e","n/e","n/e","n/e","n/e","n/e","n/e","8","72","150","96"
"BZN|DK2","17.01.2018 10:00 - 17.01.2018 11:00 (CET/CEST)","475","n/e","n/e","213","373","21","n/e","n/e","n/e","n/e","n/e","n/e","n/e","n/e","n/e","n/e","n/e","18","67","158","112"
"BZN|DK2","17.01.2018 11:00 - 17.01.2018 12:00 (CET/CEST)","475","n/e","n/e","224","408","25","n/e","n/e","n/e","n/e","n/e","n/e","n/e","n/e","n/e","n/e","n/e","22","64","179","129"
"BZN|DK2","17.01.2018 12:00 - 17.01.2018 13:00 (CET/CEST)","480","n/e","n/e","210","326","21","n/e","n/e","n/e","n/e","n/e","n/e","n/e","n/e","n/e","n/e","n/e","24","65","155","143"
"BZN|DK2","17.01.2018 13:00 - 17.01.2018 14:00 (CET/CEST)","461","n/e","n/e","207","308","20","n/e","n/e","n/e","n/e","n/e","n/e","n/e","n/e","n/e","n/e","n/e","21","65","216","160"
"BZN|DK2","17.01.2018 14:00 - 17.01.2018 15:00 (CET/CEST)","463","n/e","n/e","208","313","19","n/e","n/e","n/e","n/e","n/e","n/e","n/e","n/e","n/e","n/e","n/e","16","66","233","154"
"BZN|DK2","17.01.2018 15:00 - 17.01.2018 16:00 (CET/CEST)","468","n/e","n/e","212","309","20","n/e","n/e","n/e","n/e","n/e","n/e","n/e","n/e","n/e","n/e","n/e","5","67","271","133"
"BZN|DK2","17.01.2018 16:00 - 17.01.2018 17:00 (CET/CEST)","468","n/e","n/e","216","308","20","n/e","n/e","n/e","n/e","n/e","n/e","n/e","n/e","n/e","n/e","n/e","1","68","336","155"
"BZN|DK2","17.01.2018 17:00 - 17.01.2018 18:00 (CET/CEST)","467","n/e","n/e","233","345","21","n/e","n/e","n/e","n/e","n/e","n/e","n/e","n/e","n/e","n/e","n/e","0","68","319","143"
"BZN|DK2","17.01.2018 18:00 - 17.01.2018 19:00 (CET/CEST)","469","n/e","n/e","241","368","21","n/e","n/e","n/e","n/e","n/e","n/e","n/e","n/e","n/e","n/e","n/e","0","68","303","160"
"BZN|DK2","17.01.2018 19:00 - 17.01.2018 20:00 (CET/CEST)","468","n/e","n/e","245","282","21","n/e","n/e","n/e","n/e","n/e","n/e","n/e","n/e","n/e","n/e","n/e","0","67","286","173"
"BZN|DK2","17.01.2018 20:00 - 17.01.2018 21:00 (CET/CEST)","471","n/e","n/e","214","276","20","n/e","n/e","n/e","n/e","n/e","n/e","n/e","n/e","n/e","n/e","n/e","0","51","286","182"
"BZN|DK2","17.01.2018 21:00 - 17.01.2018 22:00 (CET/CEST)","470","n/e","n/e","209","279","20","n/e","n/e","n/e","n/e","n/e","n/e","n/e","n/e","n/e","n/e","n/e","0","51","291","197"
"BZN|DK2","17.01.2018 22:00 - 17.01.2018 23:00 (CET/CEST)","470","n/e","n/e","208","282","20","n/e","n/e","n/e","n/e","n/e","n/e","n/e","n/e","n/e","n/e","n/e","0","50","274","186"
"BZN|DK2","17.01.2018 23:00 - 18.01.2018 00:00 (CET/CEST)","467","n/e","n/e","209","280","20","n/e","n/e","n/e","n/e","n/e","n/e","n/e","n/e","n/e","n/e","n/e","0","49","319","176"
"BZN|DK2","18.01.2018 00:00 - 18.01.2018 01:00 (CET/CEST)","468","n/e","n/e","157","292","20","n/e","n/e","n/e","n/e","n/e","n/e","n/e","n/e","n/e","n/e","n/e","0","50","274","163"
"BZN|DK2","18.01.2018 01:00 - 18.01.2018 02:00 (CET/CEST)","469","n/e","n/e","148","301","20","n/e","n/e","n/e","n/e","n/e","n/e","n/e","n/e","n/e","n/e","n/e","0","49","289","205"
"BZN|DK2","18.01.2018 02:00 - 18.01.2018 03:00 (CET/CEST)","469","n/e","n/e","149","304","13","n/e","n/e","n/e","n/e","n/e","n/e","n/e","n/e","n/e","n/e","n/e","0","50","352","208"
"BZN|DK2","18.01.2018 03:00 - 18.01.2018 04:00 (CET/CEST)","465","n/e","n/e","149","307","10","n/e","n/e","n/e","n/e","n/e","n/e","n/e","n/e","n/e","n/e","n/e","0","50","356","227"
"BZN|DK2","18.01.2018 04:00 - 18.01.2018 05:00 (CET/CEST)","469","n/e","n/e","149","294","10","n/e","n/e","n/e","n/e","n/e","n/e","n/e","n/e","n/e","n/e","n/e","0","53","317","222"
"BZN|DK2","18.01.2018 05:00 - 18.01.2018 06:00 (CET/CEST)","467","n/e","n/e","148","292","10","n/e","n/e","n/e","n/e","n/e","n/e","n/e","n/e","n/e","n/e","n/e","0","65","345","221"
"BZN|DK2","18.01.2018 06:00 - 18.01.2018 07:00 (CET/CEST)","468","n/e","n/e","154","292","10","n/e","n/e","n/e","n/e","n/e","n/e","n/e","n/e","n/e","n/e","n/e","0","68","311","218"
"BZN|DK2","18.01.2018 07:00 - 18.01.2018 08:00 (CET/CEST)","490","n/e","n/e","155","324","15","n/e","n/e","n/e","n/e","n/e","n/e","n/e","n/e","n/e","n/e","n/e","0","68","275","176"
"BZN|DK2","18.01.2018 08:00 - 18.01.2018 09:00 (CET/CEST)","461","n/e","n/e","148","298","18","n/e","n/e","n/e","n/e","n/e","n/e","n/e","n/e","n/e","n/e","n/e","0","67","280","138"
"BZN|DK2","18.01.2018 09:00 - 18.01.2018 10:00 (CET/CEST)","465","n/e","n/e","171","311","18","n/e","n/e","n/e","n/e","n/e","n/e","n/e","n/e","n/e","n/e","n/e","0","66","252","119"
"BZN|DK2","18.01.2018 10:00 - 18.01.2018 11:00 (CET/CEST)","481","n/e","n/e","200","309","19","n/e","n/e","n/e","n/e","n/e","n/e","n/e","n/e","n/e","n/e","n/e","5","64","273","124"
"BZN|DK2","18.01.2018 11:00 - 18.01.2018 12:00 (CET/CEST)","480","n/e","n/e","201","320","19","n/e","n/e","n/e","n/e","n/e","n/e","n/e","n/e","n/e","n/e","n/e","5","65","262","106"
"BZN|DK2","18.01.2018 12:00 - 18.01.2018 13:00 (CET/CEST)","472","n/e","n/e","201","314","19","n/e","n/e","n/e","n/e","n/e","n/e","n/e","n/e","n/e","n/e","n/e","5","67","222","103"
"BZN|DK2","18.01.2018 13:00 - 18.01.2018 14:00 (CET/CEST)","483","n/e","n/e","201","322","18","n/e","n/e","n/e","n/e","n/e","n/e","n/e","n/e","n/e","n/e","n/e","5","63","303","121"
"BZN|DK2","18.01.2018 14:00 - 18.01.2018 15:00 (CET/CEST)","484","n/e","n/e","201","306","18","n/e","n/e","n/e","n/e","n/e","n/e","n/e","n/e","n/e","n/e","n/e","5","64","344","154"
"BZN|DK2","18.01.2018 15:00 - 18.01.2018 16:00 (CET/CEST)","482","n/e","n/e","202","318","19","n/e","n/e","n/e","n/e","n/e","n/e","n/e","n/e","n/e","n/e","n/e","5","65","342","171"
"BZN|DK2","18.01.2018 16:00 - 18.01.2018 17:00 (CET/CEST)","485","n/e","n/e","203","313","19","n/e","n/e","n/e","n/e","n/e","n/e","n/e","n/e","n/e","n/e","n/e","2","65","268","141"
"BZN|DK2","18.01.2018 17:00 - 18.01.2018 18:00 (CET/CEST)","500","n/e","n/e","195","370","19","n/e","n/e","n/e","n/e","n/e","n/e","n/e","n/e","n/e","n/e","n/e","0","64","287","90"
"BZN|DK2","18.01.2018 18:00 - 18.01.2018 19:00 (CET/CEST)","496","n/e","n/e","144","348","19","n/e","n/e","n/e","n/e","n/e","n/e","n/e","n/e","n/e","n/e","n/e","0","66","160","56"
"BZN|DK2","18.01.2018 19:00 - 18.01.2018 20:00 (CET/CEST)","502","n/e","n/e","143","353","19","n/e","n/e","n/e","n/e","n/e","n/e","n/e","n/e","n/e","n/e","n/e","0","67","97","49"
"BZN|DK2","18.01.2018 20:00 - 18.01.2018 21:00 (CET/CEST)","490","n/e","n/e","142","313","18","n/e","n/e","n/e","n/e","n/e","n/e","n/e","n/e","n/e","n/e","n/e","0","57","74","43"
"BZN|DK2","18.01.2018 21:00 - 18.01.2018 22:00 (CET/CEST)","458","n/e","n/e","140","296","18","n/e","n/e","n/e","n/e","n/e","n/e","n/e","n/e","n/e","n/e","n/e","0","47","66","38"
"BZN|DK2","18.01.2018 22:00 - 18.01.2018 23:00 (CET/CEST)","457","n/e","n/e","140","299","18","n/e","n/e","n/e","n/e","n/e","n/e","n/e","n/e","n/e","n/e","n/e","0","50","70","31"
"BZN|DK2","18.01.2018 23:00 - 19.01.2018 00:00 (CET/CEST)","433","n/e","n/e","141","292","18","n/e","n/e","n/e","n/e","n/e","n/e","n/e","n/e","n/e","n/e","n/e","0","49","50","26"
"BZN|DK2","19.01.2018 00:00 - 19.01.2018 01:00 (CET/CEST)","436","n/e","n/e","141","314","18","n/e","n/e","n/e","n/e","n/e","n/e","n/e","n/e","n/e","n/e","n/e","0","48","55","24"
"BZN|DK2","19.01.2018 01:00 - 19.01.2018 02:00 (CET/CEST)","430","n/e","n/e","140","295","11","n/e","n/e","n/e","n/e","n/e","n/e","n/e","n/e","n/e","n/e","n/e","0","49","44","26"
"BZN|DK2","19.01.2018 02:00 - 19.01.2018 03:00 (CET/CEST)","428","n/e","n/e","141","299","7","n/e","n/e","n/e","n/e","n/e","n/e","n/e","n/e","n/e","n/e","n/e","0","50","23","23"
"BZN|DK2","19.01.2018 03:00 - 19.01.2018 04:00 (CET/CEST)","423","n/e","n/e","141","302","7","n/e","n/e","n/e","n/e","n/e","n/e","n/e","n/e","n/e","n/e","n/e","0","50","9","20"
"BZN|DK2","19.01.2018 04:00 - 19.01.2018 05:00 (CET/CEST)","428","n/e","n/e","141","315","7","n/e","n/e","n/e","n/e","n/e","n/e","n/e","n/e","n/e","n/e","n/e","0","52","4","16"
"BZN|DK2","19.01.2018 05:00 - 19.01.2018 06:00 (CET/CEST)","435","n/e","n/e","140","339","7","n/e","n/e","n/e","n/e","n/e","n/e","n/e","n/e","n/e","n/e","n/e","0","64","13","11"
"BZN|DK2","19.01.2018 06:00 - 19.01.2018 07:00 (CET/CEST)","454","n/e","n/e","142","382","8","n/e","n/e","n/e","n/e","n/e","n/e","n/e","n/e","n/e","n/e","n/e","0","63","34","13"
"BZN|DK2","19.01.2018 07:00 - 19.01.2018 08:00 (CET/CEST)","425","n/e","n/e","192","390","10","n/e","n/e","n/e","n/e","n/e","n/e","n/e","n/e","n/e","n/e","n/e","0","68","46","16"
"BZN|DK2","19.01.2018 08:00 - 19.01.2018 09:00 (CET/CEST)","422","n/e","n/e","239","387","18","n/e","n/e","n/e","n/e","n/e","n/e","n/e","n/e","n/e","n/e","n/e","1","65","34","19"
"BZN|DK2","19.01.2018 09:00 - 19.01.2018 10:00 (CET/CEST)","476","n/e","n/e","219","421","21","n/e","n/e","n/e","n/e","n/e","n/e","n/e","n/e","n/e","n/e","n/e","10","68","37","20"
"BZN|DK2","19.01.2018 10:00 - 19.01.2018 11:00 (CET/CEST)","471","n/e","n/e","217","422","21","n/e","n/e","n/e","n/e","n/e","n/e","n/e","n/e","n/e","n/e","n/e","21","68","41","30"
"BZN|DK2","19.01.2018 11:00 - 19.01.2018 12:00 (CET/CEST)","451","n/e","n/e","217","441","20","n/e","n/e","n/e","n/e","n/e","n/e","n/e","n/e","n/e","n/e","n/e","26","68","53","36"
"BZN|DK2","19.01.2018 12:00 - 19.01.2018 13:00 (CET/CEST)","429","n/e","n/e","216","447","20","n/e","n/e","n/e","n/e","n/e","n/e","n/e","n/e","n/e","n/e","n/e","29","70","35","29"
"BZN|DK2","19.01.2018 13:00 - 19.01.2018 14:00 (CET/CEST)","428","n/e","n/e","216","436","20","n/e","n/e","n/e","n/e","n/e","n/e","n/e","n/e","n/e","n/e","n/e","29","64","29","31"
"BZN|DK2","19.01.2018 14:00 - 19.01.2018 15:00 (CET/CEST)","439","n/e","n/e","215","408","19","n/e","n/e","n/e","n/e","n/e","n/e","n/e","n/e","n/e","n/e","n/e","23","60","41","44"
"BZN|DK2","19.01.2018 15:00 - 19.01.2018 16:00 (CET/CEST)","471","n/e","n/e","225","403","19","n/e","n/e","n/e","n/e","n/e","n/e","n/e","n/e","n/e","n/e","n/e","9","64","65","73"
"BZN|DK2","19.01.2018 16:00 - 19.01.2018 17:00 (CET/CEST)","497","n/e","n/e","245","439","20","n/e","n/e","n/e","n/e","n/e","n/e","n/e","n/e","n/e","n/e","n/e","1","69","91","71"
"BZN|DK2","19.01.2018 17:00 - 19.01.2018 18:00 (CET/CEST)","501","n/e","n/e","246","447","21","n/e","n/e","n/e","n/e","n/e","n/e","n/e","n/e","n/e","n/e","n/e","0","70","92","60"
"BZN|DK2","19.01.2018 18:00 - 19.01.2018 19:00 (CET/CEST)","453","n/e","n/e","247","427","20","n/e","n/e","n/e","n/e","n/e","n/e","n/e","n/e","n/e","n/e","n/e","0","69","97","57"
"BZN|DK2","19.01.2018 19:00 - 19.01.2018 20:00 (CET/CEST)","505","n/e","n/e","245","397","20","n/e","n/e","n/e","n/e","n/e","n/e","n/e","n/e","n/e","n/e","n/e","0","69","93","60"
"BZN|DK2","19.01.2018 20:00 - 19.01.2018 21:00 (CET/CEST)","503","n/e","n/e","209","353","19","n/e","n/e","n/e","n/e","n/e","n/e","n/e","n/e","n/e","n/e","n/e","0","69","129","68"
"BZN|DK2","19.01.2018 21:00 - 19.01.2018 22:00 (CET/CEST)","465","n/e","n/e","150","320","19","n/e","n/e","n/e","n/e","n/e","n/e","n/e","n/e","n/e","n/e","n/e","0","64","152","90"
"BZN|DK2","19.01.2018 22:00 - 19.01.2018 23:00 (CET/CEST)","468","n/e","n/e","142","316","18","n/e","n/e","n/e","n/e","n/e","n/e","n/e","n/e","n/e","n/e","n/e","0","64","151","95"
"BZN|DK2","19.01.2018 23:00 - 20.01.2018 00:00 (CET/CEST)","467","n/e","n/e","142","301","18","n/e","n/e","n/e","n/e","n/e","n/e","n/e","n/e","n/e","n/e","n/e","0","64","172","94"
"BZN|DK2","20.01.2018 00:00 - 20.01.2018 01:00 (CET/CEST)","472","n/e","n/e","142","315","18","n/e","n/e","n/e","n/e","n/e","n/e","n/e","n/e","n/e","n/e","n/e","0","64","122","90"
"BZN|DK2","20.01.2018 01:00 - 20.01.2018 02:00 (CET/CEST)","426","n/e","n/e","141","312","7","n/e","n/e","n/e","n/e","n/e","n/e","n/e","n/e","n/e","n/e","n/e","0","52","98","81"
"BZN|DK2","20.01.2018 02:00 - 20.01.2018 03:00 (CET/CEST)","425","n/e","n/e","141","307","7","n/e","n/e","n/e","n/e","n/e","n/e","n/e","n/e","n/e","n/e","n/e","0","50","124","70"
"BZN|DK2","20.01.2018 03:00 - 20.01.2018 04:00 (CET/CEST)","424","n/e","n/e","141","304","7","n/e","n/e","n/e","n/e","n/e","n/e","n/e","n/e","n/e","n/e","n/e","0","50","107","75"
"BZN|DK2","20.01.2018 04:00 - 20.01.2018 05:00 (CET/CEST)","423","n/e","n/e","141","307","7","n/e","n/e","n/e","n/e","n/e","n/e","n/e","n/e","n/e","n/e","n/e","0","53","95","93"
"BZN|DK2","20.01.2018 05:00 - 20.01.2018 06:00 (CET/CEST)","424","n/e","n/e","141","277","7","n/e","n/e","n/e","n/e","n/e","n/e","n/e","n/e","n/e","n/e","n/e","0","54","88","87"
"BZN|DK2","20.01.2018 06:00 - 20.01.2018 07:00 (CET/CEST)","464","n/e","n/e","141","288","7","n/e","n/e","n/e","n/e","n/e","n/e","n/e","n/e","n/e","n/e","n/e","0","50","87","73"
"BZN|DK2","20.01.2018 07:00 - 20.01.2018 08:00 (CET/CEST)","466","n/e","n/e","141","291","9","n/e","n/e","n/e","n/e","n/e","n/e","n/e","n/e","n/e","n/e","n/e","0","45","76","69"
"BZN|DK2","20.01.2018 08:00 - 20.01.2018 09:00 (CET/CEST)","464","n/e","n/e","142","302","17","n/e","n/e","n/e","n/e","n/e","n/e","n/e","n/e","n/e","n/e","n/e","1","49","60","54"
"BZN|DK2","20.01.2018 09:00 - 20.01.2018 10:00 (CET/CEST)","470","n/e","n/e","150","357","18","n/e","n/e","n/e","n/e","n/e","n/e","n/e","n/e","n/e","n/e","n/e","7","62","73","51"
"BZN|DK2","20.01.2018 10:00 - 20.01.2018 11:00 (CET/CEST)","472","n/e","n/e","197","358","18","n/e","n/e","n/e","n/e","n/e","n/e","n/e","n/e","n/e","n/e","n/e","18","62","101","64"
"BZN|DK2","20.01.2018 11:00 - 20.01.2018 12:00 (CET/CEST)","470","n/e","n/e","217","357","19","n/e","n/e","n/e","n/e","n/e","n/e","n/e","n/e","n/e","n/e","n/e","22","68","72","67"
"BZN|DK2","20.01.2018 12:00 - 20.01.2018 13:00 (CET/CEST)","475","n/e","n/e","204","364","19","n/e","n/e","n/e","n/e","n/e","n/e","n/e","n/e","n/e","n/e","n/e","22","71","68","52"
"BZN|DK2","20.01.2018 13:00 - 20.01.2018 14:00 (CET/CEST)","474","n/e","n/e","207","365","19","n/e","n/e","n/e","n/e","n/e","n/e","n/e","n/e","n/e","n/e","n/e","16","71","67","47"
"BZN|DK2","20.01.2018 14:00 - 20.01.2018 15:00 (CET/CEST)","471","n/e","n/e","211","364","19","n/e","n/e","n/e","n/e","n/e","n/e","n/e","n/e","n/e","n/e","n/e","10","71","39","38"
"BZN|DK2","20.01.2018 15:00 - 20.01.2018 16:00 (CET/CEST)","476","n/e","n/e","212","349","19","n/e","n/e","n/e","n/e","n/e","n/e","n/e","n/e","n/e","n/e","n/e","5","67","26","27"
"BZN|DK2","20.01.2018 16:00 - 20.01.2018 17:00 (CET/CEST)","478","n/e","n/e","215","315","19","n/e","n/e","n/e","n/e","n/e","n/e","n/e","n/e","n/e","n/e","n/e","1","67","25","22"
"BZN|DK2","20.01.2018 17:00 - 20.01.2018 18:00 (CET/CEST)","478","n/e","n/e","214","387","19","n/e","n/e","n/e","n/e","n/e","n/e","n/e","n/e","n/e","n/e","n/e","0","72","21","22"
"BZN|DK2","20.01.2018 18:00 - 20.01.2018 19:00 (CET/CEST)","475","n/e","n/e","208","385","20","n/e","n/e","n/e","n/e","n/e","n/e","n/e","n/e","n/e","n/e","n/e","0","72","10","25"
"BZN|DK2","20.01.2018 19:00 - 20.01.2018 20:00 (CET/CEST)","476","n/e","n/e","206","387","19","n/e","n/e","n/e","n/e","n/e","n/e","n/e","n/e","n/e","n/e","n/e","0","72","16","25"
"BZN|DK2","20.01.2018 20:00 - 20.01.2018 21:00 (CET/CEST)","473","n/e","n/e","156","346","19","n/e","n/e","n/e","n/e","n/e","n/e","n/e","n/e","n/e","n/e","n/e","0","72","31","25"
"BZN|DK2","20.01.2018 21:00 - 20.01.2018 22:00 (CET/CEST)","470","n/e","n/e","143","316","19","n/e","n/e","n/e","n/e","n/e","n/e","n/e","n/e","n/e","n/e","n/e","0","65","16","22"
"BZN|DK2","20.01.2018 22:00 - 20.01.2018 23:00 (CET/CEST)","473","n/e","n/e","142","315","18","n/e","n/e","n/e","n/e","n/e","n/e","n/e","n/e","n/e","n/e","n/e","0","64","15","23"
"BZN|DK2","20.01.2018 23:00 - 21.01.2018 00:00 (CET/CEST)","461","n/e","n/e","142","300","18","n/e","n/e","n/e","n/e","n/e","n/e","n/e","n/e","n/e","n/e","n/e","0","63","15","19"
"BZN|DK2","21.01.2018 00:00 - 21.01.2018 01:00 (CET/CEST)","430","n/e","n/e","134","293","11","n/e","n/e","n/e","n/e","n/e","n/e","n/e","n/e","n/e","n/e","n/e","0","54","14","17"
"BZN|DK2","21.01.2018 01:00 - 21.01.2018 02:00 (CET/CEST)","425","n/e","n/e","132","320","7","n/e","n/e","n/e","n/e","n/e","n/e","n/e","n/e","n/e","n/e","n/e","0","53","9","14"
"BZN|DK2","21.01.2018 02:00 - 21.01.2018 03:00 (CET/CEST)","405","n/e","n/e","132","318","7","n/e","n/e","n/e","n/e","n/e","n/e","n/e","n/e","n/e","n/e","n/e","0","53","5","11"
"BZN|DK2","21.01.2018 03:00 - 21.01.2018 04:00 (CET/CEST)","401","n/e","n/e","132","298","7","n/e","n/e","n/e","n/e","n/e","n/e","n/e","n/e","n/e","n/e","n/e","0","51","2","8"
"BZN|DK2","21.01.2018 04:00 - 21.01.2018 05:00 (CET/CEST)","402","n/e","n/e","132","308","7","n/e","n/e","n/e","n/e","n/e","n/e","n/e","n/e","n/e","n/e","n/e","0","49","0","6"
"BZN|DK2","21.01.2018 05:00 - 21.01.2018 06:00 (CET/CEST)","403","n/e","n/e","132","306","7","n/e","n/e","n/e","n/e","n/e","n/e","n/e","n/e","n/e","n/e","n/e","0","49","0","6"
"BZN|DK2","21.01.2018 06:00 - 21.01.2018 07:00 (CET/CEST)","403","n/e","n/e","141","295","7","n/e","n/e","n/e","n/e","n/e","n/e","n/e","n/e","n/e","n/e","n/e","0","49","0","7"
"BZN|DK2","21.01.2018 07:00 - 21.01.2018 08:00 (CET/CEST)","431","n/e","n/e","143","294","8","n/e","n/e","n/e","n/e","n/e","n/e","n/e","n/e","n/e","n/e","n/e","0","50","1","9"
"BZN|DK2","21.01.2018 08:00 - 21.01.2018 09:00 (CET/CEST)","472","n/e","n/e","158","274","13","n/e","n/e","n/e","n/e","n/e","n/e","n/e","n/e","n/e","n/e","n/e","2","56","0","6"
"BZN|DK2","21.01.2018 09:00 - 21.01.2018 10:00 (CET/CEST)","475","n/e","n/e","199","328","19","n/e","n/e","n/e","n/e","n/e","n/e","n/e","n/e","n/e","n/e","n/e","16","67","0","6"
"BZN|DK2","21.01.2018 10:00 - 21.01.2018 11:00 (CET/CEST)","475","n/e","n/e","203","347","19","n/e","n/e","n/e","n/e","n/e","n/e","n/e","n/e","n/e","n/e","n/e","33","68","0","5"
"BZN|DK2","21.01.2018 11:00 - 21.01.2018 12:00 (CET/CEST)","473","n/e","n/e","208","368","20","n/e","n/e","n/e","n/e","n/e","n/e","n/e","n/e","n/e","n/e","n/e","41","67","0","5"
"BZN|DK2","21.01.2018 12:00 - 21.01.2018 13:00 (CET/CEST)","474","n/e","n/e","210","366","21","n/e","n/e","n/e","n/e","n/e","n/e","n/e","n/e","n/e","n/e","n/e","44","67","0","5"
"BZN|DK2","21.01.2018 13:00 - 21.01.2018 14:00 (CET/CEST)","458","n/e","n/e","206","318","19","n/e","n/e","n/e","n/e","n/e","n/e","n/e","n/e","n/e","n/e","n/e","37","68","0","5"
"BZN|DK2","21.01.2018 14:00 - 21.01.2018 15:00 (CET/CEST)","459","n/e","n/e","206","311","19","n/e","n/e","n/e","n/e","n/e","n/e","n/e","n/e","n/e","n/e","n/e","27","68","0","5"
"BZN|DK2","21.01.2018 15:00 - 21.01.2018 16:00 (CET/CEST)","461","n/e","n/e","206","325","19","n/e","n/e","n/e","n/e","n/e","n/e","n/e","n/e","n/e","n/e","n/e","14","67","0","5"
"BZN|DK2","21.01.2018 16:00 - 21.01.2018 17:00 (CET/CEST)","462","n/e","n/e","229","369","19","n/e","n/e","n/e","n/e","n/e","n/e","n/e","n/e","n/e","n/e","n/e","2","67","0","5"
"BZN|DK2","21.01.2018 17:00 - 21.01.2018 18:00 (CET/CEST)","477","n/e","n/e","239","398","19","n/e","n/e","n/e","n/e","n/e","n/e","n/e","n/e","n/e","n/e","n/e","0","67","0","5"
"BZN|DK2","21.01.2018 18:00 - 21.01.2018 19:00 (CET/CEST)","474","n/e","n/e","239","390","19","n/e","n/e","n/e","n/e","n/e","n/e","n/e","n/e","n/e","n/e","n/e","0","67","0","6"
"BZN|DK2","21.01.2018 19:00 - 21.01.2018 20:00 (CET/CEST)","474","n/e","n/e","222","349","19","n/e","n/e","n/e","n/e","n/e","n/e","n/e","n/e","n/e","n/e","n/e","0","64","5","8"
"BZN|DK2","21.01.2018 20:00 - 21.01.2018 21:00 (CET/CEST)","467","n/e","n/e","204","302","19","n/e","n/e","n/e","n/e","n/e","n/e","n/e","n/e","n/e","n/e","n/e","0","51","15","15"
"BZN|DK2","21.01.2018 21:00 - 21.01.2018 22:00 (CET/CEST)","424","n/e","n/e","204","262","19","n/e","n/e","n/e","n/e","n/e","n/e","n/e","n/e","n/e","n/e","n/e","0","56","33","30"
"BZN|DK2","21.01.2018 22:00 - 21.01.2018 23:00 (CET/CEST)","411","n/e","n/e","152","268","19","n/e","n/e","n/e","n/e","n/e","n/e","n/e","n/e","n/e","n/e","n/e","0","57","72","43"
"BZN|DK2","21.01.2018 23:00 - 22.01.2018 00:00 (CET/CEST)","405","n/e","n/e","143","268","17","n/e","n/e","n/e","n/e","n/e","n/e","n/e","n/e","n/e","n/e","n/e","0","57","62","48"
"BZN|DK2","22.01.2018 00:00 - 22.01.2018 01:00 (CET/CEST)","404","n/e","n/e","142","299","15","n/e","n/e","n/e","n/e","n/e","n/e","n/e","n/e","n/e","n/e","n/e","0","50","57","56"
"BZN|DK2","22.01.2018 01:00 - 22.01.2018 02:00 (CET/CEST)","414","n/e","n/e","141","285","15","n/e","n/e","n/e","n/e","n/e","n/e","n/e","n/e","n/e","n/e","n/e","0","46","86","79"
"BZN|DK2","22.01.2018 02:00 - 22.01.2018 03:00 (CET/CEST)","399","n/e","n/e","141","287","15","n/e","n/e","n/e","n/e","n/e","n/e","n/e","n/e","n/e","n/e","n/e","0","46","130","104"
"BZN|DK2","22.01.2018 03:00 - 22.01.2018 04:00 (CET/CEST)","397","n/e","n/e","142","277","15","n/e","n/e","n/e","n/e","n/e","n/e","n/e","n/e","n/e","n/e","n/e","0","46","171","121"
"BZN|DK2","22.01.2018 04:00 - 22.01.2018 05:00 (CET/CEST)","401","n/e","n/e","141","282","15","n/e","n/e","n/e","n/e","n/e","n/e","n/e","n/e","n/e","n/e","n/e","0","45","161","121"
"BZN|DK2","22.01.2018 05:00 - 22.01.2018 06:00 (CET/CEST)","426","n/e","n/e","141","298","15","n/e","n/e","n/e","n/e","n/e","n/e","n/e","n/e","n/e","n/e","n/e","0","59","189","142"
"BZN|DK2","22.01.2018 06:00 - 22.01.2018 07:00 (CET/CEST)","454","n/e","n/e","142","340","15","n/e","n/e","n/e","n/e","n/e","n/e","n/e","n/e","n/e","n/e","n/e","0","61","202","173"
"BZN|DK2","22.01.2018 07:00 - 22.01.2018 08:00 (CET/CEST)","504","n/e","n/e","175","428","16","n/e","n/e","n/e","n/e","n/e","n/e","n/e","n/e","n/e","n/e","n/e","0","63","278","182"
"BZN|DK2","22.01.2018 08:00 - 22.01.2018 09:00 (CET/CEST)","525","n/e","n/e","241","439","16","n/e","n/e","n/e","n/e","n/e","n/e","n/e","n/e","n/e","n/e","n/e","1","64","310","196"
"BZN|DK2","22.01.2018 09:00 - 22.01.2018 10:00 (CET/CEST)","518","n/e","n/e","243","447","17","n/e","n/e","n/e","n/e","n/e","n/e","n/e","n/e","n/e","n/e","n/e","5","65","297","201"
"BZN|DK2","22.01.2018 10:00 - 22.01.2018 11:00 (CET/CEST)","521","n/e","n/e","243","465","17","n/e","n/e","n/e","n/e","n/e","n/e","n/e","n/e","n/e","n/e","n/e","10","65","270","199"
"BZN|DK2","22.01.2018 11:00 - 22.01.2018 12:00 (CET/CEST)","517","n/e","n/e","240","454","16","n/e","n/e","n/e","n/e","n/e","n/e","n/e","n/e","n/e","n/e","n/e","17","63","280","184"
"BZN|DK2","22.01.2018 12:00 - 22.01.2018 13:00 (CET/CEST)","499","n/e","n/e","240","458","17","n/e","n/e","n/e","n/e","n/e","n/e","n/e","n/e","n/e","n/e","n/e","23","64","291","150"
"BZN|DK2","22.01.2018 13:00 - 22.01.2018 14:00 (CET/CEST)","510","n/e","n/e","240","457","18","n/e","n/e","n/e","n/e","n/e","n/e","n/e","n/e","n/e","n/e","n/e","22","65","258","124"
"BZN|DK2","22.01.2018 14:00 - 22.01.2018 15:00 (CET/CEST)","531","n/e","n/e","241","459","17","n/e","n/e","n/e","n/e","n/e","n/e","n/e","n/e","n/e","n/e","n/e","19","68","246","120"
"BZN|DK2","22.01.2018 15:00 - 22.01.2018 16:00 (CET/CEST)","521","n/e","n/e","248","437","18","n/e","n/e","n/e","n/e","n/e","n/e","n/e","n/e","n/e","n/e","n/e","12","69","190","121"
"BZN|DK2","22.01.2018 16:00 - 22.01.2018 17:00 (CET/CEST)","591","n/e","n/e","260","523","18","n/e","n/e","n/e","n/e","n/e","n/e","n/e","n/e","n/e","n/e","n/e","1","68","199","117"
"BZN|DK2","22.01.2018 17:00 - 22.01.2018 18:00 (CET/CEST)","638","n/e","n/e","266","532","18","n/e","n/e","n/e","n/e","n/e","n/e","n/e","n/e","n/e","n/e","n/e","0","68","181","129"
"BZN|DK2","22.01.2018 18:00 - 22.01.2018 19:00 (CET/CEST)","601","n/e","n/e","267","525","18","n/e","n/e","n/e","n/e","n/e","n/e","n/e","n/e","n/e","n/e","n/e","0","67","190","128"
"BZN|DK2","22.01.2018 19:00 - 22.01.2018 20:00 (CET/CEST)","558","n/e","n/e","266","530","18","n/e","n/e","n/e","n/e","n/e","n/e","n/e","n/e","n/e","n/e","n/e","0","68","200","113"
"BZN|DK2","22.01.2018 20:00 - 22.01.2018 21:00 (CET/CEST)","589","n/e","n/e","265","525","18","n/e","n/e","n/e","n/e","n/e","n/e","n/e","n/e","n/e","n/e","n/e","0","67","145","77"
"BZN|DK2","22.01.2018 21:00 - 22.01.2018 22:00 (CET/CEST)","479","n/e","n/e","260","368","16","n/e","n/e","n/e","n/e","n/e","n/e","n/e","n/e","n/e","n/e","n/e","0","66","131","76"
"BZN|DK2","22.01.2018 22:00 - 22.01.2018 23:00 (CET/CEST)","474","n/e","n/e","184","304","16","n/e","n/e","n/e","n/e","n/e","n/e","n/e","n/e","n/e","n/e","n/e","0","65","99","71"
"BZN|DK2","22.01.2018 23:00 - 23.01.2018 00:00 (CET/CEST)","451","n/e","n/e","151","310","15","n/e","n/e","n/e","n/e","n/e","n/e","n/e","n/e","n/e","n/e","n/e","0","65","65","40"
"BZN|DK2","23.01.2018 00:00 - 23.01.2018 01:00 (CET/CEST)","424","n/e","n/e","143","262","15","n/e","n/e","n/e","n/e","n/e","n/e","n/e","n/e","n/e","n/e","n/e","0","52","43","26"
"BZN|DK2","23.01.2018 01:00 - 23.01.2018 02:00 (CET/CEST)","398","n/e","n/e","143","294","15","n/e","n/e","n/e","n/e","n/e","n/e","n/e","n/e","n/e","n/e","n/e","0","48","17","21"
"BZN|DK2","23.01.2018 02:00 - 23.01.2018 03:00 (CET/CEST)","391","n/e","n/e","142","293","15","n/e","n/e","n/e","n/e","n/e","n/e","n/e","n/e","n/e","n/e","n/e","0","47","10","23"
"BZN|DK2","23.01.2018 03:00 - 23.01.2018 04:00 (CET/CEST)","367","n/e","n/e","142","290","15","n/e","n/e","n/e","n/e","n/e","n/e","n/e","n/e","n/e","n/e","n/e","0","46","5","20"
"BZN|DK2","23.01.2018 04:00 - 23.01.2018 05:00 (CET/CEST)","377","n/e","n/e","143","292","15","n/e","n/e","n/e","n/e","n/e","n/e","n/e","n/e","n/e","n/e","n/e","0","49","1","22"
"BZN|DK2","23.01.2018 05:00 - 23.01.2018 06:00 (CET/CEST)","401","n/e","n/e","142","312","15","n/e","n/e","n/e","n/e","n/e","n/e","n/e","n/e","n/e","n/e","n/e","0","65","3","30"
"BZN|DK2","23.01.2018 06:00 - 23.01.2018 07:00 (CET/CEST)","453","n/e","n/e","144","431","16","n/e","n/e","n/e","n/e","n/e","n/e","n/e","n/e","n/e","n/e","n/e","0","67","13","49"
"BZN|DK2","23.01.2018 07:00 - 23.01.2018 08:00 (CET/CEST)","552","n/e","n/e","191","449","18","n/e","n/e","n/e","n/e","n/e","n/e","n/e","n/e","n/e","n/e","n/e","0","66","21","65"
"BZN|DK2","23.01.2018 08:00 - 23.01.2018 09:00 (CET/CEST)","638","n/e","n/e","248","445","18","n/e","n/e","n/e","n/e","n/e","n/e","n/e","n/e","n/e","n/e","n/e","1","66","57","71"
"BZN|DK2","23.01.2018 09:00 - 23.01.2018 10:00 (CET/CEST)","590","n/e","n/e","252","426","18","n/e","n/e","n/e","n/e","n/e","n/e","n/e","n/e","n/e","n/e","n/e","7","65","62","86"
"BZN|DK2","23.01.2018 10:00 - 23.01.2018 11:00 (CET/CEST)","568","n/e","n/e","248","427","17","n/e","n/e","n/e","n/e","n/e","n/e","n/e","n/e","n/e","n/e","n/e","16","64","66","128"
"BZN|DK2","23.01.2018 11:00 - 23.01.2018 12:00 (CET/CEST)","503","n/e","n/e","237","428","18","n/e","n/e","n/e","n/e","n/e","n/e","n/e","n/e","n/e","n/e","n/e","22","63","83","148"
"BZN|DK2","23.01.2018 12:00 - 23.01.2018 13:00 (CET/CEST)","511","n/e","n/e","244","437","21","n/e","n/e","n/e","n/e","n/e","n/e","n/e","n/e","n/e","n/e","n/e","25","65","115","168"
"BZN|DK2","23.01.2018 13:00 - 23.01.2018 14:00 (CET/CEST)","468","n/e","n/e","244","439","20","n/e","n/e","n/e","n/e","n/e","n/e","n/e","n/e","n/e","n/e","n/e","25","62","114","173"
"BZN|DK2","23.01.2018 14:00 - 23.01.2018 15:00 (CET/CEST)","456","n/e","n/e","250","471","21","n/e","n/e","n/e","n/e","n/e","n/e","n/e","n/e","n/e","n/e","n/e","14","64","169","173"
"BZN|DK2","23.01.2018 15:00 - 23.01.2018 16:00 (CET/CEST)","434","n/e","n/e","207","451","20","n/e","n/e","n/e","n/e","n/e","n/e","n/e","n/e","n/e","n/e","n/e","6","66","210","183"
"BZN|DK2","23.01.2018 16:00 - 23.01.2018 17:00 (CET/CEST)","438","n/e","n/e","193","475","20","n/e","n/e","n/e","n/e","n/e","n/e","n/e","n/e","n/e","n/e","n/e","1","66","254","214"
"BZN|DK2","23.01.2018 17:00 - 23.01.2018 18:00 (CET/CEST)","474","n/e","n/e","175","431","19","n/e","n/e","n/e","n/e","n/e","n/e","n/e","n/e","n/e","n/e","n/e","0","65","284","269"
"BZN|DK2","23.01.2018 18:00 - 23.01.2018 19:00 (CET/CEST)","493","n/e","n/e","137","364","17","n/e","n/e","n/e","n/e","n/e","n/e","n/e","n/e","n/e","n/e","n/e","0","63","300","333"
"BZN|DK2","23.01.2018 19:00 - 23.01.2018 20:00 (CET/CEST)","472","n/e","n/e","137","273","17","n/e","n/e","n/e","n/e","n/e","n/e","n/e","n/e","n/e","n/e","n/e","0","62","339","409"
"BZN|DK2","23.01.2018 20:00 - 23.01.2018 21:00 (CET/CEST)","477","n/e","n/e","133","269","16","n/e","n/e","n/e","n/e","n/e","n/e","n/e","n/e","n/e","n/e","n/e","0","63","358","451"
"BZN|DK2","23.01.2018 21:00 - 23.01.2018 22:00 (CET/CEST)","482","n/e","n/e","131","259","16","n/e","n/e","n/e","n/e","n/e","n/e","n/e","n/e","n/e","n/e","n/e","0","57","369","481"
"BZN|DK2","23.01.2018 22:00 - 23.01.2018 23:00 (CET/CEST)","463","n/e","n/e","130","255","16","n/e","n/e","n/e","n/e","n/e","n/e","n/e","n/e","n/e","n/e","n/e","0","54","369","501"
"BZN|DK2","23.01.2018 23:00 - 24.01.2018 00:00 (CET/CEST)","444","n/e","n/e","124","262","16","n/e","n/e","n/e","n/e","n/e","n/e","n/e","n/e","n/e","n/e","n/e","0","54","368","514"
"BZN|DK2","24.01.2018 00:00 - 24.01.2018 01:00 (CET/CEST)","432","n/e","n/e","100","271","15","n/e","n/e","n/e","n/e","n/e","n/e","n/e","n/e","n/e","n/e","n/e","0","56","367","513"
"BZN|DK2","24.01.2018 01:00 - 24.01.2018 02:00 (CET/CEST)","441","n/e","n/e","99","270","15","n/e","n/e","n/e","n/e","n/e","n/e","n/e","n/e","n/e","n/e","n/e","0","59","367","473"
"BZN|DK2","24.01.2018 02:00 - 24.01.2018 03:00 (CET/CEST)","441","n/e","n/e","96","265","15","n/e","n/e","n/e","n/e","n/e","n/e","n/e","n/e","n/e","n/e","n/e","0","59","366","467"
"BZN|DK2","24.01.2018 03:00 - 24.01.2018 04:00 (CET/CEST)","442","n/e","n/e","95","263","15","n/e","n/e","n/e","n/e","n/e","n/e","n/e","n/e","n/e","n/e","n/e","0","60","364","424"
"BZN|DK2","24.01.2018 04:00 - 24.01.2018 05:00 (CET/CEST)","441","n/e","n/e","97","261","15","n/e","n/e","n/e","n/e","n/e","n/e","n/e","n/e","n/e","n/e","n/e","0","61","356","428"
"BZN|DK2","24.01.2018 05:00 - 24.01.2018 06:00 (CET/CEST)","437","n/e","n/e","100","262","15","n/e","n/e","n/e","n/e","n/e","n/e","n/e","n/e","n/e","n/e","n/e","0","46","341","384"
"BZN|DK2","24.01.2018 06:00 - 24.01.2018 07:00 (CET/CEST)","445","n/e","n/e","100","277","15","n/e","n/e","n/e","n/e","n/e","n/e","n/e","n/e","n/e","n/e","n/e","0","42","310","341"
"BZN|DK2","24.01.2018 07:00 - 24.01.2018 08:00 (CET/CEST)","439","n/e","n/e","101","287","15","n/e","n/e","n/e","n/e","n/e","n/e","n/e","n/e","n/e","n/e","n/e","0","42","231","331"
"BZN|DK2","24.01.2018 08:00 - 24.01.2018 09:00 (CET/CEST)","438","n/e","n/e","95","273","16","n/e","n/e","n/e","n/e","n/e","n/e","n/e","n/e","n/e","n/e","n/e","1","43","331","288"
"BZN|DK2","24.01.2018 09:00 - 24.01.2018 10:00 (CET/CEST)","440","n/e","n/e","88","271","9","n/e","n/e","n/e","n/e","n/e","n/e","n/e","n/e","n/e","n/e","n/e","10","44","352","315"
"BZN|DK2","24.01.2018 10:00 - 24.01.2018 11:00 (CET/CEST)","443","n/e","n/e","95","273","8","n/e","n/e","n/e","n/e","n/e","n/e","n/e","n/e","n/e","n/e","n/e","13","45","356","358"
"BZN|DK2","24.01.2018 11:00 - 24.01.2018 12:00 (CET/CEST)","440","n/e","n/e","107","274","7","n/e","n/e","n/e","n/e","n/e","n/e","n/e","n/e","n/e","n/e","n/e","17","45","358","410"
"BZN|DK2","24.01.2018 12:00 - 24.01.2018 13:00 (CET/CEST)","432","n/e","n/e","112","317","9","n/e","n/e","n/e","n/e","n/e","n/e","n/e","n/e","n/e","n/e","n/e","15","46","360","444"
"BZN|DK2","24.01.2018 13:00 - 24.01.2018 14:00 (CET/CEST)","430","n/e","n/e","120","347","11","n/e","n/e","n/e","n/e","n/e","n/e","n/e","n/e","n/e","n/e","n/e","14","47","361","467"
"BZN|DK2","24.01.2018 14:00 - 24.01.2018 15:00 (CET/CEST)","430","n/e","n/e","120","354","14","n/e","n/e","n/e","n/e","n/e","n/e","n/e","n/e","n/e","n/e","n/e","12","49","361","465"
"BZN|DK2","24.01.2018 15:00 - 24.01.2018 16:00 (CET/CEST)","428","n/e","n/e","110","346","13","n/e","n/e","n/e","n/e","n/e","n/e","n/e","n/e","n/e","n/e","n/e","4","48","361","491"
"BZN|DK2","24.01.2018 16:00 - 24.01.2018 17:00 (CET/CEST)","429","n/e","n/e","104","312","19","n/e","n/e","n/e","n/e","n/e","n/e","n/e","n/e","n/e","n/e","n/e","1","48","361","521"
"BZN|DK2","24.01.2018 17:00 - 24.01.2018 18:00 (CET/CEST)","432","n/e","n/e","92","270","16","n/e","n/e","n/e","n/e","n/e","n/e","n/e","n/e","n/e","n/e","n/e","0","47","361","548"
"BZN|DK2","24.01.2018 18:00 - 24.01.2018 19:00 (CET/CEST)","441","n/e","n/e","87","266","15","n/e","n/e","n/e","n/e","n/e","n/e","n/e","n/e","n/e","n/e","n/e","0","47","361","560"
"BZN|DK2","24.01.2018 19:00 - 24.01.2018 20:00 (CET/CEST)","441","n/e","n/e","86","267","15","n/e","n/e","n/e","n/e","n/e","n/e","n/e","n/e","n/e","n/e","n/e","0","48","361","561"
"BZN|DK2","24.01.2018 20:00 - 24.01.2018 21:00 (CET/CEST)","424","n/e","n/e","78","267","15","n/e","n/e","n/e","n/e","n/e","n/e","n/e","n/e","n/e","n/e","n/e","0","42","361","524"
"BZN|DK2","24.01.2018 21:00 - 24.01.2018 22:00 (CET/CEST)","341","n/e","n/e","77","302","15","n/e","n/e","n/e","n/e","n/e","n/e","n/e","n/e","n/e","n/e","n/e","0","45","360","454"
"BZN|DK2","24.01.2018 22:00 - 24.01.2018 23:00 (CET/CEST)","309","n/e","n/e","78","284","15","n/e","n/e","n/e","n/e","n/e","n/e","n/e","n/e","n/e","n/e","n/e","0","46","325","368"
"BZN|DK2","24.01.2018 23:00 - 25.01.2018 00:00 (CET/CEST)","313","n/e","n/e","78","262","15","n/e","n/e","n/e","n/e","n/e","n/e","n/e","n/e","n/e","n/e","n/e","0","44","192","353"
"BZN|DK2","25.01.2018 00:00 - 25.01.2018 01:00 (CET/CEST)","367","n/e","n/e","48","359","15","n/e","n/e","n/e","n/e","n/e","n/e","n/e","n/e","n/e","n/e","n/e","0","43","188","342"
"BZN|DK2","25.01.2018 01:00 - 25.01.2018 02:00 (CET/CEST)","321","n/e","n/e","36","305","15","n/e","n/e","n/e","n/e","n/e","n/e","n/e","n/e","n/e","n/e","n/e","0","40","201","355"
"BZN|DK2","25.01.2018 02:00 - 25.01.2018 03:00 (CET/CEST)","312","n/e","n/e","36","309","15","n/e","n/e","n/e","n/e","n/e","n/e","n/e","n/e","n/e","n/e","n/e","0","40","177","350"
"BZN|DK2","25.01.2018 03:00 - 25.01.2018 04:00 (CET/CEST)","310","n/e","n/e","35","309","15","n/e","n/e","n/e","n/e","n/e","n/e","n/e","n/e","n/e","n/e","n/e","0","36","220","361"
"BZN|DK2","25.01.2018 04:00 - 25.01.2018 05:00 (CET/CEST)","305","n/e","n/e","35","301","15","n/e","n/e","n/e","n/e","n/e","n/e","n/e","n/e","n/e","n/e","n/e","0","36","198","350"
"BZN|DK2","25.01.2018 05:00 - 25.01.2018 06:00 (CET/CEST)","337","n/e","n/e","38","330","15","n/e","n/e","n/e","n/e","n/e","n/e","n/e","n/e","n/e","n/e","n/e","0","43","274","360"
"BZN|DK2","25.01.2018 06:00 - 25.01.2018 07:00 (CET/CEST)","425","n/e","n/e","45","330","15","n/e","n/e","n/e","n/e","n/e","n/e","n/e","n/e","n/e","n/e","n/e","0","44","317","346"
"BZN|DK2","25.01.2018 07:00 - 25.01.2018 08:00 (CET/CEST)","470","n/e","n/e","65","356","18","n/e","n/e","n/e","n/e","n/e","n/e","n/e","n/e","n/e","n/e","n/e","0","45","273","338"
"BZN|DK2","25.01.2018 08:00 - 25.01.2018 09:00 (CET/CEST)","459","n/e","n/e","80","328","19","n/e","n/e","n/e","n/e","n/e","n/e","n/e","n/e","n/e","n/e","n/e","1","45","298","331"
"BZN|DK2","25.01.2018 09:00 - 25.01.2018 10:00 (CET/CEST)","444","n/e","n/e","83","355","19","n/e","n/e","n/e","n/e","n/e","n/e","n/e","n/e","n/e","n/e","n/e","10","45","251","304"
"BZN|DK2","25.01.2018 10:00 - 25.01.2018 11:00 (CET/CEST)","443","n/e","n/e","102","342","19","n/e","n/e","n/e","n/e","n/e","n/e","n/e","n/e","n/e","n/e","n/e","20","46","228","326"
"BZN|DK2","25.01.2018 11:00 - 25.01.2018 12:00 (CET/CEST)","441","n/e","n/e","118","340","20","n/e","n/e","n/e","n/e","n/e","n/e","n/e","n/e","n/e","n/e","n/e","32","57","267","320"
"BZN|DK2","25.01.2018 12:00 - 25.01.2018 13:00 (CET/CEST)","439","n/e","n/e","141","323","15","n/e","n/e","n/e","n/e","n/e","n/e","n/e","n/e","n/e","n/e","n/e","38","53","250","291"
"BZN|DK2","25.01.2018 13:00 - 25.01.2018 14:00 (CET/CEST)","439","n/e","n/e","155","366","20","n/e","n/e","n/e","n/e","n/e","n/e","n/e","n/e","n/e","n/e","n/e","34","57","240","275"
"BZN|DK2","25.01.2018 14:00 - 25.01.2018 15:00 (CET/CEST)","438","n/e","n/e","140","341","14","n/e","n/e","n/e","n/e","n/e","n/e","n/e","n/e","n/e","n/e","n/e","28","52","197","238"
"BZN|DK2","25.01.2018 15:00 - 25.01.2018 16:00 (CET/CEST)","449","n/e","n/e","141","347","14","n/e","n/e","n/e","n/e","n/e","n/e","n/e","n/e","n/e","n/e","n/e","20","54","188","234"
"BZN|DK2","25.01.2018 16:00 - 25.01.2018 17:00 (CET/CEST)","464","n/e","n/e","141","338","17","n/e","n/e","n/e","n/e","n/e","n/e","n/e","n/e","n/e","n/e","n/e","3","55","148","204"
"BZN|DK2","25.01.2018 17:00 - 25.01.2018 18:00 (CET/CEST)","461","n/e","n/e","152","401","20","n/e","n/e","n/e","n/e","n/e","n/e","n/e","n/e","n/e","n/e","n/e","0","56","175","189"
"BZN|DK2","25.01.2018 18:00 - 25.01.2018 19:00 (CET/CEST)","461","n/e","n/e","157","387","22","n/e","n/e","n/e","n/e","n/e","n/e","n/e","n/e","n/e","n/e","n/e","0","57","186","187"
"BZN|DK2","25.01.2018 19:00 - 25.01.2018 20:00 (CET/CEST)","460","n/e","n/e","157","367","22","n/e","n/e","n/e","n/e","n/e","n/e","n/e","n/e","n/e","n/e","n/e","0","57","145","179"
"BZN|DK2","25.01.2018 20:00 - 25.01.2018 21:00 (CET/CEST)","446","n/e","n/e","156","345","21","n/e","n/e","n/e","n/e","n/e","n/e","n/e","n/e","n/e","n/e","n/e","0","57","182","178"
"BZN|DK2","25.01.2018 21:00 - 25.01.2018 22:00 (CET/CEST)","442","n/e","n/e","155","340","14","n/e","n/e","n/e","n/e","n/e","n/e","n/e","n/e","n/e","n/e","n/e","0","63","155","155"
"BZN|DK2","25.01.2018 22:00 - 25.01.2018 23:00 (CET/CEST)","440","n/e","n/e","154","339","11","n/e","n/e","n/e","n/e","n/e","n/e","n/e","n/e","n/e","n/e","n/e","0","78","118","139"
"BZN|DK2","25.01.2018 23:00 - 26.01.2018 00:00 (CET/CEST)","442","n/e","n/e","145","334","11","n/e","n/e","n/e","n/e","n/e","n/e","n/e","n/e","n/e","n/e","n/e","0","76","84","114"
"BZN|DK2","26.01.2018 00:00 - 26.01.2018 01:00 (CET/CEST)","443","n/e","n/e","139","361","11","n/e","n/e","n/e","n/e","n/e","n/e","n/e","n/e","n/e","n/e","n/e","0","76","69","102"
"BZN|DK2","26.01.2018 01:00 - 26.01.2018 02:00 (CET/CEST)","441","n/e","n/e","139","384","11","n/e","n/e","n/e","n/e","n/e","n/e","n/e","n/e","n/e","n/e","n/e","0","76","63","78"
"BZN|DK2","26.01.2018 02:00 - 26.01.2018 03:00 (CET/CEST)","439","n/e","n/e","139","386","11","n/e","n/e","n/e","n/e","n/e","n/e","n/e","n/e","n/e","n/e","n/e","0","76","31","62"
"BZN|DK2","26.01.2018 03:00 - 26.01.2018 04:00 (CET/CEST)","434","n/e","n/e","139","389","11","n/e","n/e","n/e","n/e","n/e","n/e","n/e","n/e","n/e","n/e","n/e","0","76","26","46"
"BZN|DK2","26.01.2018 04:00 - 26.01.2018 05:00 (CET/CEST)","416","n/e","n/e","139","377","11","n/e","n/e","n/e","n/e","n/e","n/e","n/e","n/e","n/e","n/e","n/e","0","76","20","31"
"BZN|DK2","26.01.2018 05:00 - 26.01.2018 06:00 (CET/CEST)","432","n/e","n/e","140","375","17","n/e","n/e","n/e","n/e","n/e","n/e","n/e","n/e","n/e","n/e","n/e","0","76","13","20"
"BZN|DK2","26.01.2018 06:00 - 26.01.2018 07:00 (CET/CEST)","442","n/e","n/e","149","385","22","n/e","n/e","n/e","n/e","n/e","n/e","n/e","n/e","n/e","n/e","n/e","0","77","18","16"
"BZN|DK2","26.01.2018 07:00 - 26.01.2018 08:00 (CET/CEST)","490","n/e","n/e","155","448","23","n/e","n/e","n/e","n/e","n/e","n/e","n/e","n/e","n/e","n/e","n/e","0","76","1","11"
"BZN|DK2","26.01.2018 08:00 - 26.01.2018 09:00 (CET/CEST)","515","n/e","n/e","190","468","23","n/e","n/e","n/e","n/e","n/e","n/e","n/e","n/e","n/e","n/e","n/e","2","77","0","10"
"BZN|DK2","26.01.2018 09:00 - 26.01.2018 10:00 (CET/CEST)","562","n/e","n/e","255","467","23","n/e","n/e","n/e","n/e","n/e","n/e","n/e","n/e","n/e","n/e","n/e","12","77","2","11"
"BZN|DK2","26.01.2018 10:00 - 26.01.2018 11:00 (CET/CEST)","533","n/e","n/e","260","467","22","n/e","n/e","n/e","n/e","n/e","n/e","n/e","n/e","n/e","n/e","n/e","20","76","1","10"
"BZN|DK2","26.01.2018 11:00 - 26.01.2018 12:00 (CET/CEST)","484","n/e","n/e","261","402","22","n/e","n/e","n/e","n/e","n/e","n/e","n/e","n/e","n/e","n/e","n/e","24","76","0","8"
"BZN|DK2","26.01.2018 12:00 - 26.01.2018 13:00 (CET/CEST)","535","n/e","n/e","252","459","22","n/e","n/e","n/e","n/e","n/e","n/e","n/e","n/e","n/e","n/e","n/e","31","76","1","8"
"BZN|DK2","26.01.2018 13:00 - 26.01.2018 14:00 (CET/CEST)","517","n/e","n/e","258","471","21","n/e","n/e","n/e","n/e","n/e","n/e","n/e","n/e","n/e","n/e","n/e","26","76","1","8"
"BZN|DK2","26.01.2018 14:00 - 26.01.2018 15:00 (CET/CEST)","528","n/e","n/e","255","471","21","n/e","n/e","n/e","n/e","n/e","n/e","n/e","n/e","n/e","n/e","n/e","18","75","0","10"
"BZN|DK2","26.01.2018 15:00 - 26.01.2018 16:00 (CET/CEST)","544","n/e","n/e","254","459","21","n/e","n/e","n/e","n/e","n/e","n/e","n/e","n/e","n/e","n/e","n/e","8","75","10","9"
"BZN|DK2","26.01.2018 16:00 - 26.01.2018 17:00 (CET/CEST)","562","n/e","n/e","256","455","21","n/e","n/e","n/e","n/e","n/e","n/e","n/e","n/e","n/e","n/e","n/e","1","74","6","8"
"BZN|DK2","26.01.2018 17:00 - 26.01.2018 18:00 (CET/CEST)","588","n/e","n/e","270","441","22","n/e","n/e","n/e","n/e","n/e","n/e","n/e","n/e","n/e","n/e","n/e","0","74","0","11"
"BZN|DK2","26.01.2018 18:00 - 26.01.2018 19:00 (CET/CEST)","612","n/e","n/e","280","519","22","n/e","n/e","n/e","n/e","n/e","n/e","n/e","n/e","n/e","n/e","n/e","0","74","7","14"
"BZN|DK2","26.01.2018 19:00 - 26.01.2018 20:00 (CET/CEST)","486","n/e","n/e","280","453","22","n/e","n/e","n/e","n/e","n/e","n/e","n/e","n/e","n/e","n/e","n/e","0","74","1","18"
"BZN|DK2","26.01.2018 20:00 - 26.01.2018 21:00 (CET/CEST)","452","n/e","n/e","245","340","21","n/e","n/e","n/e","n/e","n/e","n/e","n/e","n/e","n/e","n/e","n/e","0","74","2","23"
"BZN|DK2","26.01.2018 21:00 - 26.01.2018 22:00 (CET/CEST)","444","n/e","n/e","175","298","21","n/e","n/e","n/e","n/e","n/e","n/e","n/e","n/e","n/e","n/e","n/e","0","76","1","38"
"BZN|DK2","26.01.2018 22:00 - 26.01.2018 23:00 (CET/CEST)","447","n/e","n/e","154","292","15","n/e","n/e","n/e","n/e","n/e","n/e","n/e","n/e","n/e","n/e","n/e","0","76","12","52"
"BZN|DK2","26.01.2018 23:00 - 27.01.2018 00:00 (CET/CEST)","450","n/e","n/e","142","287","11","n/e","n/e","n/e","n/e","n/e","n/e","n/e","n/e","n/e","n/e","n/e","0","75","42","63"
"BZN|DK2","27.01.2018 00:00 - 27.01.2018 01:00 (CET/CEST)","461","n/e","n/e","138","303","9","n/e","n/e","n/e","n/e","n/e","n/e","n/e","n/e","n/e","n/e","n/e","0","75","58","92"
"BZN|DK2","27.01.2018 01:00 - 27.01.2018 02:00 (CET/CEST)","460","n/e","n/e","133","306","8","n/e","n/e","n/e","n/e","n/e","n/e","n/e","n/e","n/e","n/e","n/e","0","75","96","106"
"BZN|DK2","27.01.2018 02:00 - 27.01.2018 03:00 (CET/CEST)","455","n/e","n/e","133","306","8","n/e","n/e","n/e","n/e","n/e","n/e","n/e","n/e","n/e","n/e","n/e","0","75","80","119"
"BZN|DK2","27.01.2018 03:00 - 27.01.2018 04:00 (CET/CEST)","456","n/e","n/e","132","306","8","n/e","n/e","n/e","n/e","n/e","n/e","n/e","n/e","n/e","n/e","n/e","0","75","72","113"
"BZN|DK2","27.01.2018 04:00 - 27.01.2018 05:00 (CET/CEST)","457","n/e","n/e","132","299","8","n/e","n/e","n/e","n/e","n/e","n/e","n/e","n/e","n/e","n/e","n/e","0","74","130","105"
"BZN|DK2","27.01.2018 05:00 - 27.01.2018 06:00 (CET/CEST)","441","n/e","n/e","132","296","8","n/e","n/e","n/e","n/e","n/e","n/e","n/e","n/e","n/e","n/e","n/e","0","75","115","98"
"BZN|DK2","27.01.2018 06:00 - 27.01.2018 07:00 (CET/CEST)","440","n/e","n/e","132","303","8","n/e","n/e","n/e","n/e","n/e","n/e","n/e","n/e","n/e","n/e","n/e","0","74","103","97"
"BZN|DK2","27.01.2018 07:00 - 27.01.2018 08:00 (CET/CEST)","442","n/e","n/e","133","306","8","n/e","n/e","n/e","n/e","n/e","n/e","n/e","n/e","n/e","n/e","n/e","0","74","80","95"
"BZN|DK2","27.01.2018 08:00 - 27.01.2018 09:00 (CET/CEST)","441","n/e","n/e","145","321","10","n/e","n/e","n/e","n/e","n/e","n/e","n/e","n/e","n/e","n/e","n/e","3","74","113","101"
"BZN|DK2","27.01.2018 09:00 - 27.01.2018 10:00 (CET/CEST)","463","n/e","n/e","184","372","17","n/e","n/e","n/e","n/e","n/e","n/e","n/e","n/e","n/e","n/e","n/e","17","73","114","109"
"BZN|DK2","27.01.2018 10:00 - 27.01.2018 11:00 (CET/CEST)","446","n/e","n/e","198","383","19","n/e","n/e","n/e","n/e","n/e","n/e","n/e","n/e","n/e","n/e","n/e","29","74","113","122"
"BZN|DK2","27.01.2018 11:00 - 27.01.2018 12:00 (CET/CEST)","443","n/e","n/e","202","371","21","n/e","n/e","n/e","n/e","n/e","n/e","n/e","n/e","n/e","n/e","n/e","41","69","99","135"
"BZN|DK2","27.01.2018 12:00 - 27.01.2018 13:00 (CET/CEST)","433","n/e","n/e","201","352","20","n/e","n/e","n/e","n/e","n/e","n/e","n/e","n/e","n/e","n/e","n/e","46","67","93","153"
"BZN|DK2","27.01.2018 13:00 - 27.01.2018 14:00 (CET/CEST)","435","n/e","n/e","205","313","19","n/e","n/e","n/e","n/e","n/e","n/e","n/e","n/e","n/e","n/e","n/e","38","65","165","197"
"BZN|DK2","27.01.2018 14:00 - 27.01.2018 15:00 (CET/CEST)","465","n/e","n/e","208","316","20","n/e","n/e","n/e","n/e","n/e","n/e","n/e","n/e","n/e","n/e","n/e","25","61","159","202"
"BZN|DK2","27.01.2018 15:00 - 27.01.2018 16:00 (CET/CEST)","470","n/e","n/e","215","333","22","n/e","n/e","n/e","n/e","n/e","n/e","n/e","n/e","n/e","n/e","n/e","15","71","190","221"
"BZN|DK2","27.01.2018 16:00 - 27.01.2018 17:00 (CET/CEST)","480","n/e","n/e","214","329","22","n/e","n/e","n/e","n/e","n/e","n/e","n/e","n/e","n/e","n/e","n/e","2","74","187","245"
"BZN|DK2","27.01.2018 17:00 - 27.01.2018 18:00 (CET/CEST)","499","n/e","n/e","194","306","21","n/e","n/e","n/e","n/e","n/e","n/e","n/e","n/e","n/e","n/e","n/e","0","74","245","290"
"BZN|DK2","27.01.2018 18:00 - 27.01.2018 19:00 (CET/CEST)","495","n/e","n/e","144","313","21","n/e","n/e","n/e","n/e","n/e","n/e","n/e","n/e","n/e","n/e","n/e","0","74","256","303"
"BZN|DK2","27.01.2018 19:00 - 27.01.2018 20:00 (CET/CEST)","459","n/e","n/e","142","315","21","n/e","n/e","n/e","n/e","n/e","n/e","n/e","n/e","n/e","n/e","n/e","0","74","368","346"
"BZN|DK2","27.01.2018 20:00 - 27.01.2018 21:00 (CET/CEST)","459","n/e","n/e","143","298","21","n/e","n/e","n/e","n/e","n/e","n/e","n/e","n/e","n/e","n/e","n/e","0","75","358","411"
"BZN|DK2","27.01.2018 21:00 - 27.01.2018 22:00 (CET/CEST)","453","n/e","n/e","107","294","20","n/e","n/e","n/e","n/e","n/e","n/e","n/e","n/e","n/e","n/e","n/e","0","74","373","462"
"BZN|DK2","27.01.2018 22:00 - 27.01.2018 23:00 (CET/CEST)","439","n/e","n/e","88","287","19","n/e","n/e","n/e","n/e","n/e","n/e","n/e","n/e","n/e","n/e","n/e","0","74","372","541"
"BZN|DK2","27.01.2018 23:00 - 28.01.2018 00:00 (CET/CEST)","345","n/e","n/e","74","275","17","n/e","n/e","n/e","n/e","n/e","n/e","n/e","n/e","n/e","n/e","n/e","0","60","370","540"
"BZN|DK2","28.01.2018 00:00 - 28.01.2018 01:00 (CET/CEST)","302","n/e","n/e","53","276","10","n/e","n/e","n/e","n/e","n/e","n/e","n/e","n/e","n/e","n/e","n/e","0","45","370","532"
"BZN|DK2","28.01.2018 01:00 - 28.01.2018 02:00 (CET/CEST)","289","n/e","n/e","39","280","7","n/e","n/e","n/e","n/e","n/e","n/e","n/e","n/e","n/e","n/e","n/e","0","34","206","500"
"BZN|DK2","28.01.2018 02:00 - 28.01.2018 03:00 (CET/CEST)","295","n/e","n/e","39","266","7","n/e","n/e","n/e","n/e","n/e","n/e","n/e","n/e","n/e","n/e","n/e","0","29","202","475"
"BZN|DK2","28.01.2018 03:00 - 28.01.2018 04:00 (CET/CEST)","294","n/e","n/e","39","266","7","n/e","n/e","n/e","n/e","n/e","n/e","n/e","n/e","n/e","n/e","n/e","0","29","211","448"
"BZN|DK2","28.01.2018 04:00 - 28.01.2018 05:00 (CET/CEST)","289","n/e","n/e","39","260","7","n/e","n/e","n/e","n/e","n/e","n/e","n/e","n/e","n/e","n/e","n/e","0","28","366","458"
"BZN|DK2","28.01.2018 05:00 - 28.01.2018 06:00 (CET/CEST)","357","n/e","n/e","40","260","7","n/e","n/e","n/e","n/e","n/e","n/e","n/e","n/e","n/e","n/e","n/e","0","28","366","443"
"BZN|DK2","28.01.2018 06:00 - 28.01.2018 07:00 (CET/CEST)","382","n/e","n/e","40","263","7","n/e","n/e","n/e","n/e","n/e","n/e","n/e","n/e","n/e","n/e","n/e","0","28","363","445"
"BZN|DK2","28.01.2018 07:00 - 28.01.2018 08:00 (CET/CEST)","306","n/e","n/e","40","261","7","n/e","n/e","n/e","n/e","n/e","n/e","n/e","n/e","n/e","n/e","n/e","0","29","363","457"
"BZN|DK2","28.01.2018 08:00 - 28.01.2018 09:00 (CET/CEST)","394","n/e","n/e","40","261","13","n/e","n/e","n/e","n/e","n/e","n/e","n/e","n/e","n/e","n/e","n/e","4","37","360","456"
"BZN|DK2","28.01.2018 09:00 - 28.01.2018 10:00 (CET/CEST)","453","n/e","n/e","41","265","15","n/e","n/e","n/e","n/e","n/e","n/e","n/e","n/e","n/e","n/e","n/e","25","58","361","465"
"BZN|DK2","28.01.2018 10:00 - 28.01.2018 11:00 (CET/CEST)","449","n/e","n/e","47","262","15","n/e","n/e","n/e","n/e","n/e","n/e","n/e","n/e","n/e","n/e","n/e","38","58","361","475"
"BZN|DK2","28.01.2018 11:00 - 28.01.2018 12:00 (CET/CEST)","449","n/e","n/e","49","267","16","n/e","n/e","n/e","n/e","n/e","n/e","n/e","n/e","n/e","n/e","n/e","37","59","361","484"
"BZN|DK2","28.01.2018 12:00 - 28.01.2018 13:00 (CET/CEST)","433","n/e","n/e","49","265","15","n/e","n/e","n/e","n/e","n/e","n/e","n/e","n/e","n/e","n/e","n/e","38","58","361","490"
"BZN|DK2","28.01.2018 13:00 - 28.01.2018 14:00 (CET/CEST)","436","n/e","n/e","47","268","16","n/e","n/e","n/e","n/e","n/e","n/e","n/e","n/e","n/e","n/e","n/e","39","59","361","493"
"BZN|DK2","28.01.2018 14:00 - 28.01.2018 15:00 (CET/CEST)","438","n/e","n/e","42","264","16","n/e","n/e","n/e","n/e","n/e","n/e","n/e","n/e","n/e","n/e","n/e","25","58","363","488"
"BZN|DK2","28.01.2018 15:00 - 28.01.2018 16:00 (CET/CEST)","448","n/e","n/e","44","266","16","n/e","n/e","n/e","n/e","n/e","n/e","n/e","n/e","n/e","n/e","n/e","14","59","366","464"
"BZN|DK2","28.01.2018 16:00 - 28.01.2018 17:00 (CET/CEST)","451","n/e","n/e","43","269","16","n/e","n/e","n/e","n/e","n/e","n/e","n/e","n/e","n/e","n/e","n/e","3","67","370","456"
"BZN|DK2","28.01.2018 17:00 - 28.01.2018 18:00 (CET/CEST)","471","n/e","n/e","45","273","16","n/e","n/e","n/e","n/e","n/e","n/e","n/e","n/e","n/e","n/e","n/e","0","73","368","434"
"BZN|DK2","28.01.2018 18:00 - 28.01.2018 19:00 (CET/CEST)","472","n/e","n/e","46","272","16","n/e","n/e","n/e","n/e","n/e","n/e","n/e","n/e","n/e","n/e","n/e","0","75","327","378"
"BZN|DK2","28.01.2018 19:00 - 28.01.2018 20:00 (CET/CEST)","451","n/e","n/e","45","272","16","n/e","n/e","n/e","n/e","n/e","n/e","n/e","n/e","n/e","n/e","n/e","0","75","189","327"
"BZN|DK2","28.01.2018 20:00 - 28.01.2018 21:00 (CET/CEST)","444","n/e","n/e","47","309","16","n/e","n/e","n/e","n/e","n/e","n/e","n/e","n/e","n/e","n/e","n/e","0","73","162","279"
"BZN|DK2","28.01.2018 21:00 - 28.01.2018 22:00 (CET/CEST)","443","n/e","n/e","54","299","16","n/e","n/e","n/e","n/e","n/e","n/e","n/e","n/e","n/e","n/e","n/e","0","71","194","241"
"BZN|DK2","28.01.2018 22:00 - 28.01.2018 23:00 (CET/CEST)","444","n/e","n/e","55","277","15","n/e","n/e","n/e","n/e","n/e","n/e","n/e","n/e","n/e","n/e","n/e","0","71","175","250"
"BZN|DK2","28.01.2018 23:00 - 29.01.2018 00:00 (CET/CEST)","438","n/e","n/e","58","271","15","n/e","n/e","n/e","n/e","n/e","n/e","n/e","n/e","n/e","n/e","n/e","0","69","246","236"
"BZN|DK2","29.01.2018 00:00 - 29.01.2018 01:00 (CET/CEST)","440","n/e","n/e","57","270","15","n/e","n/e","n/e","n/e","n/e","n/e","n/e","n/e","n/e","n/e","n/e","0","55","278","236"
"BZN|DK2","29.01.2018 01:00 - 29.01.2018 02:00 (CET/CEST)","390","n/e","n/e","54","269","15","n/e","n/e","n/e","n/e","n/e","n/e","n/e","n/e","n/e","n/e","n/e","0","51","335","276"
"BZN|DK2","29.01.2018 02:00 - 29.01.2018 03:00 (CET/CEST)","311","n/e","n/e","55","271","15","n/e","n/e","n/e","n/e","n/e","n/e","n/e","n/e","n/e","n/e","n/e","0","52","367","329"
"BZN|DK2","29.01.2018 03:00 - 29.01.2018 04:00 (CET/CEST)","309","n/e","n/e","54","270","15","n/e","n/e","n/e","n/e","n/e","n/e","n/e","n/e","n/e","n/e","n/e","0","48","366","394"
"BZN|DK2","29.01.2018 04:00 - 29.01.2018 05:00 (CET/CEST)","315","n/e","n/e","54","271","15","n/e","n/e","n/e","n/e","n/e","n/e","n/e","n/e","n/e","n/e","n/e","0","60","364","450"
"BZN|DK2","29.01.2018 05:00 - 29.01.2018 06:00 (CET/CEST)","363","n/e","n/e","56","261","15","n/e","n/e","n/e","n/e","n/e","n/e","n/e","n/e","n/e","n/e","n/e","0","69","365","489"
"BZN|DK2","29.01.2018 06:00 - 29.01.2018 07:00 (CET/CEST)","433","n/e","n/e","70","278","15","n/e","n/e","n/e","n/e","n/e","n/e","n/e","n/e","n/e","n/e","n/e","0","72","370","520"
"BZN|DK2","29.01.2018 07:00 - 29.01.2018 08:00 (CET/CEST)","441","n/e","n/e","116","306","16","n/e","n/e","n/e","n/e","n/e","n/e","n/e","n/e","n/e","n/e","n/e","0","73","371","563"
"BZN|DK2","29.01.2018 08:00 - 29.01.2018 09:00 (CET/CEST)","437","n/e","n/e","153","298","16","n/e","n/e","n/e","n/e","n/e","n/e","n/e","n/e","n/e","n/e","n/e","1","71","371","565"
"BZN|DK2","29.01.2018 09:00 - 29.01.2018 10:00 (CET/CEST)","442","n/e","n/e","193","355","16","n/e","n/e","n/e","n/e","n/e","n/e","n/e","n/e","n/e","n/e","n/e","4","75","371","552"
"BZN|DK2","29.01.2018 10:00 - 29.01.2018 11:00 (CET/CEST)","436","n/e","n/e","200","363","15","n/e","n/e","n/e","n/e","n/e","n/e","n/e","n/e","n/e","n/e","n/e","10","74","371","562"
"BZN|DK2","29.01.2018 11:00 - 29.01.2018 12:00 (CET/CEST)","432","n/e","n/e","201","329","15","n/e","n/e","n/e","n/e","n/e","n/e","n/e","n/e","n/e","n/e","n/e","18","74","371","572"
"BZN|DK2","29.01.2018 12:00 - 29.01.2018 13:00 (CET/CEST)","429","n/e","n/e","202","293","16","n/e","n/e","n/e","n/e","n/e","n/e","n/e","n/e","n/e","n/e","n/e","22","74","371","565"
"BZN|DK2","29.01.2018 13:00 - 29.01.2018 14:00 (CET/CEST)","436","n/e","n/e","202","272","16","n/e","n/e","n/e","n/e","n/e","n/e","n/e","n/e","n/e","n/e","n/e","25","74","371","533"
"BZN|DK2","29.01.2018 14:00 - 29.01.2018 15:00 (CET/CEST)","430","n/e","n/e","201","267","15","n/e","n/e","n/e","n/e","n/e","n/e","n/e","n/e","n/e","n/e","n/e","21","74","371","500"
"BZN|DK2","29.01.2018 15:00 - 29.01.2018 16:00 (CET/CEST)","442","n/e","n/e","202","296","15","n/e","n/e","n/e","n/e","n/e","n/e","n/e","n/e","n/e","n/e","n/e","10","74","371","461"
"BZN|DK2","29.01.2018 16:00 - 29.01.2018 17:00 (CET/CEST)","453","n/e","n/e","202","300","15","n/e","n/e","n/e","n/e","n/e","n/e","n/e","n/e","n/e","n/e","n/e","1","74","370","424"
"BZN|DK2","29.01.2018 17:00 - 29.01.2018 18:00 (CET/CEST)","476","n/e","n/e","201","301","15","n/e","n/e","n/e","n/e","n/e","n/e","n/e","n/e","n/e","n/e","n/e","0","73","369","413"
"BZN|DK2","29.01.2018 18:00 - 29.01.2018 19:00 (CET/CEST)","475","n/e","n/e","185","302","15","n/e","n/e","n/e","n/e","n/e","n/e","n/e","n/e","n/e","n/e","n/e","0","74","368","423"
"BZN|DK2","29.01.2018 19:00 - 29.01.2018 20:00 (CET/CEST)","458","n/e","n/e","141","295","15","n/e","n/e","n/e","n/e","n/e","n/e","n/e","n/e","n/e","n/e","n/e","0","73","369","435"
"BZN|DK2","29.01.2018 20:00 - 29.01.2018 21:00 (CET/CEST)","438","n/e","n/e","141","268","15","n/e","n/e","n/e","n/e","n/e","n/e","n/e","n/e","n/e","n/e","n/e","0","68","367","461"
"BZN|DK2","29.01.2018 21:00 - 29.01.2018 22:00 (CET/CEST)","384","n/e","n/e","132","262","15","n/e","n/e","n/e","n/e","n/e","n/e","n/e","n/e","n/e","n/e","n/e","0","61","371","475"
"BZN|DK2","29.01.2018 22:00 - 29.01.2018 23:00 (CET/CEST)","303","n/e","n/e","116","261","15","n/e","n/e","n/e","n/e","n/e","n/e","n/e","n/e","n/e","n/e","n/e","0","58","371","494"
"BZN|DK2","29.01.2018 23:00 - 30.01.2018 00:00 (CET/CEST)","319","n/e","n/e","112","261","15","n/e","n/e","n/e","n/e","n/e","n/e","n/e","n/e","n/e","n/e","n/e","0","59","371","507"
"BZN|DK2","30.01.2018 00:00 - 30.01.2018 01:00 (CET/CEST)","334","n/e","n/e","104","264","15","n/e","n/e","n/e","n/e","n/e","n/e","n/e","n/e","n/e","n/e","n/e","0","56","371","527"
"BZN|DK2","30.01.2018 01:00 - 30.01.2018 02:00 (CET/CEST)","344","n/e","n/e","104","265","15","n/e","n/e","n/e","n/e","n/e","n/e","n/e","n/e","n/e","n/e","n/e","0","56","371","536"
"BZN|DK2","30.01.2018 02:00 - 30.01.2018 03:00 (CET/CEST)","439","n/e","n/e","104","265","15","n/e","n/e","n/e","n/e","n/e","n/e","n/e","n/e","n/e","n/e","n/e","0","56","371","537"
"BZN|DK2","30.01.2018 03:00 - 30.01.2018 04:00 (CET/CEST)","438","n/e","n/e","104","266","15","n/e","n/e","n/e","n/e","n/e","n/e","n/e","n/e","n/e","n/e","n/e","0","56","371","530"
"BZN|DK2","30.01.2018 04:00 - 30.01.2018 05:00 (CET/CEST)","456","n/e","n/e","104","266","15","n/e","n/e","n/e","n/e","n/e","n/e","n/e","n/e","n/e","n/e","n/e","0","56","367","500"
"BZN|DK2","30.01.2018 05:00 - 30.01.2018 06:00 (CET/CEST)","480","n/e","n/e","106","268","15","n/e","n/e","n/e","n/e","n/e","n/e","n/e","n/e","n/e","n/e","n/e","0","57","366","489"
"BZN|DK2","30.01.2018 06:00 - 30.01.2018 07:00 (CET/CEST)","474","n/e","n/e","111","286","16","n/e","n/e","n/e","n/e","n/e","n/e","n/e","n/e","n/e","n/e","n/e","0","60","371","476"
"BZN|DK2","30.01.2018 07:00 - 30.01.2018 08:00 (CET/CEST)","485","n/e","n/e","137","315","17","n/e","n/e","n/e","n/e","n/e","n/e","n/e","n/e","n/e","n/e","n/e","0","60","370","469"
"BZN|DK2","30.01.2018 08:00 - 30.01.2018 09:00 (CET/CEST)","470","n/e","n/e","174","323","18","n/e","n/e","n/e","n/e","n/e","n/e","n/e","n/e","n/e","n/e","n/e","6","61","370","448"
"BZN|DK2","30.01.2018 09:00 - 30.01.2018 10:00 (CET/CEST)","486","n/e","n/e","188","324","24","n/e","n/e","n/e","n/e","n/e","n/e","n/e","n/e","n/e","n/e","n/e","32","62","371","438"
"BZN|DK2","30.01.2018 10:00 - 30.01.2018 11:00 (CET/CEST)","479","n/e","n/e","191","310","26","n/e","n/e","n/e","n/e","n/e","n/e","n/e","n/e","n/e","n/e","n/e","57","62","349","417"
"BZN|DK2","30.01.2018 11:00 - 30.01.2018 12:00 (CET/CEST)","480","n/e","n/e","198","310","28","n/e","n/e","n/e","n/e","n/e","n/e","n/e","n/e","n/e","n/e","n/e","71","62","344","397"
"BZN|DK2","30.01.2018 12:00 - 30.01.2018 13:00 (CET/CEST)","472","n/e","n/e","201","309","27","n/e","n/e","n/e","n/e","n/e","n/e","n/e","n/e","n/e","n/e","n/e","75","62","306","405"
"BZN|DK2","30.01.2018 13:00 - 30.01.2018 14:00 (CET/CEST)","477","n/e","n/e","195","312","25","n/e","n/e","n/e","n/e","n/e","n/e","n/e","n/e","n/e","n/e","n/e","58","62","327","356"
"BZN|DK2","30.01.2018 14:00 - 30.01.2018 15:00 (CET/CEST)","477","n/e","n/e","194","301","24","n/e","n/e","n/e","n/e","n/e","n/e","n/e","n/e","n/e","n/e","n/e","39","61","328","320"
"BZN|DK2","30.01.2018 15:00 - 30.01.2018 16:00 (CET/CEST)","485","n/e","n/e","193","301","20","n/e","n/e","n/e","n/e","n/e","n/e","n/e","n/e","n/e","n/e","n/e","22","60","315","296"
"BZN|DK2","30.01.2018 16:00 - 30.01.2018 17:00 (CET/CEST)","485","n/e","n/e","192","324","20","n/e","n/e","n/e","n/e","n/e","n/e","n/e","n/e","n/e","n/e","n/e","5","62","314","266"
"BZN|DK2","30.01.2018 17:00 - 30.01.2018 18:00 (CET/CEST)","494","n/e","n/e","192","398","19","n/e","n/e","n/e","n/e","n/e","n/e","n/e","n/e","n/e","n/e","n/e","0","61","319","248"
"BZN|DK2","30.01.2018 18:00 - 30.01.2018 19:00 (CET/CEST)","494","n/e","n/e","159","408","19","n/e","n/e","n/e","n/e","n/e","n/e","n/e","n/e","n/e","n/e","n/e","0","60","279","230"
"BZN|DK2","30.01.2018 19:00 - 30.01.2018 20:00 (CET/CEST)","492","n/e","n/e","144","351","20","n/e","n/e","n/e","n/e","n/e","n/e","n/e","n/e","n/e","n/e","n/e","0","60","197","216"
"BZN|DK2","30.01.2018 20:00 - 30.01.2018 21:00 (CET/CEST)","487","n/e","n/e","143","297","19","n/e","n/e","n/e","n/e","n/e","n/e","n/e","n/e","n/e","n/e","n/e","0","61","159","225"
"BZN|DK2","30.01.2018 21:00 - 30.01.2018 22:00 (CET/CEST)","494","n/e","n/e","144","293","19","n/e","n/e","n/e","n/e","n/e","n/e","n/e","n/e","n/e","n/e","n/e","0","58","192","238"
"BZN|DK2","30.01.2018 22:00 - 30.01.2018 23:00 (CET/CEST)","495","n/e","n/e","141","288","19","n/e","n/e","n/e","n/e","n/e","n/e","n/e","n/e","n/e","n/e","n/e","0","58","173","262"
"BZN|DK2","30.01.2018 23:00 - 31.01.2018 00:00 (CET/CEST)","489","n/e","n/e","140","289","19","n/e","n/e","n/e","n/e","n/e","n/e","n/e","n/e","n/e","n/e","n/e","0","57","220","276"
"BZN|DK2","31.01.2018 00:00 - 31.01.2018 01:00 (CET/CEST)","469","n/e","n/e","145","289","19","n/e","n/e","n/e","n/e","n/e","n/e","n/e","n/e","n/e","n/e","n/e","0","54","263","266"
"BZN|DK2","31.01.2018 01:00 - 31.01.2018 02:00 (CET/CEST)","462","n/e","n/e","151","287","19","n/e","n/e","n/e","n/e","n/e","n/e","n/e","n/e","n/e","n/e","n/e","0","52","217","232"
"BZN|DK2","31.01.2018 02:00 - 31.01.2018 03:00 (CET/CEST)","471","n/e","n/e","150","285","19","n/e","n/e","n/e","n/e","n/e","n/e","n/e","n/e","n/e","n/e","n/e","0","53","255","227"
"BZN|DK2","31.01.2018 03:00 - 31.01.2018 04:00 (CET/CEST)","463","n/e","n/e","151","286","19","n/e","n/e","n/e","n/e","n/e","n/e","n/e","n/e","n/e","n/e","n/e","0","52","255","251"
"BZN|DK2","31.01.2018 04:00 - 31.01.2018 05:00 (CET/CEST)","458","n/e","n/e","150","331","19","n/e","n/e","n/e","n/e","n/e","n/e","n/e","n/e","n/e","n/e","n/e","0","52","257","242"
"BZN|DK2","31.01.2018 05:00 - 31.01.2018 06:00 (CET/CEST)","484","n/e","n/e","150","289","19","n/e","n/e","n/e","n/e","n/e","n/e","n/e","n/e","n/e","n/e","n/e","0","52","299","274"
"BZN|DK2","31.01.2018 06:00 - 31.01.2018 07:00 (CET/CEST)","469","n/e","n/e","151","326","19","n/e","n/e","n/e","n/e","n/e","n/e","n/e","n/e","n/e","n/e","n/e","0","59","281","285"
"BZN|DK2","31.01.2018 07:00 - 31.01.2018 08:00 (CET/CEST)","445","n/e","n/e","152","365","19","n/e","n/e","n/e","n/e","n/e","n/e","n/e","n/e","n/e","n/e","n/e","0","59","282","309"
"BZN|DK2","31.01.2018 08:00 - 31.01.2018 09:00 (CET/CEST)","438","n/e","n/e","152","361","22","n/e","n/e","n/e","n/e","n/e","n/e","n/e","n/e","n/e","n/e","n/e","2","59","328","324"
"BZN|DK2","31.01.2018 09:00 - 31.01.2018 10:00 (CET/CEST)","439","n/e","n/e","152","357","26","n/e","n/e","n/e","n/e","n/e","n/e","n/e","n/e","n/e","n/e","n/e","8","59","347","395"
"BZN|DK2","31.01.2018 10:00 - 31.01.2018 11:00 (CET/CEST)","437","n/e","n/e","187","329","25","n/e","n/e","n/e","n/e","n/e","n/e","n/e","n/e","n/e","n/e","n/e","9","60","353","433"
"BZN|DK2","31.01.2018 11:00 - 31.01.2018 12:00 (CET/CEST)","437","n/e","n/e","200","316","24","n/e","n/e","n/e","n/e","n/e","n/e","n/e","n/e","n/e","n/e","n/e","10","69","371","433"
"BZN|DK2","31.01.2018 12:00 - 31.01.2018 13:00 (CET/CEST)","446","n/e","n/e","201","272","23","n/e","n/e","n/e","n/e","n/e","n/e","n/e","n/e","n/e","n/e","n/e","11","72","371","438"
"BZN|DK2","31.01.2018 13:00 - 31.01.2018 14:00 (CET/CEST)","445","n/e","n/e","205","283","24","n/e","n/e","n/e","n/e","n/e","n/e","n/e","n/e","n/e","n/e","n/e","12","74","371","438"
"BZN|DK2","31.01.2018 14:00 - 31.01.2018 15:00 (CET/CEST)","445","n/e","n/e","210","291","25","n/e","n/e","n/e","n/e","n/e","n/e","n/e","n/e","n/e","n/e","n/e","14","73","358","401"
"BZN|DK2","31.01.2018 15:00 - 31.01.2018 16:00 (CET/CEST)","450","n/e","n/e","211","292","26","n/e","n/e","n/e","n/e","n/e","n/e","n/e","n/e","n/e","n/e","n/e","9","74","273","319"
"BZN|DK2","31.01.2018 16:00 - 31.01.2018 17:00 (CET/CEST)","439","n/e","n/e","209","298","20","n/e","n/e","n/e","n/e","n/e","n/e","n/e","n/e","n/e","n/e","n/e","2","74","211","309"
"BZN|DK2","31.01.2018 17:00 - 31.01.2018 18:00 (CET/CEST)","436","n/e","n/e","210","309","17","n/e","n/e","n/e","n/e","n/e","n/e","n/e","n/e","n/e","n/e","n/e","0","74","335","365"
"BZN|DK2","31.01.2018 18:00 - 31.01.2018 19:00 (CET/CEST)","439","n/e","n/e","199","312","17","n/e","n/e","n/e","n/e","n/e","n/e","n/e","n/e","n/e","n/e","n/e","0","75","267","355"
"BZN|DK2","31.01.2018 19:00 - 31.01.2018 20:00 (CET/CEST)","439","n/e","n/e","149","283","17","n/e","n/e","n/e","n/e","n/e","n/e","n/e","n/e","n/e","n/e","n/e","0","75","156","311"
"BZN|DK2","31.01.2018 20:00 - 31.01.2018 21:00 (CET/CEST)","439","n/e","n/e","144","281","17","n/e","n/e","n/e","n/e","n/e","n/e","n/e","n/e","n/e","n/e","n/e","0","74","248","331"
"BZN|DK2","31.01.2018 21:00 - 31.01.2018 22:00 (CET/CEST)","438","n/e","n/e","144","278","17","n/e","n/e","n/e","n/e","n/e","n/e","n/e","n/e","n/e","n/e","n/e","0","70","297","310"
"BZN|DK2","31.01.2018 22:00 - 31.01.2018 23:00 (CET/CEST)","437","n/e","n/e","144","277","17","n/e","n/e","n/e","n/e","n/e","n/e","n/e","n/e","n/e","n/e","n/e","0","67","298","311"
"BZN|DK2","31.01.2018 23:00 - 01.02.2018 00:00 (CET/CEST)","439","n/e","n/e","143","271","17","n/e","n/e","n/e","n/e","n/e","n/e","n/e","n/e","n/e","n/e","n/e","0","66","324","322"
"BZN|DK2","01.02.2018 00:00 - 01.02.2018 01:00 (CET/CEST)","445","n/e","n/e","142","272","16","n/e","n/e","n/e","n/e","n/e","n/e","n/e","n/e","n/e","n/e","n/e","0","65","340","350"
"BZN|DK2","01.02.2018 01:00 - 01.02.2018 02:00 (CET/CEST)","411","n/e","n/e","141","270","16","n/e","n/e","n/e","n/e","n/e","n/e","n/e","n/e","n/e","n/e","n/e","0","65","351","393"
"BZN|DK2","01.02.2018 02:00 - 01.02.2018 03:00 (CET/CEST)","375","n/e","n/e","141","267","16","n/e","n/e","n/e","n/e","n/e","n/e","n/e","n/e","n/e","n/e","n/e","0","65","355","419"
"BZN|DK2","01.02.2018 03:00 - 01.02.2018 04:00 (CET/CEST)","309","n/e","n/e","138","263","15","n/e","n/e","n/e","n/e","n/e","n/e","n/e","n/e","n/e","n/e","n/e","0","64","354","414"
"BZN|DK2","01.02.2018 04:00 - 01.02.2018 05:00 (CET/CEST)","364","n/e","n/e","139","264","16","n/e","n/e","n/e","n/e","n/e","n/e","n/e","n/e","n/e","n/e","n/e","0","64","350","400"
"BZN|DK2","01.02.2018 05:00 - 01.02.2018 06:00 (CET/CEST)","433","n/e","n/e","140","267","16","n/e","n/e","n/e","n/e","n/e","n/e","n/e","n/e","n/e","n/e","n/e","0","64","356","401"
"BZN|DK2","01.02.2018 06:00 - 01.02.2018 07:00 (CET/CEST)","436","n/e","n/e","136","269","15","n/e","n/e","n/e","n/e","n/e","n/e","n/e","n/e","n/e","n/e","n/e","0","66","361","415"
"BZN|DK2","01.02.2018 07:00 - 01.02.2018 08:00 (CET/CEST)","439","n/e","n/e","137","310","15","n/e","n/e","n/e","n/e","n/e","n/e","n/e","n/e","n/e","n/e","n/e","0","66","366","436"
"BZN|DK2","01.02.2018 08:00 - 01.02.2018 09:00 (CET/CEST)","432","n/e","n/e","138","303","22","n/e","n/e","n/e","n/e","n/e","n/e","n/e","n/e","n/e","n/e","n/e","4","66","367","433"
"BZN|DK2","01.02.2018 09:00 - 01.02.2018 10:00 (CET/CEST)","430","n/e","n/e","160","317","24","n/e","n/e","n/e","n/e","n/e","n/e","n/e","n/e","n/e","n/e","n/e","14","66","359","429"
"BZN|DK2","01.02.2018 10:00 - 01.02.2018 11:00 (CET/CEST)","434","n/e","n/e","193","313","24","n/e","n/e","n/e","n/e","n/e","n/e","n/e","n/e","n/e","n/e","n/e","22","66","338","396"
"BZN|DK2","01.02.2018 11:00 - 01.02.2018 12:00 (CET/CEST)","444","n/e","n/e","200","317","21","n/e","n/e","n/e","n/e","n/e","n/e","n/e","n/e","n/e","n/e","n/e","29","66","338","384"
"BZN|DK2","01.02.2018 12:00 - 01.02.2018 13:00 (CET/CEST)","457","n/e","n/e","200","284","19","n/e","n/e","n/e","n/e","n/e","n/e","n/e","n/e","n/e","n/e","n/e","30","65","334","386"
"BZN|DK2","01.02.2018 13:00 - 01.02.2018 14:00 (CET/CEST)","448","n/e","n/e","201","274","16","n/e","n/e","n/e","n/e","n/e","n/e","n/e","n/e","n/e","n/e","n/e","24","66","338","384"
"BZN|DK2","01.02.2018 14:00 - 01.02.2018 15:00 (CET/CEST)","451","n/e","n/e","201","303","16","n/e","n/e","n/e","n/e","n/e","n/e","n/e","n/e","n/e","n/e","n/e","21","66","311","382"
"BZN|DK2","01.02.2018 15:00 - 01.02.2018 16:00 (CET/CEST)","471","n/e","n/e","197","291","15","n/e","n/e","n/e","n/e","n/e","n/e","n/e","n/e","n/e","n/e","n/e","11","66","350","374"
"BZN|DK2","01.02.2018 16:00 - 01.02.2018 17:00 (CET/CEST)","484","n/e","n/e","198","287","15","n/e","n/e","n/e","n/e","n/e","n/e","n/e","n/e","n/e","n/e","n/e","2","65","357","374"
"BZN|DK2","01.02.2018 17:00 - 01.02.2018 18:00 (CET/CEST)","472","n/e","n/e","202","287","14","n/e","n/e","n/e","n/e","n/e","n/e","n/e","n/e","n/e","n/e","n/e","0","64","357","384"
"BZN|DK2","01.02.2018 18:00 - 01.02.2018 19:00 (CET/CEST)","508","n/e","n/e","238","321","14","n/e","n/e","n/e","n/e","n/e","n/e","n/e","n/e","n/e","n/e","n/e","0","65","350","375"
"BZN|DK2","01.02.2018 19:00 - 01.02.2018 20:00 (CET/CEST)","475","n/e","n/e","171","279","14","n/e","n/e","n/e","n/e","n/e","n/e","n/e","n/e","n/e","n/e","n/e","0","65","365","386"
"BZN|DK2","01.02.2018 20:00 - 01.02.2018 21:00 (CET/CEST)","466","n/e","n/e","134","282","14","n/e","n/e","n/e","n/e","n/e","n/e","n/e","n/e","n/e","n/e","n/e","0","64","359","400"
"BZN|DK2","01.02.2018 21:00 - 01.02.2018 22:00 (CET/CEST)","479","n/e","n/e","135","270","14","n/e","n/e","n/e","n/e","n/e","n/e","n/e","n/e","n/e","n/e","n/e","0","58","360","425"
"BZN|DK2","01.02.2018 22:00 - 01.02.2018 23:00 (CET/CEST)","489","n/e","n/e","135","246","14","n/e","n/e","n/e","n/e","n/e","n/e","n/e","n/e","n/e","n/e","n/e","0","57","369","400"
"BZN|DK2","01.02.2018 23:00 - 02.02.2018 00:00 (CET/CEST)","489","n/e","n/e","134","257","14","n/e","n/e","n/e","n/e","n/e","n/e","n/e","n/e","n/e","n/e","n/e","0","57","370","445"
"BZN|DK2","02.02.2018 00:00 - 02.02.2018 01:00 (CET/CEST)","447","n/e","n/e","135","283","14","n/e","n/e","n/e","n/e","n/e","n/e","n/e","n/e","n/e","n/e","n/e","0","57","370","442"
"BZN|DK2","02.02.2018 01:00 - 02.02.2018 02:00 (CET/CEST)","460","n/e","n/e","134","282","14","n/e","n/e","n/e","n/e","n/e","n/e","n/e","n/e","n/e","n/e","n/e","0","53","371","432"
"BZN|DK2","02.02.2018 02:00 - 02.02.2018 03:00 (CET/CEST)","489","n/e","n/e","134","283","14","n/e","n/e","n/e","n/e","n/e","n/e","n/e","n/e","n/e","n/e","n/e","0","56","371","410"
"BZN|DK2","02.02.2018 03:00 - 02.02.2018 04:00 (CET/CEST)","482","n/e","n/e","134","280","14","n/e","n/e","n/e","n/e","n/e","n/e","n/e","n/e","n/e","n/e","n/e","0","55","370","389"
"BZN|DK2","02.02.2018 04:00 - 02.02.2018 05:00 (CET/CEST)","479","n/e","n/e","135","275","14","n/e","n/e","n/e","n/e","n/e","n/e","n/e","n/e","n/e","n/e","n/e","0","56","364","349"
"BZN|DK2","02.02.2018 05:00 - 02.02.2018 06:00 (CET/CEST)","469","n/e","n/e","136","282","14","n/e","n/e","n/e","n/e","n/e","n/e","n/e","n/e","n/e","n/e","n/e","0","58","355","299"
"BZN|DK2","02.02.2018 06:00 - 02.02.2018 07:00 (CET/CEST)","501","n/e","n/e","141","283","14","n/e","n/e","n/e","n/e","n/e","n/e","n/e","n/e","n/e","n/e","n/e","0","68","340","244"
"BZN|DK2","02.02.2018 07:00 - 02.02.2018 08:00 (CET/CEST)","505","n/e","n/e","143","333","14","n/e","n/e","n/e","n/e","n/e","n/e","n/e","n/e","n/e","n/e","n/e","0","70","307","190"
"BZN|DK2","02.02.2018 08:00 - 02.02.2018 09:00 (CET/CEST)","509","n/e","n/e","168","301","15","n/e","n/e","n/e","n/e","n/e","n/e","n/e","n/e","n/e","n/e","n/e","2","70","257","150"
"BZN|DK2","02.02.2018 09:00 - 02.02.2018 10:00 (CET/CEST)","510","n/e","n/e","203","353","15","n/e","n/e","n/e","n/e","n/e","n/e","n/e","n/e","n/e","n/e","n/e","10","68","189","119"
"BZN|DK2","02.02.2018 10:00 - 02.02.2018 11:00 (CET/CEST)","498","n/e","n/e","178","379","15","n/e","n/e","n/e","n/e","n/e","n/e","n/e","n/e","n/e","n/e","n/e","19","69","146","91"
"BZN|DK2","02.02.2018 11:00 - 02.02.2018 12:00 (CET/CEST)","498","n/e","n/e","157","359","15","n/e","n/e","n/e","n/e","n/e","n/e","n/e","n/e","n/e","n/e","n/e","25","70","111","69"
"BZN|DK2","02.02.2018 12:00 - 02.02.2018 13:00 (CET/CEST)","506","n/e","n/e","150","322","15","n/e","n/e","n/e","n/e","n/e","n/e","n/e","n/e","n/e","n/e","n/e","25","69","88","46"
"BZN|DK2","02.02.2018 13:00 - 02.02.2018 14:00 (CET/CEST)","470","n/e","n/e","158","292","43","n/e","n/e","n/e","n/e","n/e","n/e","n/e","n/e","n/e","n/e","n/e","22","70","64","30"
"BZN|DK2","02.02.2018 14:00 - 02.02.2018 15:00 (CET/CEST)","480","n/e","n/e","208","338","14","n/e","n/e","n/e","n/e","n/e","n/e","n/e","n/e","n/e","n/e","n/e","17","69","23","24"
"BZN|DK2","02.02.2018 15:00 - 02.02.2018 16:00 (CET/CEST)","495","n/e","n/e","240","370","15","n/e","n/e","n/e","n/e","n/e","n/e","n/e","n/e","n/e","n/e","n/e","9","70","6","27"
"BZN|DK2","02.02.2018 16:00 - 02.02.2018 17:00 (CET/CEST)","515","n/e","n/e","234","369","15","n/e","n/e","n/e","n/e","n/e","n/e","n/e","n/e","n/e","n/e","n/e","2","70","0","43"
"BZN|DK2","02.02.2018 17:00 - 02.02.2018 18:00 (CET/CEST)","517","n/e","n/e","221","391","15","n/e","n/e","n/e","n/e","n/e","n/e","n/e","n/e","n/e","n/e","n/e","0","70","0","65"
"BZN|DK2","02.02.2018 18:00 - 02.02.2018 19:00 (CET/CEST)","520","n/e","n/e","209","388","15","n/e","n/e","n/e","n/e","n/e","n/e","n/e","n/e","n/e","n/e","n/e","0","70","1","81"
"BZN|DK2","02.02.2018 19:00 - 02.02.2018 20:00 (CET/CEST)","510","n/e","n/e","138","365","15","n/e","n/e","n/e","n/e","n/e","n/e","n/e","n/e","n/e","n/e","n/e","0","69","2","87"
"BZN|DK2","02.02.2018 20:00 - 02.02.2018 21:00 (CET/CEST)","499","n/e","n/e","136","307","15","n/e","n/e","n/e","n/e","n/e","n/e","n/e","n/e","n/e","n/e","n/e","0","66","5","122"
"BZN|DK2","02.02.2018 21:00 - 02.02.2018 22:00 (CET/CEST)","470","n/e","n/e","136","295","14","n/e","n/e","n/e","n/e","n/e","n/e","n/e","n/e","n/e","n/e","n/e","0","66","11","172"
"BZN|DK2","02.02.2018 22:00 - 02.02.2018 23:00 (CET/CEST)","453","n/e","n/e","136","268","14","n/e","n/e","n/e","n/e","n/e","n/e","n/e","n/e","n/e","n/e","n/e","0","66","57","204"
"BZN|DK2","02.02.2018 23:00 - 03.02.2018 00:00 (CET/CEST)","435","n/e","n/e","137","263","14","n/e","n/e","n/e","n/e","n/e","n/e","n/e","n/e","n/e","n/e","n/e","0","65","148","192"
"BZN|DK2","03.02.2018 00:00 - 03.02.2018 01:00 (CET/CEST)","442","n/e","n/e","136","275","14","n/e","n/e","n/e","n/e","n/e","n/e","n/e","n/e","n/e","n/e","n/e","0","64","174","174"
"BZN|DK2","03.02.2018 01:00 - 03.02.2018 02:00 (CET/CEST)","439","n/e","n/e","136","286","14","n/e","n/e","n/e","n/e","n/e","n/e","n/e","n/e","n/e","n/e","n/e","0","64","139","173"
"BZN|DK2","03.02.2018 02:00 - 03.02.2018 03:00 (CET/CEST)","442","n/e","n/e","136","272","14","n/e","n/e","n/e","n/e","n/e","n/e","n/e","n/e","n/e","n/e","n/e","0","63","119","167"
"BZN|DK2","03.02.2018 03:00 - 03.02.2018 04:00 (CET/CEST)","440","n/e","n/e","136","269","14","n/e","n/e","n/e","n/e","n/e","n/e","n/e","n/e","n/e","n/e","n/e","0","64","151","162"
"BZN|DK2","03.02.2018 04:00 - 03.02.2018 05:00 (CET/CEST)","449","n/e","n/e","135","268","14","n/e","n/e","n/e","n/e","n/e","n/e","n/e","n/e","n/e","n/e","n/e","0","63","123","150"
"BZN|DK2","03.02.2018 05:00 - 03.02.2018 06:00 (CET/CEST)","466","n/e","n/e","136","266","14","n/e","n/e","n/e","n/e","n/e","n/e","n/e","n/e","n/e","n/e","n/e","0","64","110","124"
"BZN|DK2","03.02.2018 06:00 - 03.02.2018 07:00 (CET/CEST)","472","n/e","n/e","137","270","15","n/e","n/e","n/e","n/e","n/e","n/e","n/e","n/e","n/e","n/e","n/e","0","63","114","112"
"BZN|DK2","03.02.2018 07:00 - 03.02.2018 08:00 (CET/CEST)","480","n/e","n/e","144","268","15","n/e","n/e","n/e","n/e","n/e","n/e","n/e","n/e","n/e","n/e","n/e","0","64","81","84"
"BZN|DK2","03.02.2018 08:00 - 03.02.2018 09:00 (CET/CEST)","508","n/e","n/e","146","282","15","n/e","n/e","n/e","n/e","n/e","n/e","n/e","n/e","n/e","n/e","n/e","2","66","51","84"
"BZN|DK2","03.02.2018 09:00 - 03.02.2018 10:00 (CET/CEST)","510","n/e","n/e","203","315","15","n/e","n/e","n/e","n/e","n/e","n/e","n/e","n/e","n/e","n/e","n/e","12","66","29","76"
"BZN|DK2","03.02.2018 10:00 - 03.02.2018 11:00 (CET/CEST)","508","n/e","n/e","263","378","15","n/e","n/e","n/e","n/e","n/e","n/e","n/e","n/e","n/e","n/e","n/e","20","66","59","47"
"BZN|DK2","03.02.2018 11:00 - 03.02.2018 12:00 (CET/CEST)","511","n/e","n/e","268","382","15","n/e","n/e","n/e","n/e","n/e","n/e","n/e","n/e","n/e","n/e","n/e","25","65","21","45"
"BZN|DK2","03.02.2018 12:00 - 03.02.2018 13:00 (CET/CEST)","559","n/e","n/e","268","387","15","n/e","n/e","n/e","n/e","n/e","n/e","n/e","n/e","n/e","n/e","n/e","26","65","3","49"
"BZN|DK2","03.02.2018 13:00 - 03.02.2018 14:00 (CET/CEST)","525","n/e","n/e","263","326","15","n/e","n/e","n/e","n/e","n/e","n/e","n/e","n/e","n/e","n/e","n/e","22","66","6","57"
"BZN|DK2","03.02.2018 14:00 - 03.02.2018 15:00 (CET/CEST)","478","n/e","n/e","244","294","15","n/e","n/e","n/e","n/e","n/e","n/e","n/e","n/e","n/e","n/e","n/e","13","66","16","51"
"BZN|DK2","03.02.2018 15:00 - 03.02.2018 16:00 (CET/CEST)","491","n/e","n/e","242","314","15","n/e","n/e","n/e","n/e","n/e","n/e","n/e","n/e","n/e","n/e","n/e","6","66","12","50"
"BZN|DK2","03.02.2018 16:00 - 03.02.2018 17:00 (CET/CEST)","511","n/e","n/e","241","345","15","n/e","n/e","n/e","n/e","n/e","n/e","n/e","n/e","n/e","n/e","n/e","1","66","40","61"
"BZN|DK2","03.02.2018 17:00 - 03.02.2018 18:00 (CET/CEST)","506","n/e","n/e","240","384","15","n/e","n/e","n/e","n/e","n/e","n/e","n/e","n/e","n/e","n/e","n/e","0","65","22","49"
"BZN|DK2","03.02.2018 18:00 - 03.02.2018 19:00 (CET/CEST)","498","n/e","n/e","225","386","15","n/e","n/e","n/e","n/e","n/e","n/e","n/e","n/e","n/e","n/e","n/e","0","59","4","63"
"BZN|DK2","03.02.2018 19:00 - 03.02.2018 20:00 (CET/CEST)","490","n/e","n/e","146","309","15","n/e","n/e","n/e","n/e","n/e","n/e","n/e","n/e","n/e","n/e","n/e","0","57","4","79"
"BZN|DK2","03.02.2018 20:00 - 03.02.2018 21:00 (CET/CEST)","475","n/e","n/e","141","293","14","n/e","n/e","n/e","n/e","n/e","n/e","n/e","n/e","n/e","n/e","n/e","0","56","8","70"
"BZN|DK2","03.02.2018 21:00 - 03.02.2018 22:00 (CET/CEST)","472","n/e","n/e","142","305","14","n/e","n/e","n/e","n/e","n/e","n/e","n/e","n/e","n/e","n/e","n/e","0","57","2","65"
"BZN|DK2","03.02.2018 22:00 - 03.02.2018 23:00 (CET/CEST)","466","n/e","n/e","142","304","14","n/e","n/e","n/e","n/e","n/e","n/e","n/e","n/e","n/e","n/e","n/e","0","56","2","69"
"BZN|DK2","03.02.2018 23:00 - 04.02.2018 00:00 (CET/CEST)","466","n/e","n/e","141","265","14","n/e","n/e","n/e","n/e","n/e","n/e","n/e","n/e","n/e","n/e","n/e","0","55","8","82"
"BZN|DK2","04.02.2018 00:00 - 04.02.2018 01:00 (CET/CEST)","445","n/e","n/e","141","278","14","n/e","n/e","n/e","n/e","n/e","n/e","n/e","n/e","n/e","n/e","n/e","0","46","34","89"
"BZN|DK2","04.02.2018 01:00 - 04.02.2018 02:00 (CET/CEST)","439","n/e","n/e","141","280","14","n/e","n/e","n/e","n/e","n/e","n/e","n/e","n/e","n/e","n/e","n/e","0","45","33","92"
"BZN|DK2","04.02.2018 02:00 - 04.02.2018 03:00 (CET/CEST)","440","n/e","n/e","140","284","14","n/e","n/e","n/e","n/e","n/e","n/e","n/e","n/e","n/e","n/e","n/e","0","47","28","96"
"BZN|DK2","04.02.2018 03:00 - 04.02.2018 04:00 (CET/CEST)","437","n/e","n/e","139","284","14","n/e","n/e","n/e","n/e","n/e","n/e","n/e","n/e","n/e","n/e","n/e","0","48","29","150"
"BZN|DK2","04.02.2018 04:00 - 04.02.2018 05:00 (CET/CEST)","439","n/e","n/e","140","276","14","n/e","n/e","n/e","n/e","n/e","n/e","n/e","n/e","n/e","n/e","n/e","0","49","71","211"
"BZN|DK2","04.02.2018 05:00 - 04.02.2018 06:00 (CET/CEST)","467","n/e","n/e","140","265","15","n/e","n/e","n/e","n/e","n/e","n/e","n/e","n/e","n/e","n/e","n/e","0","50","65","243"
"BZN|DK2","04.02.2018 06:00 - 04.02.2018 07:00 (CET/CEST)","450","n/e","n/e","140","270","16","n/e","n/e","n/e","n/e","n/e","n/e","n/e","n/e","n/e","n/e","n/e","0","49","72","265"
"BZN|DK2","04.02.2018 07:00 - 04.02.2018 08:00 (CET/CEST)","446","n/e","n/e","142","276","16","n/e","n/e","n/e","n/e","n/e","n/e","n/e","n/e","n/e","n/e","n/e","0","49","84","377"
"BZN|DK2","04.02.2018 08:00 - 04.02.2018 09:00 (CET/CEST)","436","n/e","n/e","188","267","16","n/e","n/e","n/e","n/e","n/e","n/e","n/e","n/e","n/e","n/e","n/e","2","49","218","409"
"BZN|DK2","04.02.2018 09:00 - 04.02.2018 10:00 (CET/CEST)","449","n/e","n/e","208","266","16","n/e","n/e","n/e","n/e","n/e","n/e","n/e","n/e","n/e","n/e","n/e","9","49","346","417"
"BZN|DK2","04.02.2018 10:00 - 04.02.2018 11:00 (CET/CEST)","448","n/e","n/e","212","265","16","n/e","n/e","n/e","n/e","n/e","n/e","n/e","n/e","n/e","n/e","n/e","24","49","350","419"
"BZN|DK2","04.02.2018 11:00 - 04.02.2018 12:00 (CET/CEST)","449","n/e","n/e","211","264","15","n/e","n/e","n/e","n/e","n/e","n/e","n/e","n/e","n/e","n/e","n/e","38","49","356","378"
"BZN|DK2","04.02.2018 12:00 - 04.02.2018 13:00 (CET/CEST)","454","n/e","n/e","211","271","16","n/e","n/e","n/e","n/e","n/e","n/e","n/e","n/e","n/e","n/e","n/e","44","49","330","328"
"BZN|DK2","04.02.2018 13:00 - 04.02.2018 14:00 (CET/CEST)","519","n/e","n/e","204","277","15","n/e","n/e","n/e","n/e","n/e","n/e","n/e","n/e","n/e","n/e","n/e","56","50","331","286"
"BZN|DK2","04.02.2018 14:00 - 04.02.2018 15:00 (CET/CEST)","515","n/e","n/e","208","278","16","n/e","n/e","n/e","n/e","n/e","n/e","n/e","n/e","n/e","n/e","n/e","40","49","278","256"
"BZN|DK2","04.02.2018 15:00 - 04.02.2018 16:00 (CET/CEST)","518","n/e","n/e","208","277","16","n/e","n/e","n/e","n/e","n/e","n/e","n/e","n/e","n/e","n/e","n/e","21","49","264","233"
"BZN|DK2","04.02.2018 16:00 - 04.02.2018 17:00 (CET/CEST)","519","n/e","n/e","209","313","16","n/e","n/e","n/e","n/e","n/e","n/e","n/e","n/e","n/e","n/e","n/e","5","50","287","234"
"BZN|DK2","04.02.2018 17:00 - 04.02.2018 18:00 (CET/CEST)","520","n/e","n/e","210","312","16","n/e","n/e","n/e","n/e","n/e","n/e","n/e","n/e","n/e","n/e","n/e","0","55","252","246"
"BZN|DK2","04.02.2018 18:00 - 04.02.2018 19:00 (CET/CEST)","519","n/e","n/e","210","364","16","n/e","n/e","n/e","n/e","n/e","n/e","n/e","n/e","n/e","n/e","n/e","0","66","249","228"
"BZN|DK2","04.02.2018 19:00 - 04.02.2018 20:00 (CET/CEST)","521","n/e","n/e","209","382","16","n/e","n/e","n/e","n/e","n/e","n/e","n/e","n/e","n/e","n/e","n/e","0","64","256","207"
"BZN|DK2","04.02.2018 20:00 - 04.02.2018 21:00 (CET/CEST)","519","n/e","n/e","205","348","16","n/e","n/e","n/e","n/e","n/e","n/e","n/e","n/e","n/e","n/e","n/e","0","50","269","183"
"BZN|DK2","04.02.2018 21:00 - 04.02.2018 22:00 (CET/CEST)","455","n/e","n/e","204","311","16","n/e","n/e","n/e","n/e","n/e","n/e","n/e","n/e","n/e","n/e","n/e","0","52","279","158"
"BZN|DK2","04.02.2018 22:00 - 04.02.2018 23:00 (CET/CEST)","456","n/e","n/e","204","331","16","n/e","n/e","n/e","n/e","n/e","n/e","n/e","n/e","n/e","n/e","n/e","0","51","255","137"
"BZN|DK2","04.02.2018 23:00 - 05.02.2018 00:00 (CET/CEST)","459","n/e","n/e","201","317","16","n/e","n/e","n/e","n/e","n/e","n/e","n/e","n/e","n/e","n/e","n/e","0","51","187","118"
"BZN|DK2","05.02.2018 00:00 - 05.02.2018 01:00 (CET/CEST)","476","n/e","n/e","145","272","16","n/e","n/e","n/e","n/e","n/e","n/e","n/e","n/e","n/e","n/e","n/e","0","50","176","120"
"BZN|DK2","05.02.2018 01:00 - 05.02.2018 02:00 (CET/CEST)","581","n/e","n/e","142","272","16","n/e","n/e","n/e","n/e","n/e","n/e","n/e","n/e","n/e","n/e","n/e","0","50","186","138"
"BZN|DK2","05.02.2018 02:00 - 05.02.2018 03:00 (CET/CEST)","557","n/e","n/e","142","281","16","n/e","n/e","n/e","n/e","n/e","n/e","n/e","n/e","n/e","n/e","n/e","0","50","195","124"
"BZN|DK2","05.02.2018 03:00 - 05.02.2018 04:00 (CET/CEST)","568","n/e","n/e","142","278","16","n/e","n/e","n/e","n/e","n/e","n/e","n/e","n/e","n/e","n/e","n/e","0","50","155","110"
"BZN|DK2","05.02.2018 04:00 - 05.02.2018 05:00 (CET/CEST)","590","n/e","n/e","142","266","16","n/e","n/e","n/e","n/e","n/e","n/e","n/e","n/e","n/e","n/e","n/e","0","50","137","102"
"BZN|DK2","05.02.2018 05:00 - 05.02.2018 06:00 (CET/CEST)","601","n/e","n/e","142","276","17","n/e","n/e","n/e","n/e","n/e","n/e","n/e","n/e","n/e","n/e","n/e","0","50","137","79"
"BZN|DK2","05.02.2018 06:00 - 05.02.2018 07:00 (CET/CEST)","603","n/e","n/e","146","306","18","n/e","n/e","n/e","n/e","n/e","n/e","n/e","n/e","n/e","n/e","n/e","0","50","142","84"
"BZN|DK2","05.02.2018 07:00 - 05.02.2018 08:00 (CET/CEST)","607","n/e","n/e","187","387","18","n/e","n/e","n/e","n/e","n/e","n/e","n/e","n/e","n/e","n/e","n/e","0","50","154","92"
"BZN|DK2","05.02.2018 08:00 - 05.02.2018 09:00 (CET/CEST)","613","n/e","n/e","228","392","19","n/e","n/e","n/e","n/e","n/e","n/e","n/e","n/e","n/e","n/e","n/e","10","49","141","95"
"BZN|DK2","05.02.2018 09:00 - 05.02.2018 10:00 (CET/CEST)","620","n/e","n/e","230","369","19","n/e","n/e","n/e","n/e","n/e","n/e","n/e","n/e","n/e","n/e","n/e","39","50","112","70"
"BZN|DK2","05.02.2018 10:00 - 05.02.2018 11:00 (CET/CEST)","627","n/e","n/e","230","418","20","n/e","n/e","n/e","n/e","n/e","n/e","n/e","n/e","n/e","n/e","n/e","71","51","74","62"
"BZN|DK2","05.02.2018 11:00 - 05.02.2018 12:00 (CET/CEST)","616","n/e","n/e","228","398","21","n/e","n/e","n/e","n/e","n/e","n/e","n/e","n/e","n/e","n/e","n/e","94","52","62","46"
"BZN|DK2","05.02.2018 12:00 - 05.02.2018 13:00 (CET/CEST)","615","n/e","n/e","223","371","21","n/e","n/e","n/e","n/e","n/e","n/e","n/e","n/e","n/e","n/e","n/e","105","52","57","35"
"BZN|DK2","05.02.2018 13:00 - 05.02.2018 14:00 (CET/CEST)","619","n/e","n/e","222","402","19","n/e","n/e","n/e","n/e","n/e","n/e","n/e","n/e","n/e","n/e","n/e","96","49","59","26"
"BZN|DK2","05.02.2018 14:00 - 05.02.2018 15:00 (CET/CEST)","629","n/e","n/e","219","343","19","n/e","n/e","n/e","n/e","n/e","n/e","n/e","n/e","n/e","n/e","n/e","68","47","44","22"
"BZN|DK2","05.02.2018 15:00 - 05.02.2018 16:00 (CET/CEST)","627","n/e","n/e","232","403","20","n/e","n/e","n/e","n/e","n/e","n/e","n/e","n/e","n/e","n/e","n/e","39","47","45","23"
"BZN|DK2","05.02.2018 16:00 - 05.02.2018 17:00 (CET/CEST)","631","n/e","n/e","236","401","21","n/e","n/e","n/e","n/e","n/e","n/e","n/e","n/e","n/e","n/e","n/e","11","45","41","27"
"BZN|DK2","05.02.2018 17:00 - 05.02.2018 18:00 (CET/CEST)","627","n/e","n/e","237","420","21","n/e","n/e","n/e","n/e","n/e","n/e","n/e","n/e","n/e","n/e","n/e","0","47","40","29"
"BZN|DK2","05.02.2018 18:00 - 05.02.2018 19:00 (CET/CEST)","623","n/e","n/e","238","456","21","n/e","n/e","n/e","n/e","n/e","n/e","n/e","n/e","n/e","n/e","n/e","0","48","39","25"
"BZN|DK2","05.02.2018 19:00 - 05.02.2018 20:00 (CET/CEST)","626","n/e","n/e","238","419","22","n/e","n/e","n/e","n/e","n/e","n/e","n/e","n/e","n/e","n/e","n/e","0","49","37","26"
"BZN|DK2","05.02.2018 20:00 - 05.02.2018 21:00 (CET/CEST)","622","n/e","n/e","205","394","21","n/e","n/e","n/e","n/e","n/e","n/e","n/e","n/e","n/e","n/e","n/e","0","48","34","20"
"BZN|DK2","05.02.2018 21:00 - 05.02.2018 22:00 (CET/CEST)","628","n/e","n/e","198","401","20","n/e","n/e","n/e","n/e","n/e","n/e","n/e","n/e","n/e","n/e","n/e","0","48","21","16"
"BZN|DK2","05.02.2018 22:00 - 05.02.2018 23:00 (CET/CEST)","623","n/e","n/e","197","388","19","n/e","n/e","n/e","n/e","n/e","n/e","n/e","n/e","n/e","n/e","n/e","0","47","12","15"
"BZN|DK2","05.02.2018 23:00 - 06.02.2018 00:00 (CET/CEST)","628","n/e","n/e","197","339","19","n/e","n/e","n/e","n/e","n/e","n/e","n/e","n/e","n/e","n/e","n/e","0","47","6","16"
"BZN|DK2","06.02.2018 00:00 - 06.02.2018 01:00 (CET/CEST)","625","n/e","n/e","196","352","19","n/e","n/e","n/e","n/e","n/e","n/e","n/e","n/e","n/e","n/e","n/e","0","47","1","15"
"BZN|DK2","06.02.2018 01:00 - 06.02.2018 02:00 (CET/CEST)","628","n/e","n/e","197","301","19","n/e","n/e","n/e","n/e","n/e","n/e","n/e","n/e","n/e","n/e","n/e","0","47","0","13"
"BZN|DK2","06.02.2018 02:00 - 06.02.2018 03:00 (CET/CEST)","626","n/e","n/e","196","291","19","n/e","n/e","n/e","n/e","n/e","n/e","n/e","n/e","n/e","n/e","n/e","0","48","1","17"
"BZN|DK2","06.02.2018 03:00 - 06.02.2018 04:00 (CET/CEST)","629","n/e","n/e","196","293","19","n/e","n/e","n/e","n/e","n/e","n/e","n/e","n/e","n/e","n/e","n/e","0","48","2","18"
"BZN|DK2","06.02.2018 04:00 - 06.02.2018 05:00 (CET/CEST)","625","n/e","n/e","196","280","19","n/e","n/e","n/e","n/e","n/e","n/e","n/e","n/e","n/e","n/e","n/e","0","48","1","17"
"BZN|DK2","06.02.2018 05:00 - 06.02.2018 06:00 (CET/CEST)","630","n/e","n/e","211","295","19","n/e","n/e","n/e","n/e","n/e","n/e","n/e","n/e","n/e","n/e","n/e","0","48","1","15"
"BZN|DK2","06.02.2018 06:00 - 06.02.2018 07:00 (CET/CEST)","630","n/e","n/e","215","345","20","n/e","n/e","n/e","n/e","n/e","n/e","n/e","n/e","n/e","n/e","n/e","0","48","5","15"
"BZN|DK2","06.02.2018 07:00 - 06.02.2018 08:00 (CET/CEST)","633","n/e","n/e","235","404","21","n/e","n/e","n/e","n/e","n/e","n/e","n/e","n/e","n/e","n/e","n/e","0","41","9","14"
"BZN|DK2","06.02.2018 08:00 - 06.02.2018 09:00 (CET/CEST)","633","n/e","n/e","284","439","24","n/e","n/e","n/e","n/e","n/e","n/e","n/e","n/e","n/e","n/e","n/e","9","42","11","11"
"BZN|DK2","06.02.2018 09:00 - 06.02.2018 10:00 (CET/CEST)","606","n/e","n/e","286","466","29","n/e","n/e","n/e","n/e","n/e","n/e","n/e","n/e","n/e","n/e","n/e","34","50","7","7"
"BZN|DK2","06.02.2018 10:00 - 06.02.2018 11:00 (CET/CEST)","621","n/e","n/e","281","470","29","n/e","n/e","n/e","n/e","n/e","n/e","n/e","n/e","n/e","n/e","n/e","52","50","1","8"
"BZN|DK2","06.02.2018 11:00 - 06.02.2018 12:00 (CET/CEST)","627","n/e","n/e","305","472","29","n/e","n/e","n/e","n/e","n/e","n/e","n/e","n/e","n/e","n/e","n/e","57","51","0","8"
"BZN|DK2","06.02.2018 12:00 - 06.02.2018 13:00 (CET/CEST)","623","n/e","n/e","318","498","31","n/e","n/e","n/e","n/e","n/e","n/e","n/e","n/e","n/e","n/e","n/e","59","45","0","9"
"BZN|DK2","06.02.2018 13:00 - 06.02.2018 14:00 (CET/CEST)","621","n/e","n/e","307","477","28","n/e","n/e","n/e","n/e","n/e","n/e","n/e","n/e","n/e","n/e","n/e","45","42","4","2196"
"BZN|DK2","06.02.2018 14:00 - 06.02.2018 15:00 (CET/CEST)","618","n/e","n/e","313","500","31","n/e","n/e","n/e","n/e","n/e","n/e","n/e","n/e","n/e","n/e","n/e","35","44","5","341"
"BZN|DK2","06.02.2018 15:00 - 06.02.2018 16:00 (CET/CEST)","633","n/e","n/e","313","451","30","n/e","n/e","n/e","n/e","n/e","n/e","n/e","n/e","n/e","n/e","n/e","26","44","2","7"
"BZN|DK2","06.02.2018 16:00 - 06.02.2018 17:00 (CET/CEST)","632","n/e","n/e","321","456","31","n/e","n/e","n/e","n/e","n/e","n/e","n/e","n/e","n/e","n/e","n/e","9","44","1","7"
"BZN|DK2","06.02.2018 17:00 - 06.02.2018 18:00 (CET/CEST)","628","n/e","n/e","315","461","31","n/e","n/e","n/e","n/e","n/e","n/e","n/e","n/e","n/e","n/e","n/e","0","43","0","8"
"BZN|DK2","06.02.2018 18:00 - 06.02.2018 19:00 (CET/CEST)","628","n/e","n/e","323","455","137","n/e","n/e","n/e","n/e","n/e","n/e","n/e","n/e","n/e","n/e","n/e","0","44","0","7"
"BZN|DK2","06.02.2018 19:00 - 06.02.2018 20:00 (CET/CEST)","628","n/e","n/e","284","426","279","n/e","n/e","n/e","n/e","n/e","n/e","n/e","n/e","n/e","n/e","n/e","0","44","0","8"
"BZN|DK2","06.02.2018 20:00 - 06.02.2018 21:00 (CET/CEST)","628","n/e","n/e","245","450","145","n/e","n/e","n/e","n/e","n/e","n/e","n/e","n/e","n/e","n/e","n/e","0","43","0","12"
"BZN|DK2","06.02.2018 21:00 - 06.02.2018 22:00 (CET/CEST)","579","n/e","n/e","233","435","26","n/e","n/e","n/e","n/e","n/e","n/e","n/e","n/e","n/e","n/e","n/e","0","41","4","16"
"BZN|DK2","06.02.2018 22:00 - 06.02.2018 23:00 (CET/CEST)","581","n/e","n/e","224","326","21","n/e","n/e","n/e","n/e","n/e","n/e","n/e","n/e","n/e","n/e","n/e","0","41","16","21"
"BZN|DK2","06.02.2018 23:00 - 07.02.2018 00:00 (CET/CEST)","576","n/e","n/e","207","326","21","n/e","n/e","n/e","n/e","n/e","n/e","n/e","n/e","n/e","n/e","n/e","0","40","13","21"
"BZN|DK2","07.02.2018 00:00 - 07.02.2018 01:00 (CET/CEST)","455","n/e","n/e","205","318","26","n/e","n/e","n/e","n/e","n/e","n/e","n/e","n/e","n/e","n/e","n/e","0","40","7","27"
"BZN|DK2","07.02.2018 01:00 - 07.02.2018 02:00 (CET/CEST)","395","n/e","n/e","204","308","27","n/e","n/e","n/e","n/e","n/e","n/e","n/e","n/e","n/e","n/e","n/e","0","40","3","29"
"BZN|DK2","07.02.2018 02:00 - 07.02.2018 03:00 (CET/CEST)","395","n/e","n/e","204","317","27","n/e","n/e","n/e","n/e","n/e","n/e","n/e","n/e","n/e","n/e","n/e","0","40","1","27"
"BZN|DK2","07.02.2018 03:00 - 07.02.2018 04:00 (CET/CEST)","397","n/e","n/e","203","320","24","n/e","n/e","n/e","n/e","n/e","n/e","n/e","n/e","n/e","n/e","n/e","0","40","1","23"
"BZN|DK2","07.02.2018 04:00 - 07.02.2018 05:00 (CET/CEST)","402","n/e","n/e","203","309","24","n/e","n/e","n/e","n/e","n/e","n/e","n/e","n/e","n/e","n/e","n/e","0","42","1","22"
"BZN|DK2","07.02.2018 05:00 - 07.02.2018 06:00 (CET/CEST)","450","n/e","n/e","218","392","21","n/e","n/e","n/e","n/e","n/e","n/e","n/e","n/e","n/e","n/e","n/e","0","48","1","23"
"BZN|DK2","07.02.2018 06:00 - 07.02.2018 07:00 (CET/CEST)","570","n/e","n/e","231","460","24","n/e","n/e","n/e","n/e","n/e","n/e","n/e","n/e","n/e","n/e","n/e","0","49","1","27"
"BZN|DK2","07.02.2018 07:00 - 07.02.2018 08:00 (CET/CEST)","616","n/e","n/e","253","561","21","n/e","n/e","n/e","n/e","n/e","n/e","n/e","n/e","n/e","n/e","n/e","1","49","2","32"
"BZN|DK2","07.02.2018 08:00 - 07.02.2018 09:00 (CET/CEST)","616","n/e","n/e","261","523","20","n/e","n/e","n/e","n/e","n/e","n/e","n/e","n/e","n/e","n/e","n/e","14","50","2","36"
"BZN|DK2","07.02.2018 09:00 - 07.02.2018 10:00 (CET/CEST)","611","n/e","n/e","275","485","20","n/e","n/e","n/e","n/e","n/e","n/e","n/e","n/e","n/e","n/e","n/e","38","50","2","39"
"BZN|DK2","07.02.2018 10:00 - 07.02.2018 11:00 (CET/CEST)","639","n/e","n/e","280","553","23","n/e","n/e","n/e","n/e","n/e","n/e","n/e","n/e","n/e","n/e","n/e","48","51","1","37"
"BZN|DK2","07.02.2018 11:00 - 07.02.2018 12:00 (CET/CEST)","639","n/e","n/e","289","607","25","n/e","n/e","n/e","n/e","n/e","n/e","n/e","n/e","n/e","n/e","n/e","54","51","1","35"
"BZN|DK2","07.02.2018 12:00 - 07.02.2018 13:00 (CET/CEST)","635","n/e","n/e","294","560","33","n/e","n/e","n/e","n/e","n/e","n/e","n/e","n/e","n/e","n/e","n/e","63","50","1","42"
"BZN|DK2","07.02.2018 13:00 - 07.02.2018 14:00 (CET/CEST)","633","n/e","n/e","289","587","32","n/e","n/e","n/e","n/e","n/e","n/e","n/e","n/e","n/e","n/e","n/e","56","51","1","36"
"BZN|DK2","07.02.2018 14:00 - 07.02.2018 15:00 (CET/CEST)","635","n/e","n/e","281","571","32","n/e","n/e","n/e","n/e","n/e","n/e","n/e","n/e","n/e","n/e","n/e","44","50","1","40"
"BZN|DK2","07.02.2018 15:00 - 07.02.2018 16:00 (CET/CEST)","635","n/e","n/e","267","558","28","n/e","n/e","n/e","n/e","n/e","n/e","n/e","n/e","n/e","n/e","n/e","31","49","2","44"
"BZN|DK2","07.02.2018 16:00 - 07.02.2018 17:00 (CET/CEST)","635","n/e","n/e","263","529","27","n/e","n/e","n/e","n/e","n/e","n/e","n/e","n/e","n/e","n/e","n/e","11","49","3","41"
"BZN|DK2","07.02.2018 17:00 - 07.02.2018 18:00 (CET/CEST)","641","n/e","n/e","305","576","29","n/e","n/e","n/e","n/e","n/e","n/e","n/e","n/e","n/e","n/e","n/e","0","50","3","45"
"BZN|DK2","07.02.2018 18:00 - 07.02.2018 19:00 (CET/CEST)","651","n/e","n/e","318","477","29","n/e","n/e","n/e","n/e","n/e","n/e","n/e","n/e","n/e","n/e","n/e","0","50","3","46"
"BZN|DK2","07.02.2018 19:00 - 07.02.2018 20:00 (CET/CEST)","645","n/e","n/e","317","455","29","n/e","n/e","n/e","n/e","n/e","n/e","n/e","n/e","n/e","n/e","n/e","0","50","3","43"
"BZN|DK2","07.02.2018 20:00 - 07.02.2018 21:00 (CET/CEST)","651","n/e","n/e","310","463","28","n/e","n/e","n/e","n/e","n/e","n/e","n/e","n/e","n/e","n/e","n/e","0","49","3","47"
"BZN|DK2","07.02.2018 21:00 - 07.02.2018 22:00 (CET/CEST)","518","n/e","n/e","253","454","27","n/e","n/e","n/e","n/e","n/e","n/e","n/e","n/e","n/e","n/e","n/e","0","48","2","48"
"BZN|DK2","07.02.2018 22:00 - 07.02.2018 23:00 (CET/CEST)","446","n/e","n/e","194","422","27","n/e","n/e","n/e","n/e","n/e","n/e","n/e","n/e","n/e","n/e","n/e","0","46","2","55"
"BZN|DK2","07.02.2018 23:00 - 08.02.2018 00:00 (CET/CEST)","424","n/e","n/e","174","339","28","n/e","n/e","n/e","n/e","n/e","n/e","n/e","n/e","n/e","n/e","n/e","0","46","4","67"
"BZN|DK2","08.02.2018 00:00 - 08.02.2018 01:00 (CET/CEST)","494","n/e","n/e","172","307","27","n/e","n/e","n/e","n/e","n/e","n/e","n/e","n/e","n/e","n/e","n/e","0","41","11","73"
"BZN|DK2","08.02.2018 01:00 - 08.02.2018 02:00 (CET/CEST)","495","n/e","n/e","173","348","27","n/e","n/e","n/e","n/e","n/e","n/e","n/e","n/e","n/e","n/e","n/e","0","40","17","78"
"BZN|DK2","08.02.2018 02:00 - 08.02.2018 03:00 (CET/CEST)","483","n/e","n/e","172","337","27","n/e","n/e","n/e","n/e","n/e","n/e","n/e","n/e","n/e","n/e","n/e","0","40","13","68"
"BZN|DK2","08.02.2018 03:00 - 08.02.2018 04:00 (CET/CEST)","485","n/e","n/e","172","308","27","n/e","n/e","n/e","n/e","n/e","n/e","n/e","n/e","n/e","n/e","n/e","0","41","5","76"
"BZN|DK2","08.02.2018 04:00 - 08.02.2018 05:00 (CET/CEST)","498","n/e","n/e","171","310","26","n/e","n/e","n/e","n/e","n/e","n/e","n/e","n/e","n/e","n/e","n/e","0","41","4","78"
"BZN|DK2","08.02.2018 05:00 - 08.02.2018 06:00 (CET/CEST)","550","n/e","n/e","171","310","27","n/e","n/e","n/e","n/e","n/e","n/e","n/e","n/e","n/e","n/e","n/e","0","46","4","58"
"BZN|DK2","08.02.2018 06:00 - 08.02.2018 07:00 (CET/CEST)","606","n/e","n/e","177","323","28","n/e","n/e","n/e","n/e","n/e","n/e","n/e","n/e","n/e","n/e","n/e","0","48","2","50"
"BZN|DK2","08.02.2018 07:00 - 08.02.2018 08:00 (CET/CEST)","642","n/e","n/e","226","436","31","n/e","n/e","n/e","n/e","n/e","n/e","n/e","n/e","n/e","n/e","n/e","1","50","1","45"
"BZN|DK2","08.02.2018 08:00 - 08.02.2018 09:00 (CET/CEST)","643","n/e","n/e","249","461","31","n/e","n/e","n/e","n/e","n/e","n/e","n/e","n/e","n/e","n/e","n/e","16","49","1","38"
"BZN|DK2","08.02.2018 09:00 - 08.02.2018 10:00 (CET/CEST)","645","n/e","n/e","224","413","20","n/e","n/e","n/e","n/e","n/e","n/e","n/e","n/e","n/e","n/e","n/e","36","49","2","37"
"BZN|DK2","08.02.2018 10:00 - 08.02.2018 11:00 (CET/CEST)","641","n/e","n/e","218","391","28","n/e","n/e","n/e","n/e","n/e","n/e","n/e","n/e","n/e","n/e","n/e","73","49","5","34"
"BZN|DK2","08.02.2018 11:00 - 08.02.2018 12:00 (CET/CEST)","643","n/e","n/e","205","390","31","n/e","n/e","n/e","n/e","n/e","n/e","n/e","n/e","n/e","n/e","n/e","105","48","4","36"
"BZN|DK2","08.02.2018 12:00 - 08.02.2018 13:00 (CET/CEST)","626","n/e","n/e","210","393","30","n/e","n/e","n/e","n/e","n/e","n/e","n/e","n/e","n/e","n/e","n/e","118","48","5","47"
"BZN|DK2","08.02.2018 13:00 - 08.02.2018 14:00 (CET/CEST)","606","n/e","n/e","214","393","30","n/e","n/e","n/e","n/e","n/e","n/e","n/e","n/e","n/e","n/e","n/e","110","49","15","50"
"BZN|DK2","08.02.2018 14:00 - 08.02.2018 15:00 (CET/CEST)","594","n/e","n/e","219","370","32","n/e","n/e","n/e","n/e","n/e","n/e","n/e","n/e","n/e","n/e","n/e","82","47","12","58"
"BZN|DK2","08.02.2018 15:00 - 08.02.2018 16:00 (CET/CEST)","596","n/e","n/e","219","362","31","n/e","n/e","n/e","n/e","n/e","n/e","n/e","n/e","n/e","n/e","n/e","46","43","12","56"
"BZN|DK2","08.02.2018 16:00 - 08.02.2018 17:00 (CET/CEST)","604","n/e","n/e","239","443","30","n/e","n/e","n/e","n/e","n/e","n/e","n/e","n/e","n/e","n/e","n/e","16","45","7","50"
"BZN|DK2","08.02.2018 17:00 - 08.02.2018 18:00 (CET/CEST)","608","n/e","n/e","247","454","29","n/e","n/e","n/e","n/e","n/e","n/e","n/e","n/e","n/e","n/e","n/e","1","47","6","48"
"BZN|DK2","08.02.2018 18:00 - 08.02.2018 19:00 (CET/CEST)","616","n/e","n/e","304","538","31","n/e","n/e","n/e","n/e","n/e","n/e","n/e","n/e","n/e","n/e","n/e","0","48","8","55"
"BZN|DK2","08.02.2018 19:00 - 08.02.2018 20:00 (CET/CEST)","595","n/e","n/e","310","556","31","n/e","n/e","n/e","n/e","n/e","n/e","n/e","n/e","n/e","n/e","n/e","0","47","11","61"
"BZN|DK2","08.02.2018 20:00 - 08.02.2018 21:00 (CET/CEST)","593","n/e","n/e","279","480","29","n/e","n/e","n/e","n/e","n/e","n/e","n/e","n/e","n/e","n/e","n/e","0","47","23","75"
"BZN|DK2","08.02.2018 21:00 - 08.02.2018 22:00 (CET/CEST)","591","n/e","n/e","248","302","28","n/e","n/e","n/e","n/e","n/e","n/e","n/e","n/e","n/e","n/e","n/e","0","48","41","91"
"BZN|DK2","08.02.2018 22:00 - 08.02.2018 23:00 (CET/CEST)","557","n/e","n/e","226","295","27","n/e","n/e","n/e","n/e","n/e","n/e","n/e","n/e","n/e","n/e","n/e","0","47","48","96"
"BZN|DK2","08.02.2018 23:00 - 09.02.2018 00:00 (CET/CEST)","545","n/e","n/e","223","305","27","n/e","n/e","n/e","n/e","n/e","n/e","n/e","n/e","n/e","n/e","n/e","0","46","49","96"
"BZN|DK2","09.02.2018 00:00 - 09.02.2018 01:00 (CET/CEST)","518","n/e","n/e","182","324","26","n/e","n/e","n/e","n/e","n/e","n/e","n/e","n/e","n/e","n/e","n/e","0","43","58","99"
"BZN|DK2","09.02.2018 01:00 - 09.02.2018 02:00 (CET/CEST)","518","n/e","n/e","163","307","25","n/e","n/e","n/e","n/e","n/e","n/e","n/e","n/e","n/e","n/e","n/e","0","38","65","112"
"BZN|DK2","09.02.2018 02:00 - 09.02.2018 03:00 (CET/CEST)","507","n/e","n/e","161","296","24","n/e","n/e","n/e","n/e","n/e","n/e","n/e","n/e","n/e","n/e","n/e","0","38","71","109"
"BZN|DK2","09.02.2018 03:00 - 09.02.2018 04:00 (CET/CEST)","507","n/e","n/e","159","296","24","n/e","n/e","n/e","n/e","n/e","n/e","n/e","n/e","n/e","n/e","n/e","0","38","74","108"
"BZN|DK2","09.02.2018 04:00 - 09.02.2018 05:00 (CET/CEST)","506","n/e","n/e","160","295","24","n/e","n/e","n/e","n/e","n/e","n/e","n/e","n/e","n/e","n/e","n/e","0","38","59","116"
"BZN|DK2","09.02.2018 05:00 - 09.02.2018 06:00 (CET/CEST)","508","n/e","n/e","160","309","24","n/e","n/e","n/e","n/e","n/e","n/e","n/e","n/e","n/e","n/e","n/e","0","44","61","121"
"BZN|DK2","09.02.2018 06:00 - 09.02.2018 07:00 (CET/CEST)","504","n/e","n/e","164","360","25","n/e","n/e","n/e","n/e","n/e","n/e","n/e","n/e","n/e","n/e","n/e","0","47","73","132"
"BZN|DK2","09.02.2018 07:00 - 09.02.2018 08:00 (CET/CEST)","511","n/e","n/e","205","474","26","n/e","n/e","n/e","n/e","n/e","n/e","n/e","n/e","n/e","n/e","n/e","1","48","88","131"
"BZN|DK2","09.02.2018 08:00 - 09.02.2018 09:00 (CET/CEST)","517","n/e","n/e","240","480","27","n/e","n/e","n/e","n/e","n/e","n/e","n/e","n/e","n/e","n/e","n/e","15","49","110","137"
"BZN|DK2","09.02.2018 09:00 - 09.02.2018 10:00 (CET/CEST)","563","n/e","n/e","243","458","27","n/e","n/e","n/e","n/e","n/e","n/e","n/e","n/e","n/e","n/e","n/e","45","49","133","140"
"BZN|DK2","09.02.2018 10:00 - 09.02.2018 11:00 (CET/CEST)","543","n/e","n/e","240","410","26","n/e","n/e","n/e","n/e","n/e","n/e","n/e","n/e","n/e","n/e","n/e","80","50","141","155"
"BZN|DK2","09.02.2018 11:00 - 09.02.2018 12:00 (CET/CEST)","568","n/e","n/e","239","393","25","n/e","n/e","n/e","n/e","n/e","n/e","n/e","n/e","n/e","n/e","n/e","106","49","135","191"
"BZN|DK2","09.02.2018 12:00 - 09.02.2018 13:00 (CET/CEST)","584","n/e","n/e","243","364","26","n/e","n/e","n/e","n/e","n/e","n/e","n/e","n/e","n/e","n/e","n/e","111","58","124","204"
"BZN|DK2","09.02.2018 13:00 - 09.02.2018 14:00 (CET/CEST)","586","n/e","n/e","240","355","27","n/e","n/e","n/e","n/e","n/e","n/e","n/e","n/e","n/e","n/e","n/e","102","59","150","193"
"BZN|DK2","09.02.2018 14:00 - 09.02.2018 15:00 (CET/CEST)","580","n/e","n/e","237","359","25","n/e","n/e","n/e","n/e","n/e","n/e","n/e","n/e","n/e","n/e","n/e","72","58","128","159"
"BZN|DK2","09.02.2018 15:00 - 09.02.2018 16:00 (CET/CEST)","578","n/e","n/e","235","420","24","n/e","n/e","n/e","n/e","n/e","n/e","n/e","n/e","n/e","n/e","n/e","38","51","117","142"
"BZN|DK2","09.02.2018 16:00 - 09.02.2018 17:00 (CET/CEST)","583","n/e","n/e","239","470","24","n/e","n/e","n/e","n/e","n/e","n/e","n/e","n/e","n/e","n/e","n/e","14","50","117","122"
"BZN|DK2","09.02.2018 17:00 - 09.02.2018 18:00 (CET/CEST)","589","n/e","n/e","304","483","27","n/e","n/e","n/e","n/e","n/e","n/e","n/e","n/e","n/e","n/e","n/e","1","53","115","124"
"BZN|DK2","09.02.2018 18:00 - 09.02.2018 19:00 (CET/CEST)","581","n/e","n/e","313","479","27","n/e","n/e","n/e","n/e","n/e","n/e","n/e","n/e","n/e","n/e","n/e","0","54","133","139"
"BZN|DK2","09.02.2018 19:00 - 09.02.2018 20:00 (CET/CEST)","580","n/e","n/e","311","478","26","n/e","n/e","n/e","n/e","n/e","n/e","n/e","n/e","n/e","n/e","n/e","0","54","147","152"
"BZN|DK2","09.02.2018 20:00 - 09.02.2018 21:00 (CET/CEST)","577","n/e","n/e","250","403","25","n/e","n/e","n/e","n/e","n/e","n/e","n/e","n/e","n/e","n/e","n/e","0","53","161","150"
"BZN|DK2","09.02.2018 21:00 - 09.02.2018 22:00 (CET/CEST)","575","n/e","n/e","226","333","25","n/e","n/e","n/e","n/e","n/e","n/e","n/e","n/e","n/e","n/e","n/e","0","50","137","141"
"BZN|DK2","09.02.2018 22:00 - 09.02.2018 23:00 (CET/CEST)","575","n/e","n/e","172","304","24","n/e","n/e","n/e","n/e","n/e","n/e","n/e","n/e","n/e","n/e","n/e","0","47","92","113"
"BZN|DK2","09.02.2018 23:00 - 10.02.2018 00:00 (CET/CEST)","580","n/e","n/e","166","293","24","n/e","n/e","n/e","n/e","n/e","n/e","n/e","n/e","n/e","n/e","n/e","0","46","100","86"
"BZN|DK2","10.02.2018 00:00 - 10.02.2018 01:00 (CET/CEST)","522","n/e","n/e","169","286","24","n/e","n/e","n/e","n/e","n/e","n/e","n/e","n/e","n/e","n/e","n/e","0","40","65","74"
"BZN|DK2","10.02.2018 01:00 - 10.02.2018 02:00 (CET/CEST)","523","n/e","n/e","165","309","24","n/e","n/e","n/e","n/e","n/e","n/e","n/e","n/e","n/e","n/e","n/e","0","39","55","64"
"BZN|DK2","10.02.2018 02:00 - 10.02.2018 03:00 (CET/CEST)","519","n/e","n/e","166","308","17","n/e","n/e","n/e","n/e","n/e","n/e","n/e","n/e","n/e","n/e","n/e","0","39","47","56"
"BZN|DK2","10.02.2018 03:00 - 10.02.2018 04:00 (CET/CEST)","521","n/e","n/e","165","290","14","n/e","n/e","n/e","n/e","n/e","n/e","n/e","n/e","n/e","n/e","n/e","0","40","48","47"
"BZN|DK2","10.02.2018 04:00 - 10.02.2018 05:00 (CET/CEST)","520","n/e","n/e","166","299","14","n/e","n/e","n/e","n/e","n/e","n/e","n/e","n/e","n/e","n/e","n/e","0","40","40","38"
"BZN|DK2","10.02.2018 05:00 - 10.02.2018 06:00 (CET/CEST)","520","n/e","n/e","166","303","14","n/e","n/e","n/e","n/e","n/e","n/e","n/e","n/e","n/e","n/e","n/e","0","47","38","36"
"BZN|DK2","10.02.2018 06:00 - 10.02.2018 07:00 (CET/CEST)","516","n/e","n/e","166","302","14","n/e","n/e","n/e","n/e","n/e","n/e","n/e","n/e","n/e","n/e","n/e","0","51","35","35"
"BZN|DK2","10.02.2018 07:00 - 10.02.2018 08:00 (CET/CEST)","517","n/e","n/e","165","320","18","n/e","n/e","n/e","n/e","n/e","n/e","n/e","n/e","n/e","n/e","n/e","0","50","27","43"
"BZN|DK2","10.02.2018 08:00 - 10.02.2018 09:00 (CET/CEST)","512","n/e","n/e","176","321","26","n/e","n/e","n/e","n/e","n/e","n/e","n/e","n/e","n/e","n/e","n/e","3","50","23","47"
"BZN|DK2","10.02.2018 09:00 - 10.02.2018 10:00 (CET/CEST)","495","n/e","n/e","227","397","26","n/e","n/e","n/e","n/e","n/e","n/e","n/e","n/e","n/e","n/e","n/e","17","50","42","53"
"BZN|DK2","10.02.2018 10:00 - 10.02.2018 11:00 (CET/CEST)","503","n/e","n/e","233","440","26","n/e","n/e","n/e","n/e","n/e","n/e","n/e","n/e","n/e","n/e","n/e","49","50","32","55"
"BZN|DK2","10.02.2018 11:00 - 10.02.2018 12:00 (CET/CEST)","503","n/e","n/e","232","478","27","n/e","n/e","n/e","n/e","n/e","n/e","n/e","n/e","n/e","n/e","n/e","54","51","25","50"
"BZN|DK2","10.02.2018 12:00 - 10.02.2018 13:00 (CET/CEST)","507","n/e","n/e","202","456","28","n/e","n/e","n/e","n/e","n/e","n/e","n/e","n/e","n/e","n/e","n/e","45","50","9","48"
"BZN|DK2","10.02.2018 13:00 - 10.02.2018 14:00 (CET/CEST)","502","n/e","n/e","181","427","27","n/e","n/e","n/e","n/e","n/e","n/e","n/e","n/e","n/e","n/e","n/e","49","51","8","45"
"BZN|DK2","10.02.2018 14:00 - 10.02.2018 15:00 (CET/CEST)","502","n/e","n/e","181","428","28","n/e","n/e","n/e","n/e","n/e","n/e","n/e","n/e","n/e","n/e","n/e","44","48","10","36"
"BZN|DK2","10.02.2018 15:00 - 10.02.2018 16:00 (CET/CEST)","493","n/e","n/e","179","465","26","n/e","n/e","n/e","n/e","n/e","n/e","n/e","n/e","n/e","n/e","n/e","26","47","4","31"
"BZN|DK2","10.02.2018 16:00 - 10.02.2018 17:00 (CET/CEST)","500","n/e","n/e","184","453","27","n/e","n/e","n/e","n/e","n/e","n/e","n/e","n/e","n/e","n/e","n/e","7","50","4","32"
"BZN|DK2","10.02.2018 17:00 - 10.02.2018 18:00 (CET/CEST)","502","n/e","n/e","186","487","27","n/e","n/e","n/e","n/e","n/e","n/e","n/e","n/e","n/e","n/e","n/e","0","51","8","48"
"BZN|DK2","10.02.2018 18:00 - 10.02.2018 19:00 (CET/CEST)","425","n/e","n/e","191","487","27","n/e","n/e","n/e","n/e","n/e","n/e","n/e","n/e","n/e","n/e","n/e","0","51","18","63"
"BZN|DK2","10.02.2018 19:00 - 10.02.2018 20:00 (CET/CEST)","390","n/e","n/e","233","436","26","n/e","n/e","n/e","n/e","n/e","n/e","n/e","n/e","n/e","n/e","n/e","0","51","36","71"
"BZN|DK2","10.02.2018 20:00 - 10.02.2018 21:00 (CET/CEST)","401","n/e","n/e","169","390","25","n/e","n/e","n/e","n/e","n/e","n/e","n/e","n/e","n/e","n/e","n/e","0","49","42","82"
"BZN|DK2","10.02.2018 21:00 - 10.02.2018 22:00 (CET/CEST)","400","n/e","n/e","134","309","25","n/e","n/e","n/e","n/e","n/e","n/e","n/e","n/e","n/e","n/e","n/e","0","48","44","83"
"BZN|DK2","10.02.2018 22:00 - 10.02.2018 23:00 (CET/CEST)","385","n/e","n/e","114","315","25","n/e","n/e","n/e","n/e","n/e","n/e","n/e","n/e","n/e","n/e","n/e","0","48","48","94"
"BZN|DK2","10.02.2018 23:00 - 11.02.2018 00:00 (CET/CEST)","387","n/e","n/e","112","313","25","n/e","n/e","n/e","n/e","n/e","n/e","n/e","n/e","n/e","n/e","n/e","0","48","73","103"
"BZN|DK2","11.02.2018 00:00 - 11.02.2018 01:00 (CET/CEST)","432","n/e","n/e","106","320","24","n/e","n/e","n/e","n/e","n/e","n/e","n/e","n/e","n/e","n/e","n/e","0","42","92","117"
"BZN|DK2","11.02.2018 01:00 - 11.02.2018 02:00 (CET/CEST)","453","n/e","n/e","90","317","20","n/e","n/e","n/e","n/e","n/e","n/e","n/e","n/e","n/e","n/e","n/e","0","39","130","128"
"BZN|DK2","11.02.2018 02:00 - 11.02.2018 03:00 (CET/CEST)","458","n/e","n/e","81","313","20","n/e","n/e","n/e","n/e","n/e","n/e","n/e","n/e","n/e","n/e","n/e","0","39","123","152"
"BZN|DK2","11.02.2018 03:00 - 11.02.2018 04:00 (CET/CEST)","468","n/e","n/e","75","307","14","n/e","n/e","n/e","n/e","n/e","n/e","n/e","n/e","n/e","n/e","n/e","0","39","163","184"
"BZN|DK2","11.02.2018 04:00 - 11.02.2018 05:00 (CET/CEST)","512","n/e","n/e","74","310","9","n/e","n/e","n/e","n/e","n/e","n/e","n/e","n/e","n/e","n/e","n/e","0","39","190","223"
"BZN|DK2","11.02.2018 05:00 - 11.02.2018 06:00 (CET/CEST)","515","n/e","n/e","82","333","12","n/e","n/e","n/e","n/e","n/e","n/e","n/e","n/e","n/e","n/e","n/e","0","41","189","247"
"BZN|DK2","11.02.2018 06:00 - 11.02.2018 07:00 (CET/CEST)","516","n/e","n/e","82","315","12","n/e","n/e","n/e","n/e","n/e","n/e","n/e","n/e","n/e","n/e","n/e","0","41","333","291"
"BZN|DK2","11.02.2018 07:00 - 11.02.2018 08:00 (CET/CEST)","512","n/e","n/e","82","297","12","n/e","n/e","n/e","n/e","n/e","n/e","n/e","n/e","n/e","n/e","n/e","0","40","361","334"
"BZN|DK2","11.02.2018 08:00 - 11.02.2018 09:00 (CET/CEST)","511","n/e","n/e","81","324","16","n/e","n/e","n/e","n/e","n/e","n/e","n/e","n/e","n/e","n/e","n/e","3","41","373","363"
"BZN|DK2","11.02.2018 09:00 - 11.02.2018 10:00 (CET/CEST)","508","n/e","n/e","82","335","23","n/e","n/e","n/e","n/e","n/e","n/e","n/e","n/e","n/e","n/e","n/e","12","41","373","377"
"BZN|DK2","11.02.2018 10:00 - 11.02.2018 11:00 (CET/CEST)","512","n/e","n/e","82","340","23","n/e","n/e","n/e","n/e","n/e","n/e","n/e","n/e","n/e","n/e","n/e","19","40","371","371"
"BZN|DK2","11.02.2018 11:00 - 11.02.2018 12:00 (CET/CEST)","508","n/e","n/e","88","349","23","n/e","n/e","n/e","n/e","n/e","n/e","n/e","n/e","n/e","n/e","n/e","23","40","367","372"
"BZN|DK2","11.02.2018 12:00 - 11.02.2018 13:00 (CET/CEST)","510","n/e","n/e","96","346","22","n/e","n/e","n/e","n/e","n/e","n/e","n/e","n/e","n/e","n/e","n/e","17","40","363","368"
"BZN|DK2","11.02.2018 13:00 - 11.02.2018 14:00 (CET/CEST)","511","n/e","n/e","96","312","22","n/e","n/e","n/e","n/e","n/e","n/e","n/e","n/e","n/e","n/e","n/e","9","40","366","373"
"BZN|DK2","11.02.2018 14:00 - 11.02.2018 15:00 (CET/CEST)","512","n/e","n/e","91","308","23","n/e","n/e","n/e","n/e","n/e","n/e","n/e","n/e","n/e","n/e","n/e","6","40","374","380"
"BZN|DK2","11.02.2018 15:00 - 11.02.2018 16:00 (CET/CEST)","511","n/e","n/e","86","303","24","n/e","n/e","n/e","n/e","n/e","n/e","n/e","n/e","n/e","n/e","n/e","4","42","373","385"
"BZN|DK2","11.02.2018 16:00 - 11.02.2018 17:00 (CET/CEST)","509","n/e","n/e","91","317","23","n/e","n/e","n/e","n/e","n/e","n/e","n/e","n/e","n/e","n/e","n/e","2","43","360","391"
"BZN|DK2","11.02.2018 17:00 - 11.02.2018 18:00 (CET/CEST)","513","n/e","n/e","102","340","23","n/e","n/e","n/e","n/e","n/e","n/e","n/e","n/e","n/e","n/e","n/e","0","42","372","406"
"BZN|DK2","11.02.2018 18:00 - 11.02.2018 19:00 (CET/CEST)","511","n/e","n/e","104","335","24","n/e","n/e","n/e","n/e","n/e","n/e","n/e","n/e","n/e","n/e","n/e","0","40","373","408"
"BZN|DK2","11.02.2018 19:00 - 11.02.2018 20:00 (CET/CEST)","504","n/e","n/e","104","323","24","n/e","n/e","n/e","n/e","n/e","n/e","n/e","n/e","n/e","n/e","n/e","0","42","373","419"
"BZN|DK2","11.02.2018 20:00 - 11.02.2018 21:00 (CET/CEST)","501","n/e","n/e","104","319","24","n/e","n/e","n/e","n/e","n/e","n/e","n/e","n/e","n/e","n/e","n/e","0","42","373","417"
"BZN|DK2","11.02.2018 21:00 - 11.02.2018 22:00 (CET/CEST)","494","n/e","n/e","80","313","20","n/e","n/e","n/e","n/e","n/e","n/e","n/e","n/e","n/e","n/e","n/e","0","41","374","408"
"BZN|DK2","11.02.2018 22:00 - 11.02.2018 23:00 (CET/CEST)","490","n/e","n/e","66","314","20","n/e","n/e","n/e","n/e","n/e","n/e","n/e","n/e","n/e","n/e","n/e","0","43","374","414"
"BZN|DK2","11.02.2018 23:00 - 12.02.2018 00:00 (CET/CEST)","494","n/e","n/e","65","306","20","n/e","n/e","n/e","n/e","n/e","n/e","n/e","n/e","n/e","n/e","n/e","0","43","372","420"
"BZN|DK2","12.02.2018 00:00 - 12.02.2018 01:00 (CET/CEST)","476","n/e","n/e","63","315","15","n/e","n/e","n/e","n/e","n/e","n/e","n/e","n/e","n/e","n/e","n/e","0","40","374","418"
"BZN|DK2","12.02.2018 01:00 - 12.02.2018 02:00 (CET/CEST)","465","n/e","n/e","63","317","9","n/e","n/e","n/e","n/e","n/e","n/e","n/e","n/e","n/e","n/e","n/e","0","40","374","418"
"BZN|DK2","12.02.2018 02:00 - 12.02.2018 03:00 (CET/CEST)","463","n/e","n/e","62","313","9","n/e","n/e","n/e","n/e","n/e","n/e","n/e","n/e","n/e","n/e","n/e","0","43","374","414"
"BZN|DK2","12.02.2018 03:00 - 12.02.2018 04:00 (CET/CEST)","460","n/e","n/e","63","302","9","n/e","n/e","n/e","n/e","n/e","n/e","n/e","n/e","n/e","n/e","n/e","0","43","374","415"
"BZN|DK2","12.02.2018 04:00 - 12.02.2018 05:00 (CET/CEST)","461","n/e","n/e","63","300","9","n/e","n/e","n/e","n/e","n/e","n/e","n/e","n/e","n/e","n/e","n/e","0","44","369","406"
"BZN|DK2","12.02.2018 05:00 - 12.02.2018 06:00 (CET/CEST)","465","n/e","n/e","76","300","9","n/e","n/e","n/e","n/e","n/e","n/e","n/e","n/e","n/e","n/e","n/e","0","43","367","394"
"BZN|DK2","12.02.2018 06:00 - 12.02.2018 07:00 (CET/CEST)","467","n/e","n/e","108","325","20","n/e","n/e","n/e","n/e","n/e","n/e","n/e","n/e","n/e","n/e","n/e","0","48","373","404"
"BZN|DK2","12.02.2018 07:00 - 12.02.2018 08:00 (CET/CEST)","458","n/e","n/e","114","359","24","n/e","n/e","n/e","n/e","n/e","n/e","n/e","n/e","n/e","n/e","n/e","0","46","374","413"
"BZN|DK2","12.02.2018 08:00 - 12.02.2018 09:00 (CET/CEST)","444","n/e","n/e","115","389","24","n/e","n/e","n/e","n/e","n/e","n/e","n/e","n/e","n/e","n/e","n/e","6","46","373","411"
"BZN|DK2","12.02.2018 09:00 - 12.02.2018 10:00 (CET/CEST)","437","n/e","n/e","120","424","25","n/e","n/e","n/e","n/e","n/e","n/e","n/e","n/e","n/e","n/e","n/e","17","46","374","414"
"BZN|DK2","12.02.2018 10:00 - 12.02.2018 11:00 (CET/CEST)","439","n/e","n/e","117","416","24","n/e","n/e","n/e","n/e","n/e","n/e","n/e","n/e","n/e","n/e","n/e","42","45","373","409"
"BZN|DK2","12.02.2018 11:00 - 12.02.2018 12:00 (CET/CEST)","438","n/e","n/e","114","386","24","n/e","n/e","n/e","n/e","n/e","n/e","n/e","n/e","n/e","n/e","n/e","42","45","373","404"
"BZN|DK2","12.02.2018 12:00 - 12.02.2018 13:00 (CET/CEST)","440","n/e","n/e","117","405","24","n/e","n/e","n/e","n/e","n/e","n/e","n/e","n/e","n/e","n/e","n/e","38","52","374","402"
"BZN|DK2","12.02.2018 13:00 - 12.02.2018 14:00 (CET/CEST)","439","n/e","n/e","115","357","23","n/e","n/e","n/e","n/e","n/e","n/e","n/e","n/e","n/e","n/e","n/e","36","54","372","398"
"BZN|DK2","12.02.2018 14:00 - 12.02.2018 15:00 (CET/CEST)","439","n/e","n/e","116","370","24","n/e","n/e","n/e","n/e","n/e","n/e","n/e","n/e","n/e","n/e","n/e","35","53","367","373"
"BZN|DK2","12.02.2018 15:00 - 12.02.2018 16:00 (CET/CEST)","436","n/e","n/e","115","356","23","n/e","n/e","n/e","n/e","n/e","n/e","n/e","n/e","n/e","n/e","n/e","26","53","346","325"
"BZN|DK2","12.02.2018 16:00 - 12.02.2018 17:00 (CET/CEST)","437","n/e","n/e","117","392","24","n/e","n/e","n/e","n/e","n/e","n/e","n/e","n/e","n/e","n/e","n/e","11","54","324","319"
"BZN|DK2","12.02.2018 17:00 - 12.02.2018 18:00 (CET/CEST)","439","n/e","n/e","117","415","23","n/e","n/e","n/e","n/e","n/e","n/e","n/e","n/e","n/e","n/e","n/e","0","53","326","329"
"BZN|DK2","12.02.2018 18:00 - 12.02.2018 19:00 (CET/CEST)","440","n/e","n/e","111","417","15","n/e","n/e","n/e","n/e","n/e","n/e","n/e","n/e","n/e","n/e","n/e","0","53","336","314"
"BZN|DK2","12.02.2018 19:00 - 12.02.2018 20:00 (CET/CEST)","439","n/e","n/e","111","444","14","n/e","n/e","n/e","n/e","n/e","n/e","n/e","n/e","n/e","n/e","n/e","0","53","354","300"
"BZN|DK2","12.02.2018 20:00 - 12.02.2018 21:00 (CET/CEST)","436","n/e","n/e","110","426","14","n/e","n/e","n/e","n/e","n/e","n/e","n/e","n/e","n/e","n/e","n/e","0","53","342","285"
"BZN|DK2","12.02.2018 21:00 - 12.02.2018 22:00 (CET/CEST)","433","n/e","n/e","109","421","13","n/e","n/e","n/e","n/e","n/e","n/e","n/e","n/e","n/e","n/e","n/e","0","53","296","239"
"BZN|DK2","12.02.2018 22:00 - 12.02.2018 23:00 (CET/CEST)","430","n/e","n/e","110","374","13","n/e","n/e","n/e","n/e","n/e","n/e","n/e","n/e","n/e","n/e","n/e","0","53","318","250"
"BZN|DK2","12.02.2018 23:00 - 13.02.2018 00:00 (CET/CEST)","445","n/e","n/e","113","370","13","n/e","n/e","n/e","n/e","n/e","n/e","n/e","n/e","n/e","n/e","n/e","0","52","275","250"
"BZN|DK2","13.02.2018 00:00 - 13.02.2018 01:00 (CET/CEST)","569","n/e","n/e","112","353","13","n/e","n/e","n/e","n/e","n/e","n/e","n/e","n/e","n/e","n/e","n/e","0","42","283","253"
"BZN|DK2","13.02.2018 01:00 - 13.02.2018 02:00 (CET/CEST)","576","n/e","n/e","112","319","12","n/e","n/e","n/e","n/e","n/e","n/e","n/e","n/e","n/e","n/e","n/e","0","42","304","244"
"BZN|DK2","13.02.2018 02:00 - 13.02.2018 03:00 (CET/CEST)","577","n/e","n/e","111","319","12","n/e","n/e","n/e","n/e","n/e","n/e","n/e","n/e","n/e","n/e","n/e","0","41","262","217"
"BZN|DK2","13.02.2018 03:00 - 13.02.2018 04:00 (CET/CEST)","579","n/e","n/e","106","322","12","n/e","n/e","n/e","n/e","n/e","n/e","n/e","n/e","n/e","n/e","n/e","0","41","196","194"
"BZN|DK2","13.02.2018 04:00 - 13.02.2018 05:00 (CET/CEST)","576","n/e","n/e","106","329","12","n/e","n/e","n/e","n/e","n/e","n/e","n/e","n/e","n/e","n/e","n/e","0","41","152","152"
"BZN|DK2","13.02.2018 05:00 - 13.02.2018 06:00 (CET/CEST)","565","n/e","n/e","107","342","12","n/e","n/e","n/e","n/e","n/e","n/e","n/e","n/e","n/e","n/e","n/e","0","42","119","131"
"BZN|DK2","13.02.2018 06:00 - 13.02.2018 07:00 (CET/CEST)","572","n/e","n/e","112","349","13","n/e","n/e","n/e","n/e","n/e","n/e","n/e","n/e","n/e","n/e","n/e","0","52","122","125"
"BZN|DK2","13.02.2018 07:00 - 13.02.2018 08:00 (CET/CEST)","543","n/e","n/e","150","401","15","n/e","n/e","n/e","n/e","n/e","n/e","n/e","n/e","n/e","n/e","n/e","0","54","126","124"
"BZN|DK2","13.02.2018 08:00 - 13.02.2018 09:00 (CET/CEST)","561","n/e","n/e","189","451","16","n/e","n/e","n/e","n/e","n/e","n/e","n/e","n/e","n/e","n/e","n/e","6","55","124","117"
"BZN|DK2","13.02.2018 09:00 - 13.02.2018 10:00 (CET/CEST)","564","n/e","n/e","197","438","18","n/e","n/e","n/e","n/e","n/e","n/e","n/e","n/e","n/e","n/e","n/e","17","55","133","123"
"BZN|DK2","13.02.2018 10:00 - 13.02.2018 11:00 (CET/CEST)","563","n/e","n/e","206","440","20","n/e","n/e","n/e","n/e","n/e","n/e","n/e","n/e","n/e","n/e","n/e","30","57","111","103"
"BZN|DK2","13.02.2018 11:00 - 13.02.2018 12:00 (CET/CEST)","573","n/e","n/e","199","427","19","n/e","n/e","n/e","n/e","n/e","n/e","n/e","n/e","n/e","n/e","n/e","36","56","98","80"
"BZN|DK2","13.02.2018 12:00 - 13.02.2018 13:00 (CET/CEST)","571","n/e","n/e","192","402","17","n/e","n/e","n/e","n/e","n/e","n/e","n/e","n/e","n/e","n/e","n/e","41","56","82","55"
"BZN|DK2","13.02.2018 13:00 - 13.02.2018 14:00 (CET/CEST)","572","n/e","n/e","193","337","17","n/e","n/e","n/e","n/e","n/e","n/e","n/e","n/e","n/e","n/e","n/e","42","56","100","47"
"BZN|DK2","13.02.2018 14:00 - 13.02.2018 15:00 (CET/CEST)","559","n/e","n/e","192","390","16","n/e","n/e","n/e","n/e","n/e","n/e","n/e","n/e","n/e","n/e","n/e","37","58","96","49"
"BZN|DK2","13.02.2018 15:00 - 13.02.2018 16:00 (CET/CEST)","564","n/e","n/e","188","391","15","n/e","n/e","n/e","n/e","n/e","n/e","n/e","n/e","n/e","n/e","n/e","26","56","82","41"
"BZN|DK2","13.02.2018 16:00 - 13.02.2018 17:00 (CET/CEST)","569","n/e","n/e","189","422","16","n/e","n/e","n/e","n/e","n/e","n/e","n/e","n/e","n/e","n/e","n/e","8","55","73","40"
"BZN|DK2","13.02.2018 17:00 - 13.02.2018 18:00 (CET/CEST)","571","n/e","n/e","203","479","18","n/e","n/e","n/e","n/e","n/e","n/e","n/e","n/e","n/e","n/e","n/e","0","53","61","38"
"BZN|DK2","13.02.2018 18:00 - 13.02.2018 19:00 (CET/CEST)","569","n/e","n/e","257","479","18","n/e","n/e","n/e","n/e","n/e","n/e","n/e","n/e","n/e","n/e","n/e","0","55","52","39"
"BZN|DK2","13.02.2018 19:00 - 13.02.2018 20:00 (CET/CEST)","571","n/e","n/e","233","413","18","n/e","n/e","n/e","n/e","n/e","n/e","n/e","n/e","n/e","n/e","n/e","0","54","44","44"
"BZN|DK2","13.02.2018 20:00 - 13.02.2018 21:00 (CET/CEST)","570","n/e","n/e","202","346","22","n/e","n/e","n/e","n/e","n/e","n/e","n/e","n/e","n/e","n/e","n/e","0","53","42","54"
"BZN|DK2","13.02.2018 21:00 - 13.02.2018 22:00 (CET/CEST)","571","n/e","n/e","140","382","24","n/e","n/e","n/e","n/e","n/e","n/e","n/e","n/e","n/e","n/e","n/e","0","52","47","65"
"BZN|DK2","13.02.2018 22:00 - 13.02.2018 23:00 (CET/CEST)","570","n/e","n/e","130","363","24","n/e","n/e","n/e","n/e","n/e","n/e","n/e","n/e","n/e","n/e","n/e","0","51","46","66"
"BZN|DK2","13.02.2018 23:00 - 14.02.2018 00:00 (CET/CEST)","573","n/e","n/e","109","332","23","n/e","n/e","n/e","n/e","n/e","n/e","n/e","n/e","n/e","n/e","n/e","0","49","38","56"
"BZN|DK2","14.02.2018 00:00 - 14.02.2018 01:00 (CET/CEST)","572","n/e","n/e","108","339","23","n/e","n/e","n/e","n/e","n/e","n/e","n/e","n/e","n/e","n/e","n/e","0","39","28","44"
"BZN|DK2","14.02.2018 01:00 - 14.02.2018 02:00 (CET/CEST)","574","n/e","n/e","108","334","23","n/e","n/e","n/e","n/e","n/e","n/e","n/e","n/e","n/e","n/e","n/e","0","38","11","32"
"BZN|DK2","14.02.2018 02:00 - 14.02.2018 03:00 (CET/CEST)","574","n/e","n/e","106","342","26","n/e","n/e","n/e","n/e","n/e","n/e","n/e","n/e","n/e","n/e","n/e","0","39","2","23"
"BZN|DK2","14.02.2018 03:00 - 14.02.2018 04:00 (CET/CEST)","577","n/e","n/e","106","334","28","n/e","n/e","n/e","n/e","n/e","n/e","n/e","n/e","n/e","n/e","n/e","0","38","2","25"
"BZN|DK2","14.02.2018 04:00 - 14.02.2018 05:00 (CET/CEST)","582","n/e","n/e","107","338","29","n/e","n/e","n/e","n/e","n/e","n/e","n/e","n/e","n/e","n/e","n/e","0","47","1","27"
"BZN|DK2","14.02.2018 05:00 - 14.02.2018 06:00 (CET/CEST)","576","n/e","n/e","109","336","28","n/e","n/e","n/e","n/e","n/e","n/e","n/e","n/e","n/e","n/e","n/e","0","48","11","26"
"BZN|DK2","14.02.2018 06:00 - 14.02.2018 07:00 (CET/CEST)","578","n/e","n/e","124","412","29","n/e","n/e","n/e","n/e","n/e","n/e","n/e","n/e","n/e","n/e","n/e","0","53","13","36"
"BZN|DK2","14.02.2018 07:00 - 14.02.2018 08:00 (CET/CEST)","579","n/e","n/e","186","453","35","n/e","n/e","n/e","n/e","n/e","n/e","n/e","n/e","n/e","n/e","n/e","0","56","5","45"
"BZN|DK2","14.02.2018 08:00 - 14.02.2018 09:00 (CET/CEST)","581","n/e","n/e","204","426","33","n/e","n/e","n/e","n/e","n/e","n/e","n/e","n/e","n/e","n/e","n/e","13","55","9","43"
"BZN|DK2","14.02.2018 09:00 - 14.02.2018 10:00 (CET/CEST)","580","n/e","n/e","206","427","33","n/e","n/e","n/e","n/e","n/e","n/e","n/e","n/e","n/e","n/e","n/e","53","54","9","45"
"BZN|DK2","14.02.2018 10:00 - 14.02.2018 11:00 (CET/CEST)","582","n/e","n/e","195","388","31","n/e","n/e","n/e","n/e","n/e","n/e","n/e","n/e","n/e","n/e","n/e","99","52","19","53"
"BZN|DK2","14.02.2018 11:00 - 14.02.2018 12:00 (CET/CEST)","581","n/e","n/e","170","391","25","n/e","n/e","n/e","n/e","n/e","n/e","n/e","n/e","n/e","n/e","n/e","127","50","24","73"
"BZN|DK2","14.02.2018 12:00 - 14.02.2018 13:00 (CET/CEST)","583","n/e","n/e","164","390","24","n/e","n/e","n/e","n/e","n/e","n/e","n/e","n/e","n/e","n/e","n/e","136","53","46","88"
"BZN|DK2","14.02.2018 13:00 - 14.02.2018 14:00 (CET/CEST)","581","n/e","n/e","164","365","24","n/e","n/e","n/e","n/e","n/e","n/e","n/e","n/e","n/e","n/e","n/e","126","54","41","93"
"BZN|DK2","14.02.2018 14:00 - 14.02.2018 15:00 (CET/CEST)","578","n/e","n/e","169","373","24","n/e","n/e","n/e","n/e","n/e","n/e","n/e","n/e","n/e","n/e","n/e","100","54","35","98"
"BZN|DK2","14.02.2018 15:00 - 14.02.2018 16:00 (CET/CEST)","578","n/e","n/e","169","386","22","n/e","n/e","n/e","n/e","n/e","n/e","n/e","n/e","n/e","n/e","n/e","58","54","47","106"
"BZN|DK2","14.02.2018 16:00 - 14.02.2018 17:00 (CET/CEST)","582","n/e","n/e","167","413","21","n/e","n/e","n/e","n/e","n/e","n/e","n/e","n/e","n/e","n/e","n/e","16","52","66","118"
"BZN|DK2","14.02.2018 17:00 - 14.02.2018 18:00 (CET/CEST)","581","n/e","n/e","168","394","21","n/e","n/e","n/e","n/e","n/e","n/e","n/e","n/e","n/e","n/e","n/e","0","53","77","144"
"BZN|DK2","14.02.2018 18:00 - 14.02.2018 19:00 (CET/CEST)","572","n/e","n/e","169","467","21","n/e","n/e","n/e","n/e","n/e","n/e","n/e","n/e","n/e","n/e","n/e","0","53","103","180"
"BZN|DK2","14.02.2018 19:00 - 14.02.2018 20:00 (CET/CEST)","572","n/e","n/e","172","375","21","n/e","n/e","n/e","n/e","n/e","n/e","n/e","n/e","n/e","n/e","n/e","0","51","149","213"
"BZN|DK2","14.02.2018 20:00 - 14.02.2018 21:00 (CET/CEST)","581","n/e","n/e","113","338","21","n/e","n/e","n/e","n/e","n/e","n/e","n/e","n/e","n/e","n/e","n/e","0","50","200","260"
"BZN|DK2","14.02.2018 21:00 - 14.02.2018 22:00 (CET/CEST)","522","n/e","n/e","97","348","20","n/e","n/e","n/e","n/e","n/e","n/e","n/e","n/e","n/e","n/e","n/e","0","42","283","295"
"BZN|DK2","14.02.2018 22:00 - 14.02.2018 23:00 (CET/CEST)","514","n/e","n/e","99","320","20","n/e","n/e","n/e","n/e","n/e","n/e","n/e","n/e","n/e","n/e","n/e","0","39","270","310"
"BZN|DK2","14.02.2018 23:00 - 15.02.2018 00:00 (CET/CEST)","539","n/e","n/e","98","375","21","n/e","n/e","n/e","n/e","n/e","n/e","n/e","n/e","n/e","n/e","n/e","0","42","277","318"
"BZN|DK2","15.02.2018 00:00 - 15.02.2018 01:00 (CET/CEST)","584","n/e","n/e","97","334","22","n/e","n/e","n/e","n/e","n/e","n/e","n/e","n/e","n/e","n/e","n/e","0","41","265","312"
"BZN|DK2","15.02.2018 01:00 - 15.02.2018 02:00 (CET/CEST)","584","n/e","n/e","97","326","20","n/e","n/e","n/e","n/e","n/e","n/e","n/e","n/e","n/e","n/e","n/e","0","40","256","314"
"BZN|DK2","15.02.2018 02:00 - 15.02.2018 03:00 (CET/CEST)","585","n/e","n/e","94","310","19","n/e","n/e","n/e","n/e","n/e","n/e","n/e","n/e","n/e","n/e","n/e","0","39","264","322"
"BZN|DK2","15.02.2018 03:00 - 15.02.2018 04:00 (CET/CEST)","578","n/e","n/e","88","289","17","n/e","n/e","n/e","n/e","n/e","n/e","n/e","n/e","n/e","n/e","n/e","0","38","304","334"
"BZN|DK2","15.02.2018 04:00 - 15.02.2018 05:00 (CET/CEST)","578","n/e","n/e","90","289","18","n/e","n/e","n/e","n/e","n/e","n/e","n/e","n/e","n/e","n/e","n/e","0","39","312","347"
"BZN|DK2","15.02.2018 05:00 - 15.02.2018 06:00 (CET/CEST)","582","n/e","n/e","95","316","19","n/e","n/e","n/e","n/e","n/e","n/e","n/e","n/e","n/e","n/e","n/e","0","39","338","369"
"BZN|DK2","15.02.2018 06:00 - 15.02.2018 07:00 (CET/CEST)","579","n/e","n/e","96","331","20","n/e","n/e","n/e","n/e","n/e","n/e","n/e","n/e","n/e","n/e","n/e","0","43","364","354"
"BZN|DK2","15.02.2018 07:00 - 15.02.2018 08:00 (CET/CEST)","577","n/e","n/e","97","329","20","n/e","n/e","n/e","n/e","n/e","n/e","n/e","n/e","n/e","n/e","n/e","1","43","357","347"
"BZN|DK2","15.02.2018 08:00 - 15.02.2018 09:00 (CET/CEST)","582","n/e","n/e","98","316","20","n/e","n/e","n/e","n/e","n/e","n/e","n/e","n/e","n/e","n/e","n/e","13","41","352","374"
"BZN|DK2","15.02.2018 09:00 - 15.02.2018 10:00 (CET/CEST)","585","n/e","n/e","125","329","20","n/e","n/e","n/e","n/e","n/e","n/e","n/e","n/e","n/e","n/e","n/e","27","38","367","395"
"BZN|DK2","15.02.2018 10:00 - 15.02.2018 11:00 (CET/CEST)","576","n/e","n/e","159","342","21","n/e","n/e","n/e","n/e","n/e","n/e","n/e","n/e","n/e","n/e","n/e","47","25","372","410"
"BZN|DK2","15.02.2018 11:00 - 15.02.2018 12:00 (CET/CEST)","577","n/e","n/e","157","331","20","n/e","n/e","n/e","n/e","n/e","n/e","n/e","n/e","n/e","n/e","n/e","61","25","373","414"
"BZN|DK2","15.02.2018 12:00 - 15.02.2018 13:00 (CET/CEST)","569","n/e","n/e","144","343","20","n/e","n/e","n/e","n/e","n/e","n/e","n/e","n/e","n/e","n/e","n/e","58","25","374","399"
"BZN|DK2","15.02.2018 13:00 - 15.02.2018 14:00 (CET/CEST)","458","n/e","n/e","140","353","20","n/e","n/e","n/e","n/e","n/e","n/e","n/e","n/e","n/e","n/e","n/e","54","25","373","391"
"BZN|DK2","15.02.2018 14:00 - 15.02.2018 15:00 (CET/CEST)","447","n/e","n/e","138","369","20","n/e","n/e","n/e","n/e","n/e","n/e","n/e","n/e","n/e","n/e","n/e","31","27","371","383"
"BZN|DK2","15.02.2018 15:00 - 15.02.2018 16:00 (CET/CEST)","450","n/e","n/e","140","372","20","n/e","n/e","n/e","n/e","n/e","n/e","n/e","n/e","n/e","n/e","n/e","19","34","371","367"
"BZN|DK2","15.02.2018 16:00 - 15.02.2018 17:00 (CET/CEST)","467","n/e","n/e","139","349","21","n/e","n/e","n/e","n/e","n/e","n/e","n/e","n/e","n/e","n/e","n/e","5","34","371","363"
"BZN|DK2","15.02.2018 17:00 - 15.02.2018 18:00 (CET/CEST)","480","n/e","n/e","161","351","22","n/e","n/e","n/e","n/e","n/e","n/e","n/e","n/e","n/e","n/e","n/e","0","41","370","347"
"BZN|DK2","15.02.2018 18:00 - 15.02.2018 19:00 (CET/CEST)","480","n/e","n/e","163","339","22","n/e","n/e","n/e","n/e","n/e","n/e","n/e","n/e","n/e","n/e","n/e","0","44","355","343"
"BZN|DK2","15.02.2018 19:00 - 15.02.2018 20:00 (CET/CEST)","466","n/e","n/e","162","339","22","n/e","n/e","n/e","n/e","n/e","n/e","n/e","n/e","n/e","n/e","n/e","0","42","354","321"
"BZN|DK2","15.02.2018 20:00 - 15.02.2018 21:00 (CET/CEST)","444","n/e","n/e","111","348","22","n/e","n/e","n/e","n/e","n/e","n/e","n/e","n/e","n/e","n/e","n/e","0","35","322","285"
"BZN|DK2","15.02.2018 21:00 - 15.02.2018 22:00 (CET/CEST)","444","n/e","n/e","102","349","22","n/e","n/e","n/e","n/e","n/e","n/e","n/e","n/e","n/e","n/e","n/e","0","34","307","247"
"BZN|DK2","15.02.2018 22:00 - 15.02.2018 23:00 (CET/CEST)","447","n/e","n/e","101","356","22","n/e","n/e","n/e","n/e","n/e","n/e","n/e","n/e","n/e","n/e","n/e","0","35","278","205"
"BZN|DK2","15.02.2018 23:00 - 16.02.2018 00:00 (CET/CEST)","474","n/e","n/e","101","349","22","n/e","n/e","n/e","n/e","n/e","n/e","n/e","n/e","n/e","n/e","n/e","0","36","241","177"
"BZN|DK2","16.02.2018 00:00 - 16.02.2018 01:00 (CET/CEST)","481","n/e","n/e","98","333","23","n/e","n/e","n/e","n/e","n/e","n/e","n/e","n/e","n/e","n/e","n/e","0","43","145","166"
"BZN|DK2","16.02.2018 01:00 - 16.02.2018 02:00 (CET/CEST)","477","n/e","n/e","98","354","23","n/e","n/e","n/e","n/e","n/e","n/e","n/e","n/e","n/e","n/e","n/e","0","42","144","158"
"BZN|DK2","16.02.2018 02:00 - 16.02.2018 03:00 (CET/CEST)","480","n/e","n/e","97","317","22","n/e","n/e","n/e","n/e","n/e","n/e","n/e","n/e","n/e","n/e","n/e","0","41","148","160"
"BZN|DK2","16.02.2018 03:00 - 16.02.2018 04:00 (CET/CEST)","482","n/e","n/e","97","338","22","n/e","n/e","n/e","n/e","n/e","n/e","n/e","n/e","n/e","n/e","n/e","0","42","239","190"
"BZN|DK2","16.02.2018 04:00 - 16.02.2018 05:00 (CET/CEST)","482","n/e","n/e","97","319","22","n/e","n/e","n/e","n/e","n/e","n/e","n/e","n/e","n/e","n/e","n/e","0","43","275","197"
"BZN|DK2","16.02.2018 05:00 - 16.02.2018 06:00 (CET/CEST)","480","n/e","n/e","98","344","23","n/e","n/e","n/e","n/e","n/e","n/e","n/e","n/e","n/e","n/e","n/e","0","42","239","182"
"BZN|DK2","16.02.2018 06:00 - 16.02.2018 07:00 (CET/CEST)","517","n/e","n/e","130","421","25","n/e","n/e","n/e","n/e","n/e","n/e","n/e","n/e","n/e","n/e","n/e","0","43","225","189"
"BZN|DK2","16.02.2018 07:00 - 16.02.2018 08:00 (CET/CEST)","595","n/e","n/e","201","477","26","n/e","n/e","n/e","n/e","n/e","n/e","n/e","n/e","n/e","n/e","n/e","0","43","198","200"
"BZN|DK2","16.02.2018 08:00 - 16.02.2018 09:00 (CET/CEST)","596","n/e","n/e","197","477","26","n/e","n/e","n/e","n/e","n/e","n/e","n/e","n/e","n/e","n/e","n/e","8","44","224","214"
"BZN|DK2","16.02.2018 09:00 - 16.02.2018 10:00 (CET/CEST)","552","n/e","n/e","179","488","26","n/e","n/e","n/e","n/e","n/e","n/e","n/e","n/e","n/e","n/e","n/e","33","44","212","217"
"BZN|DK2","16.02.2018 10:00 - 16.02.2018 11:00 (CET/CEST)","583","n/e","n/e","198","480","22","n/e","n/e","n/e","n/e","n/e","n/e","n/e","n/e","n/e","n/e","n/e","67","42","206","239"
"BZN|DK2","16.02.2018 11:00 - 16.02.2018 12:00 (CET/CEST)","560","n/e","n/e","219","482","25","n/e","n/e","n/e","n/e","n/e","n/e","n/e","n/e","n/e","n/e","n/e","68","43","251","269"
"BZN|DK2","16.02.2018 12:00 - 16.02.2018 13:00 (CET/CEST)","478","n/e","n/e","176","491","26","n/e","n/e","n/e","n/e","n/e","n/e","n/e","n/e","n/e","n/e","n/e","72","44","299","314"
"BZN|DK2","16.02.2018 13:00 - 16.02.2018 14:00 (CET/CEST)","473","n/e","n/e","171","452","25","n/e","n/e","n/e","n/e","n/e","n/e","n/e","n/e","n/e","n/e","n/e","67","41","314","325"
"BZN|DK2","16.02.2018 14:00 - 16.02.2018 15:00 (CET/CEST)","482","n/e","n/e","157","418","23","n/e","n/e","n/e","n/e","n/e","n/e","n/e","n/e","n/e","n/e","n/e","47","43","346","344"
"BZN|DK2","16.02.2018 15:00 - 16.02.2018 16:00 (CET/CEST)","483","n/e","n/e","151","437","23","n/e","n/e","n/e","n/e","n/e","n/e","n/e","n/e","n/e","n/e","n/e","23","43","366","352"
"BZN|DK2","16.02.2018 16:00 - 16.02.2018 17:00 (CET/CEST)","483","n/e","n/e","166","420","22","n/e","n/e","n/e","n/e","n/e","n/e","n/e","n/e","n/e","n/e","n/e","7","43","359","345"
"BZN|DK2","16.02.2018 17:00 - 16.02.2018 18:00 (CET/CEST)","480","n/e","n/e","166","531","22","n/e","n/e","n/e","n/e","n/e","n/e","n/e","n/e","n/e","n/e","n/e","0","43","368","328"
"BZN|DK2","16.02.2018 18:00 - 16.02.2018 19:00 (CET/CEST)","478","n/e","n/e","171","577","24","n/e","n/e","n/e","n/e","n/e","n/e","n/e","n/e","n/e","n/e","n/e","0","44","367","281"
"BZN|DK2","16.02.2018 19:00 - 16.02.2018 20:00 (CET/CEST)","460","n/e","n/e","169","542","23","n/e","n/e","n/e","n/e","n/e","n/e","n/e","n/e","n/e","n/e","n/e","0","43","360","241"
"BZN|DK2","16.02.2018 20:00 - 16.02.2018 21:00 (CET/CEST)","476","n/e","n/e","163","474","21","n/e","n/e","n/e","n/e","n/e","n/e","n/e","n/e","n/e","n/e","n/e","0","43","344","208"
"BZN|DK2","16.02.2018 21:00 - 16.02.2018 22:00 (CET/CEST)","483","n/e","n/e","110","439","21","n/e","n/e","n/e","n/e","n/e","n/e","n/e","n/e","n/e","n/e","n/e","0","42","333","181"
"BZN|DK2","16.02.2018 22:00 - 16.02.2018 23:00 (CET/CEST)","482","n/e","n/e","100","458","21","n/e","n/e","n/e","n/e","n/e","n/e","n/e","n/e","n/e","n/e","n/e","0","41","322","154"
"BZN|DK2","16.02.2018 23:00 - 17.02.2018 00:00 (CET/CEST)","485","n/e","n/e","101","462","21","n/e","n/e","n/e","n/e","n/e","n/e","n/e","n/e","n/e","n/e","n/e","0","41","306","127"
"BZN|DK2","17.02.2018 00:00 - 17.02.2018 01:00 (CET/CEST)","487","n/e","n/e","100","463","21","n/e","n/e","n/e","n/e","n/e","n/e","n/e","n/e","n/e","n/e","n/e","0","44","201","116"
"BZN|DK2","17.02.2018 01:00 - 17.02.2018 02:00 (CET/CEST)","493","n/e","n/e","101","487","21","n/e","n/e","n/e","n/e","n/e","n/e","n/e","n/e","n/e","n/e","n/e","0","45","185","105"
"BZN|DK2","17.02.2018 02:00 - 17.02.2018 03:00 (CET/CEST)","493","n/e","n/e","99","474","12","n/e","n/e","n/e","n/e","n/e","n/e","n/e","n/e","n/e","n/e","n/e","0","46","155","87"
"BZN|DK2","17.02.2018 03:00 - 17.02.2018 04:00 (CET/CEST)","498","n/e","n/e","99","459","10","n/e","n/e","n/e","n/e","n/e","n/e","n/e","n/e","n/e","n/e","n/e","0","47","112","61"
"BZN|DK2","17.02.2018 04:00 - 17.02.2018 05:00 (CET/CEST)","495","n/e","n/e","100","462","10","n/e","n/e","n/e","n/e","n/e","n/e","n/e","n/e","n/e","n/e","n/e","0","47","60","39"
"BZN|DK2","17.02.2018 05:00 - 17.02.2018 06:00 (CET/CEST)","492","n/e","n/e","100","459","11","n/e","n/e","n/e","n/e","n/e","n/e","n/e","n/e","n/e","n/e","n/e","0","47","47","33"
"BZN|DK2","17.02.2018 06:00 - 17.02.2018 07:00 (CET/CEST)","492","n/e","n/e","102","416","11","n/e","n/e","n/e","n/e","n/e","n/e","n/e","n/e","n/e","n/e","n/e","0","48","51","28"
"BZN|DK2","17.02.2018 07:00 - 17.02.2018 08:00 (CET/CEST)","487","n/e","n/e","106","443","12","n/e","n/e","n/e","n/e","n/e","n/e","n/e","n/e","n/e","n/e","n/e","0","48","43","29"
"BZN|DK2","17.02.2018 08:00 - 17.02.2018 09:00 (CET/CEST)","490","n/e","n/e","135","486","22","n/e","n/e","n/e","n/e","n/e","n/e","n/e","n/e","n/e","n/e","n/e","8","49","25","17"
"BZN|DK2","17.02.2018 09:00 - 17.02.2018 10:00 (CET/CEST)","490","n/e","n/e","173","601","25","n/e","n/e","n/e","n/e","n/e","n/e","n/e","n/e","n/e","n/e","n/e","25","49","13","14"
"BZN|DK2","17.02.2018 10:00 - 17.02.2018 11:00 (CET/CEST)","493","n/e","n/e","175","689","26","n/e","n/e","n/e","n/e","n/e","n/e","n/e","n/e","n/e","n/e","n/e","41","49","13","13"
"BZN|DK2","17.02.2018 11:00 - 17.02.2018 12:00 (CET/CEST)","484","n/e","n/e","162","671","25","n/e","n/e","n/e","n/e","n/e","n/e","n/e","n/e","n/e","n/e","n/e","55","49","5","11"
"BZN|DK2","17.02.2018 12:00 - 17.02.2018 13:00 (CET/CEST)","494","n/e","n/e","139","670","25","n/e","n/e","n/e","n/e","n/e","n/e","n/e","n/e","n/e","n/e","n/e","52","49","4","12"
"BZN|DK2","17.02.2018 13:00 - 17.02.2018 14:00 (CET/CEST)","493","n/e","n/e","128","655","25","n/e","n/e","n/e","n/e","n/e","n/e","n/e","n/e","n/e","n/e","n/e","45","49","2","10"
"BZN|DK2","17.02.2018 14:00 - 17.02.2018 15:00 (CET/CEST)","488","n/e","n/e","130","650","24","n/e","n/e","n/e","n/e","n/e","n/e","n/e","n/e","n/e","n/e","n/e","40","49","0","9"
"BZN|DK2","17.02.2018 15:00 - 17.02.2018 16:00 (CET/CEST)","494","n/e","n/e","132","613","23","n/e","n/e","n/e","n/e","n/e","n/e","n/e","n/e","n/e","n/e","n/e","26","50","0","9"
"BZN|DK2","17.02.2018 16:00 - 17.02.2018 17:00 (CET/CEST)","493","n/e","n/e","136","574","24","n/e","n/e","n/e","n/e","n/e","n/e","n/e","n/e","n/e","n/e","n/e","7","50","0","9"
"BZN|DK2","17.02.2018 17:00 - 17.02.2018 18:00 (CET/CEST)","531","n/e","n/e","156","671","26","n/e","n/e","n/e","n/e","n/e","n/e","n/e","n/e","n/e","n/e","n/e","0","50","1","9"
"BZN|DK2","17.02.2018 18:00 - 17.02.2018 19:00 (CET/CEST)","542","n/e","n/e","184","668","26","n/e","n/e","n/e","n/e","n/e","n/e","n/e","n/e","n/e","n/e","n/e","0","46","0","9"
"BZN|DK2","17.02.2018 19:00 - 17.02.2018 20:00 (CET/CEST)","486","n/e","n/e","187","650","25","n/e","n/e","n/e","n/e","n/e","n/e","n/e","n/e","n/e","n/e","n/e","0","45","0","9"
"BZN|DK2","17.02.2018 20:00 - 17.02.2018 21:00 (CET/CEST)","487","n/e","n/e","136","599","23","n/e","n/e","n/e","n/e","n/e","n/e","n/e","n/e","n/e","n/e","n/e","0","44","0","9"
"BZN|DK2","17.02.2018 21:00 - 17.02.2018 22:00 (CET/CEST)","489","n/e","n/e","83","554","23","n/e","n/e","n/e","n/e","n/e","n/e","n/e","n/e","n/e","n/e","n/e","0","44","0","9"
"BZN|DK2","17.02.2018 22:00 - 17.02.2018 23:00 (CET/CEST)","459","n/e","n/e","73","526","23","n/e","n/e","n/e","n/e","n/e","n/e","n/e","n/e","n/e","n/e","n/e","0","44","0","10"
"BZN|DK2","17.02.2018 23:00 - 18.02.2018 00:00 (CET/CEST)","442","n/e","n/e","74","515","23","n/e","n/e","n/e","n/e","n/e","n/e","n/e","n/e","n/e","n/e","n/e","0","45","0","10"
"BZN|DK2","18.02.2018 00:00 - 18.02.2018 01:00 (CET/CEST)","438","n/e","n/e","71","480","22","n/e","n/e","n/e","n/e","n/e","n/e","n/e","n/e","n/e","n/e","n/e","0","45","0","10"
"BZN|DK2","18.02.2018 01:00 - 18.02.2018 02:00 (CET/CEST)","438","n/e","n/e","71","475","22","n/e","n/e","n/e","n/e","n/e","n/e","n/e","n/e","n/e","n/e","n/e","0","45","1","11"
"BZN|DK2","18.02.2018 02:00 - 18.02.2018 03:00 (CET/CEST)","440","n/e","n/e","72","505","22","n/e","n/e","n/e","n/e","n/e","n/e","n/e","n/e","n/e","n/e","n/e","0","45","1","14"
"BZN|DK2","18.02.2018 03:00 - 18.02.2018 04:00 (CET/CEST)","441","n/e","n/e","70","499","22","n/e","n/e","n/e","n/e","n/e","n/e","n/e","n/e","n/e","n/e","n/e","0","45","0","16"
"BZN|DK2","18.02.2018 04:00 - 18.02.2018 05:00 (CET/CEST)","440","n/e","n/e","70","496","22","n/e","n/e","n/e","n/e","n/e","n/e","n/e","n/e","n/e","n/e","n/e","0","44","1","19"
"BZN|DK2","18.02.2018 05:00 - 18.02.2018 06:00 (CET/CEST)","441","n/e","n/e","71","493","22","n/e","n/e","n/e","n/e","n/e","n/e","n/e","n/e","n/e","n/e","n/e","0","44","2","29"
"BZN|DK2","18.02.2018 06:00 - 18.02.2018 07:00 (CET/CEST)","436","n/e","n/e","71","522","22","n/e","n/e","n/e","n/e","n/e","n/e","n/e","n/e","n/e","n/e","n/e","0","44","5","36"
"BZN|DK2","18.02.2018 07:00 - 18.02.2018 08:00 (CET/CEST)","434","n/e","n/e","71","496","22","n/e","n/e","n/e","n/e","n/e","n/e","n/e","n/e","n/e","n/e","n/e","1","45","2","48"
"BZN|DK2","18.02.2018 08:00 - 18.02.2018 09:00 (CET/CEST)","441","n/e","n/e","73","556","23","n/e","n/e","n/e","n/e","n/e","n/e","n/e","n/e","n/e","n/e","n/e","11","46","6","70"
"BZN|DK2","18.02.2018 09:00 - 18.02.2018 10:00 (CET/CEST)","442","n/e","n/e","104","572","24","n/e","n/e","n/e","n/e","n/e","n/e","n/e","n/e","n/e","n/e","n/e","34","46","29","90"
"BZN|DK2","18.02.2018 10:00 - 18.02.2018 11:00 (CET/CEST)","444","n/e","n/e","136","575","24","n/e","n/e","n/e","n/e","n/e","n/e","n/e","n/e","n/e","n/e","n/e","52","46","57","100"
"BZN|DK2","18.02.2018 11:00 - 18.02.2018 12:00 (CET/CEST)","442","n/e","n/e","141","585","24","n/e","n/e","n/e","n/e","n/e","n/e","n/e","n/e","n/e","n/e","n/e","57","46","74","98"
"BZN|DK2","18.02.2018 12:00 - 18.02.2018 13:00 (CET/CEST)","441","n/e","n/e","141","599","25","n/e","n/e","n/e","n/e","n/e","n/e","n/e","n/e","n/e","n/e","n/e","64","45","77","96"
"BZN|DK2","18.02.2018 13:00 - 18.02.2018 14:00 (CET/CEST)","443","n/e","n/e","128","601","25","n/e","n/e","n/e","n/e","n/e","n/e","n/e","n/e","n/e","n/e","n/e","74","46","51","115"
"BZN|DK2","18.02.2018 14:00 - 18.02.2018 15:00 (CET/CEST)","441","n/e","n/e","125","601","25","n/e","n/e","n/e","n/e","n/e","n/e","n/e","n/e","n/e","n/e","n/e","53","47","38","103"
"BZN|DK2","18.02.2018 15:00 - 18.02.2018 16:00 (CET/CEST)","455","n/e","n/e","122","581","24","n/e","n/e","n/e","n/e","n/e","n/e","n/e","n/e","n/e","n/e","n/e","42","45","51","83"
"BZN|DK2","18.02.2018 16:00 - 18.02.2018 17:00 (CET/CEST)","462","n/e","n/e","129","583","24","n/e","n/e","n/e","n/e","n/e","n/e","n/e","n/e","n/e","n/e","n/e","17","46","38","74"
"BZN|DK2","18.02.2018 17:00 - 18.02.2018 18:00 (CET/CEST)","473","n/e","n/e","145","704","26","n/e","n/e","n/e","n/e","n/e","n/e","n/e","n/e","n/e","n/e","n/e","1","47","26","71"
"BZN|DK2","18.02.2018 18:00 - 18.02.2018 19:00 (CET/CEST)","488","n/e","n/e","145","705","26","n/e","n/e","n/e","n/e","n/e","n/e","n/e","n/e","n/e","n/e","n/e","0","47","17","72"
"BZN|DK2","18.02.2018 19:00 - 18.02.2018 20:00 (CET/CEST)","478","n/e","n/e","143","688","26","n/e","n/e","n/e","n/e","n/e","n/e","n/e","n/e","n/e","n/e","n/e","0","47","31","81"
"BZN|DK2","18.02.2018 20:00 - 18.02.2018 21:00 (CET/CEST)","464","n/e","n/e","85","611","23","n/e","n/e","n/e","n/e","n/e","n/e","n/e","n/e","n/e","n/e","n/e","0","46","53","84"
"BZN|DK2","18.02.2018 21:00 - 18.02.2018 22:00 (CET/CEST)","466","n/e","n/e","74","600","23","n/e","n/e","n/e","n/e","n/e","n/e","n/e","n/e","n/e","n/e","n/e","0","45","89","79"
"BZN|DK2","18.02.2018 22:00 - 18.02.2018 23:00 (CET/CEST)","467","n/e","n/e","72","619","22","n/e","n/e","n/e","n/e","n/e","n/e","n/e","n/e","n/e","n/e","n/e","0","45","112","83"
"BZN|DK2","18.02.2018 23:00 - 19.02.2018 00:00 (CET/CEST)","439","n/e","n/e","72","560","22","n/e","n/e","n/e","n/e","n/e","n/e","n/e","n/e","n/e","n/e","n/e","0","45","106","88"
"BZN|DK2","19.02.2018 00:00 - 19.02.2018 01:00 (CET/CEST)","445","n/e","n/e","72","551","22","n/e","n/e","n/e","n/e","n/e","n/e","n/e","n/e","n/e","n/e","n/e","0","45","92","80"
"BZN|DK2","19.02.2018 01:00 - 19.02.2018 02:00 (CET/CEST)","445","n/e","n/e","72","520","21","n/e","n/e","n/e","n/e","n/e","n/e","n/e","n/e","n/e","n/e","n/e","0","45","99","68"
"BZN|DK2","19.02.2018 02:00 - 19.02.2018 03:00 (CET/CEST)","442","n/e","n/e","70","518","20","n/e","n/e","n/e","n/e","n/e","n/e","n/e","n/e","n/e","n/e","n/e","0","45","91","55"
"BZN|DK2","19.02.2018 03:00 - 19.02.2018 04:00 (CET/CEST)","430","n/e","n/e","71","554","20","n/e","n/e","n/e","n/e","n/e","n/e","n/e","n/e","n/e","n/e","n/e","0","44","68","42"
"BZN|DK2","19.02.2018 04:00 - 19.02.2018 05:00 (CET/CEST)","427","n/e","n/e","71","554","20","n/e","n/e","n/e","n/e","n/e","n/e","n/e","n/e","n/e","n/e","n/e","0","46","60","36"
"BZN|DK2","19.02.2018 05:00 - 19.02.2018 06:00 (CET/CEST)","462","n/e","n/e","72","566","21","n/e","n/e","n/e","n/e","n/e","n/e","n/e","n/e","n/e","n/e","n/e","0","47","51","30"
"BZN|DK2","19.02.2018 06:00 - 19.02.2018 07:00 (CET/CEST)","514","n/e","n/e","77","667","22","n/e","n/e","n/e","n/e","n/e","n/e","n/e","n/e","n/e","n/e","n/e","0","51","44","26"
"BZN|DK2","19.02.2018 07:00 - 19.02.2018 08:00 (CET/CEST)","606","n/e","n/e","133","691","26","n/e","n/e","n/e","n/e","n/e","n/e","n/e","n/e","n/e","n/e","n/e","1","52","40","21"
"BZN|DK2","19.02.2018 08:00 - 19.02.2018 09:00 (CET/CEST)","613","n/e","n/e","165","694","25","n/e","n/e","n/e","n/e","n/e","n/e","n/e","n/e","n/e","n/e","n/e","16","51","33","17"
"BZN|DK2","19.02.2018 09:00 - 19.02.2018 10:00 (CET/CEST)","619","n/e","n/e","164","678","25","n/e","n/e","n/e","n/e","n/e","n/e","n/e","n/e","n/e","n/e","n/e","48","50","19","15"
"BZN|DK2","19.02.2018 10:00 - 19.02.2018 11:00 (CET/CEST)","617","n/e","n/e","162","687","25","n/e","n/e","n/e","n/e","n/e","n/e","n/e","n/e","n/e","n/e","n/e","71","50","12","14"
"BZN|DK2","19.02.2018 11:00 - 19.02.2018 12:00 (CET/CEST)","607","n/e","n/e","168","689","26","n/e","n/e","n/e","n/e","n/e","n/e","n/e","n/e","n/e","n/e","n/e","76","50","4","13"
"BZN|DK2","19.02.2018 12:00 - 19.02.2018 13:00 (CET/CEST)","626","n/e","n/e","153","688","27","n/e","n/e","n/e","n/e","n/e","n/e","n/e","n/e","n/e","n/e","n/e","78","50","0","12"
"BZN|DK2","19.02.2018 13:00 - 19.02.2018 14:00 (CET/CEST)","605","n/e","n/e","152","688","27","n/e","n/e","n/e","n/e","n/e","n/e","n/e","n/e","n/e","n/e","n/e","62","51","0","14"
"BZN|DK2","19.02.2018 14:00 - 19.02.2018 15:00 (CET/CEST)","623","n/e","n/e","171","708","27","n/e","n/e","n/e","n/e","n/e","n/e","n/e","n/e","n/e","n/e","n/e","38","51","1","14"
"BZN|DK2","19.02.2018 15:00 - 19.02.2018 16:00 (CET/CEST)","601","n/e","n/e","187","714","28","n/e","n/e","n/e","n/e","n/e","n/e","n/e","n/e","n/e","n/e","n/e","22","50","2","15"
"BZN|DK2","19.02.2018 16:00 - 19.02.2018 17:00 (CET/CEST)","609","n/e","n/e","207","727","28","n/e","n/e","n/e","n/e","n/e","n/e","n/e","n/e","n/e","n/e","n/e","6","52","1","15"
"BZN|DK2","19.02.2018 17:00 - 19.02.2018 18:00 (CET/CEST)","618","n/e","n/e","207","726","28","n/e","n/e","n/e","n/e","n/e","n/e","n/e","n/e","n/e","n/e","n/e","0","52","2","17"
"BZN|DK2","19.02.2018 18:00 - 19.02.2018 19:00 (CET/CEST)","613","n/e","n/e","230","831","28","n/e","n/e","n/e","n/e","n/e","n/e","n/e","n/e","n/e","n/e","n/e","0","51","2","17"
"BZN|DK2","19.02.2018 19:00 - 19.02.2018 20:00 (CET/CEST)","601","n/e","n/e","221","801","28","n/e","n/e","n/e","n/e","n/e","n/e","n/e","n/e","n/e","n/e","n/e","0","50","5","16"
"BZN|DK2","19.02.2018 20:00 - 19.02.2018 21:00 (CET/CEST)","566","n/e","n/e","95","675","24","n/e","n/e","n/e","n/e","n/e","n/e","n/e","n/e","n/e","n/e","n/e","0","47","4","20"
"BZN|DK2","19.02.2018 21:00 - 19.02.2018 22:00 (CET/CEST)","517","n/e","n/e","74","647","23","n/e","n/e","n/e","n/e","n/e","n/e","n/e","n/e","n/e","n/e","n/e","0","44","4","23"
"BZN|DK2","19.02.2018 22:00 - 19.02.2018 23:00 (CET/CEST)","411","n/e","n/e","74","629","23","n/e","n/e","n/e","n/e","n/e","n/e","n/e","n/e","n/e","n/e","n/e","0","44","5","29"
"BZN|DK2","19.02.2018 23:00 - 20.02.2018 00:00 (CET/CEST)","424","n/e","n/e","68","594","22","n/e","n/e","n/e","n/e","n/e","n/e","n/e","n/e","n/e","n/e","n/e","0","44","11","35"
"BZN|DK2","20.02.2018 00:00 - 20.02.2018 01:00 (CET/CEST)","432","n/e","n/e","64","553","22","n/e","n/e","n/e","n/e","n/e","n/e","n/e","n/e","n/e","n/e","n/e","0","43","5","43"
"BZN|DK2","20.02.2018 01:00 - 20.02.2018 02:00 (CET/CEST)","434","n/e","n/e","64","564","20","n/e","n/e","n/e","n/e","n/e","n/e","n/e","n/e","n/e","n/e","n/e","0","44","18","49"
"BZN|DK2","20.02.2018 02:00 - 20.02.2018 03:00 (CET/CEST)","428","n/e","n/e","63","595","11","n/e","n/e","n/e","n/e","n/e","n/e","n/e","n/e","n/e","n/e","n/e","0","44","14","48"
"BZN|DK2","20.02.2018 03:00 - 20.02.2018 04:00 (CET/CEST)","429","n/e","n/e","64","577","11","n/e","n/e","n/e","n/e","n/e","n/e","n/e","n/e","n/e","n/e","n/e","0","44","22","50"
"BZN|DK2","20.02.2018 04:00 - 20.02.2018 05:00 (CET/CEST)","434","n/e","n/e","66","589","12","n/e","n/e","n/e","n/e","n/e","n/e","n/e","n/e","n/e","n/e","n/e","0","44","16","51"
"BZN|DK2","20.02.2018 05:00 - 20.02.2018 06:00 (CET/CEST)","422","n/e","n/e","69","637","12","n/e","n/e","n/e","n/e","n/e","n/e","n/e","n/e","n/e","n/e","n/e","0","44","25","56"
"BZN|DK2","20.02.2018 06:00 - 20.02.2018 07:00 (CET/CEST)","511","n/e","n/e","86","676","14","n/e","n/e","n/e","n/e","n/e","n/e","n/e","n/e","n/e","n/e","n/e","0","44","38","65"
"BZN|DK2","20.02.2018 07:00 - 20.02.2018 08:00 (CET/CEST)","623","n/e","n/e","143","703","18","n/e","n/e","n/e","n/e","n/e","n/e","n/e","n/e","n/e","n/e","n/e","1","45","48","69"
"BZN|DK2","20.02.2018 08:00 - 20.02.2018 09:00 (CET/CEST)","616","n/e","n/e","183","701","25","n/e","n/e","n/e","n/e","n/e","n/e","n/e","n/e","n/e","n/e","n/e","13","44","75","69"
"BZN|DK2","20.02.2018 09:00 - 20.02.2018 10:00 (CET/CEST)","610","n/e","n/e","162","697","28","n/e","n/e","n/e","n/e","n/e","n/e","n/e","n/e","n/e","n/e","n/e","37","43","70","58"
"BZN|DK2","20.02.2018 10:00 - 20.02.2018 11:00 (CET/CEST)","616","n/e","n/e","158","699","29","n/e","n/e","n/e","n/e","n/e","n/e","n/e","n/e","n/e","n/e","n/e","64","43","49","47"
"BZN|DK2","20.02.2018 11:00 - 20.02.2018 12:00 (CET/CEST)","617","n/e","n/e","153","690","26","n/e","n/e","n/e","n/e","n/e","n/e","n/e","n/e","n/e","n/e","n/e","79","45","51","53"
"BZN|DK2","20.02.2018 12:00 - 20.02.2018 13:00 (CET/CEST)","571","n/e","n/e","139","666","24","n/e","n/e","n/e","n/e","n/e","n/e","n/e","n/e","n/e","n/e","n/e","78","43","85","57"
"BZN|DK2","20.02.2018 13:00 - 20.02.2018 14:00 (CET/CEST)","544","n/e","n/e","125","649","25","n/e","n/e","n/e","n/e","n/e","n/e","n/e","n/e","n/e","n/e","n/e","69","40","91","59"
"BZN|DK2","20.02.2018 14:00 - 20.02.2018 15:00 (CET/CEST)","540","n/e","n/e","120","651","24","n/e","n/e","n/e","n/e","n/e","n/e","n/e","n/e","n/e","n/e","n/e","46","41","110","57"
"BZN|DK2","20.02.2018 15:00 - 20.02.2018 16:00 (CET/CEST)","597","n/e","n/e","116","673","23","n/e","n/e","n/e","n/e","n/e","n/e","n/e","n/e","n/e","n/e","n/e","30","42","104","51"
"BZN|DK2","20.02.2018 16:00 - 20.02.2018 17:00 (CET/CEST)","614","n/e","n/e","121","683","25","n/e","n/e","n/e","n/e","n/e","n/e","n/e","n/e","n/e","n/e","n/e","9","44","122","44"
"BZN|DK2","20.02.2018 17:00 - 20.02.2018 18:00 (CET/CEST)","644","n/e","n/e","151","694","27","n/e","n/e","n/e","n/e","n/e","n/e","n/e","n/e","n/e","n/e","n/e","0","42","145","45"
"BZN|DK2","20.02.2018 18:00 - 20.02.2018 19:00 (CET/CEST)","642","n/e","n/e","154","695","27","n/e","n/e","n/e","n/e","n/e","n/e","n/e","n/e","n/e","n/e","n/e","0","45","142","42"
"BZN|DK2","20.02.2018 19:00 - 20.02.2018 20:00 (CET/CEST)","605","n/e","n/e","155","694","27","n/e","n/e","n/e","n/e","n/e","n/e","n/e","n/e","n/e","n/e","n/e","0","46","114","43"
"BZN|DK2","20.02.2018 20:00 - 20.02.2018 21:00 (CET/CEST)","537","n/e","n/e","84","683","24","n/e","n/e","n/e","n/e","n/e","n/e","n/e","n/e","n/e","n/e","n/e","0","44","94","41"
"BZN|DK2","20.02.2018 21:00 - 20.02.2018 22:00 (CET/CEST)","455","n/e","n/e","71","675","22","n/e","n/e","n/e","n/e","n/e","n/e","n/e","n/e","n/e","n/e","n/e","0","43","62","35"
"BZN|DK2","20.02.2018 22:00 - 20.02.2018 23:00 (CET/CEST)","442","n/e","n/e","93","670","21","n/e","n/e","n/e","n/e","n/e","n/e","n/e","n/e","n/e","n/e","n/e","0","43","43","30"
"BZN|DK2","20.02.2018 23:00 - 21.02.2018 00:00 (CET/CEST)","414","n/e","n/e","66","611","21","n/e","n/e","n/e","n/e","n/e","n/e","n/e","n/e","n/e","n/e","n/e","0","44","29","22"
"BZN|DK2","21.02.2018 00:00 - 21.02.2018 01:00 (CET/CEST)","417","n/e","n/e","64","569","20","n/e","n/e","n/e","n/e","n/e","n/e","n/e","n/e","n/e","n/e","n/e","0","43","19","14"
"BZN|DK2","21.02.2018 01:00 - 21.02.2018 02:00 (CET/CEST)","397","n/e","n/e","63","571","20","n/e","n/e","n/e","n/e","n/e","n/e","n/e","n/e","n/e","n/e","n/e","0","43","9","11"
"BZN|DK2","21.02.2018 02:00 - 21.02.2018 03:00 (CET/CEST)","394","n/e","n/e","63","581","20","n/e","n/e","n/e","n/e","n/e","n/e","n/e","n/e","n/e","n/e","n/e","0","43","6","9"
"BZN|DK2","21.02.2018 03:00 - 21.02.2018 04:00 (CET/CEST)","394","n/e","n/e","64","577","20","n/e","n/e","n/e","n/e","n/e","n/e","n/e","n/e","n/e","n/e","n/e","0","43","3","8"
"BZN|DK2","21.02.2018 04:00 - 21.02.2018 05:00 (CET/CEST)","411","n/e","n/e","65","582","20","n/e","n/e","n/e","n/e","n/e","n/e","n/e","n/e","n/e","n/e","n/e","0","43","0","8"
"BZN|DK2","21.02.2018 05:00 - 21.02.2018 06:00 (CET/CEST)","440","n/e","n/e","68","627","20","n/e","n/e","n/e","n/e","n/e","n/e","n/e","n/e","n/e","n/e","n/e","0","43","5","8"
"BZN|DK2","21.02.2018 06:00 - 21.02.2018 07:00 (CET/CEST)","539","n/e","n/e","85","671","22","n/e","n/e","n/e","n/e","n/e","n/e","n/e","n/e","n/e","n/e","n/e","0","43","7","8"
"BZN|DK2","21.02.2018 07:00 - 21.02.2018 08:00 (CET/CEST)","601","n/e","n/e","190","688","26","n/e","n/e","n/e","n/e","n/e","n/e","n/e","n/e","n/e","n/e","n/e","0","46","2","8"
"BZN|DK2","21.02.2018 08:00 - 21.02.2018 09:00 (CET/CEST)","607","n/e","n/e","218","686","30","n/e","n/e","n/e","n/e","n/e","n/e","n/e","n/e","n/e","n/e","n/e","7","52","0","9"
"BZN|DK2","21.02.2018 09:00 - 21.02.2018 10:00 (CET/CEST)","606","n/e","n/e","222","691","32","n/e","n/e","n/e","n/e","n/e","n/e","n/e","n/e","n/e","n/e","n/e","28","53","0","9"
"BZN|DK2","21.02.2018 10:00 - 21.02.2018 11:00 (CET/CEST)","590","n/e","n/e","215","690","31","n/e","n/e","n/e","n/e","n/e","n/e","n/e","n/e","n/e","n/e","n/e","49","51","0","10"
"BZN|DK2","21.02.2018 11:00 - 21.02.2018 12:00 (CET/CEST)","607","n/e","n/e","208","698","31","n/e","n/e","n/e","n/e","n/e","n/e","n/e","n/e","n/e","n/e","n/e","92","43","0","9"
"BZN|DK2","21.02.2018 12:00 - 21.02.2018 13:00 (CET/CEST)","575","n/e","n/e","181","701","27","n/e","n/e","n/e","n/e","n/e","n/e","n/e","n/e","n/e","n/e","n/e","86","45","0","9"
"BZN|DK2","21.02.2018 13:00 - 21.02.2018 14:00 (CET/CEST)","557","n/e","n/e","171","690","26","n/e","n/e","n/e","n/e","n/e","n/e","n/e","n/e","n/e","n/e","n/e","79","47","1","10"
"BZN|DK2","21.02.2018 14:00 - 21.02.2018 15:00 (CET/CEST)","590","n/e","n/e","158","683","24","n/e","n/e","n/e","n/e","n/e","n/e","n/e","n/e","n/e","n/e","n/e","67","45","1","11"
"BZN|DK2","21.02.2018 15:00 - 21.02.2018 16:00 (CET/CEST)","608","n/e","n/e","169","711","27","n/e","n/e","n/e","n/e","n/e","n/e","n/e","n/e","n/e","n/e","n/e","42","45","1","11"
"BZN|DK2","21.02.2018 16:00 - 21.02.2018 17:00 (CET/CEST)","639","n/e","n/e","169","703","26","n/e","n/e","n/e","n/e","n/e","n/e","n/e","n/e","n/e","n/e","n/e","17","50","1","12"
"BZN|DK2","21.02.2018 17:00 - 21.02.2018 18:00 (CET/CEST)","635","n/e","n/e","200","707","26","n/e","n/e","n/e","n/e","n/e","n/e","n/e","n/e","n/e","n/e","n/e","1","52","0","14"
"BZN|DK2","21.02.2018 18:00 - 21.02.2018 19:00 (CET/CEST)","646","n/e","n/e","228","709","26","n/e","n/e","n/e","n/e","n/e","n/e","n/e","n/e","n/e","n/e","n/e","0","51","0","16"
"BZN|DK2","21.02.2018 19:00 - 21.02.2018 20:00 (CET/CEST)","599","n/e","n/e","231","680","26","n/e","n/e","n/e","n/e","n/e","n/e","n/e","n/e","n/e","n/e","n/e","0","50","0","16"
"BZN|DK2","21.02.2018 20:00 - 21.02.2018 21:00 (CET/CEST)","579","n/e","n/e","148","673","24","n/e","n/e","n/e","n/e","n/e","n/e","n/e","n/e","n/e","n/e","n/e","0","49","0","19"
"BZN|DK2","21.02.2018 21:00 - 21.02.2018 22:00 (CET/CEST)","546","n/e","n/e","124","671","23","n/e","n/e","n/e","n/e","n/e","n/e","n/e","n/e","n/e","n/e","n/e","0","48","0","21"
"BZN|DK2","21.02.2018 22:00 - 21.02.2018 23:00 (CET/CEST)","468","n/e","n/e","120","617","22","n/e","n/e","n/e","n/e","n/e","n/e","n/e","n/e","n/e","n/e","n/e","0","50","0","21"
"BZN|DK2","21.02.2018 23:00 - 22.02.2018 00:00 (CET/CEST)","439","n/e","n/e","118","636","22","n/e","n/e","n/e","n/e","n/e","n/e","n/e","n/e","n/e","n/e","n/e","0","50","4","16"
"BZN|DK2","22.02.2018 00:00 - 22.02.2018 01:00 (CET/CEST)","359","n/e","n/e","118","583","22","n/e","n/e","n/e","n/e","n/e","n/e","n/e","n/e","n/e","n/e","n/e","0","46","13","12"
"BZN|DK2","22.02.2018 01:00 - 22.02.2018 02:00 (CET/CEST)","364","n/e","n/e","116","579","17","n/e","n/e","n/e","n/e","n/e","n/e","n/e","n/e","n/e","n/e","n/e","0","44","1","11"
"BZN|DK2","22.02.2018 02:00 - 22.02.2018 03:00 (CET/CEST)","361","n/e","n/e","118","569","12","n/e","n/e","n/e","n/e","n/e","n/e","n/e","n/e","n/e","n/e","n/e","0","44","0","13"
"BZN|DK2","22.02.2018 03:00 - 22.02.2018 04:00 (CET/CEST)","366","n/e","n/e","117","585","11","n/e","n/e","n/e","n/e","n/e","n/e","n/e","n/e","n/e","n/e","n/e","0","44","0","16"
"BZN|DK2","22.02.2018 04:00 - 22.02.2018 05:00 (CET/CEST)","361","n/e","n/e","118","620","12","n/e","n/e","n/e","n/e","n/e","n/e","n/e","n/e","n/e","n/e","n/e","0","45","0","21"
"BZN|DK2","22.02.2018 05:00 - 22.02.2018 06:00 (CET/CEST)","434","n/e","n/e","121","587","12","n/e","n/e","n/e","n/e","n/e","n/e","n/e","n/e","n/e","n/e","n/e","0","45","1","23"
"BZN|DK2","22.02.2018 06:00 - 22.02.2018 07:00 (CET/CEST)","581","n/e","n/e","131","663","14","n/e","n/e","n/e","n/e","n/e","n/e","n/e","n/e","n/e","n/e","n/e","0","45","3","24"
"BZN|DK2","22.02.2018 07:00 - 22.02.2018 08:00 (CET/CEST)","627","n/e","n/e","180","684","17","n/e","n/e","n/e","n/e","n/e","n/e","n/e","n/e","n/e","n/e","n/e","1","52","1","26"
"BZN|DK2","22.02.2018 08:00 - 22.02.2018 09:00 (CET/CEST)","652","n/e","n/e","237","692","25","n/e","n/e","n/e","n/e","n/e","n/e","n/e","n/e","n/e","n/e","n/e","8","53","1","23"
"BZN|DK2","22.02.2018 09:00 - 22.02.2018 10:00 (CET/CEST)","632","n/e","n/e","297","691","32","n/e","n/e","n/e","n/e","n/e","n/e","n/e","n/e","n/e","n/e","n/e","28","54","1","25"
"BZN|DK2","22.02.2018 10:00 - 22.02.2018 11:00 (CET/CEST)","642","n/e","n/e","294","699","22","n/e","n/e","n/e","n/e","n/e","n/e","n/e","n/e","n/e","n/e","n/e","71","53","3","22"
"BZN|DK2","22.02.2018 11:00 - 22.02.2018 12:00 (CET/CEST)","575","n/e","n/e","278","679","17","n/e","n/e","n/e","n/e","n/e","n/e","n/e","n/e","n/e","n/e","n/e","126","53","35","23"
"BZN|DK2","22.02.2018 12:00 - 22.02.2018 13:00 (CET/CEST)","610","n/e","n/e","250","685","18","n/e","n/e","n/e","n/e","n/e","n/e","n/e","n/e","n/e","n/e","n/e","150","47","37","20"
"BZN|DK2","22.02.2018 13:00 - 22.02.2018 14:00 (CET/CEST)","513","n/e","n/e","239","622","17","n/e","n/e","n/e","n/e","n/e","n/e","n/e","n/e","n/e","n/e","n/e","138","45","43","25"
"BZN|DK2","22.02.2018 14:00 - 22.02.2018 15:00 (CET/CEST)","517","n/e","n/e","235","665","18","n/e","n/e","n/e","n/e","n/e","n/e","n/e","n/e","n/e","n/e","n/e","111","44","78","32"
"BZN|DK2","22.02.2018 15:00 - 22.02.2018 16:00 (CET/CEST)","521","n/e","n/e","234","664","19","n/e","n/e","n/e","n/e","n/e","n/e","n/e","n/e","n/e","n/e","n/e","74","47","60","33"
"BZN|DK2","22.02.2018 16:00 - 22.02.2018 17:00 (CET/CEST)","565","n/e","n/e","250","681","27","n/e","n/e","n/e","n/e","n/e","n/e","n/e","n/e","n/e","n/e","n/e","27","53","89","33"
"BZN|DK2","22.02.2018 17:00 - 22.02.2018 18:00 (CET/CEST)","562","n/e","n/e","277","681","28","n/e","n/e","n/e","n/e","n/e","n/e","n/e","n/e","n/e","n/e","n/e","2","52","87","33"
"BZN|DK2","22.02.2018 18:00 - 22.02.2018 19:00 (CET/CEST)","557","n/e","n/e","288","681","28","n/e","n/e","n/e","n/e","n/e","n/e","n/e","n/e","n/e","n/e","n/e","0","52","69","36"
"BZN|DK2","22.02.2018 19:00 - 22.02.2018 20:00 (CET/CEST)","557","n/e","n/e","202","678","27","n/e","n/e","n/e","n/e","n/e","n/e","n/e","n/e","n/e","n/e","n/e","0","52","85","35"
"BZN|DK2","22.02.2018 20:00 - 22.02.2018 21:00 (CET/CEST)","551","n/e","n/e","169","666","25","n/e","n/e","n/e","n/e","n/e","n/e","n/e","n/e","n/e","n/e","n/e","0","51","83","35"
"BZN|DK2","22.02.2018 21:00 - 22.02.2018 22:00 (CET/CEST)","440","n/e","n/e","163","653","24","n/e","n/e","n/e","n/e","n/e","n/e","n/e","n/e","n/e","n/e","n/e","0","45","91","39"
"BZN|DK2","22.02.2018 22:00 - 22.02.2018 23:00 (CET/CEST)","435","n/e","n/e","162","564","24","n/e","n/e","n/e","n/e","n/e","n/e","n/e","n/e","n/e","n/e","n/e","0","44","90","39"
"BZN|DK2","22.02.2018 23:00 - 23.02.2018 00:00 (CET/CEST)","431","n/e","n/e","161","533","24","n/e","n/e","n/e","n/e","n/e","n/e","n/e","n/e","n/e","n/e","n/e","0","44","79","31"
"BZN|DK2","23.02.2018 00:00 - 23.02.2018 01:00 (CET/CEST)","451","n/e","n/e","155","550","23","n/e","n/e","n/e","n/e","n/e","n/e","n/e","n/e","n/e","n/e","n/e","0","43","84","22"
"BZN|DK2","23.02.2018 01:00 - 23.02.2018 02:00 (CET/CEST)","435","n/e","n/e","152","551","23","n/e","n/e","n/e","n/e","n/e","n/e","n/e","n/e","n/e","n/e","n/e","0","43","76","21"
"BZN|DK2","23.02.2018 02:00 - 23.02.2018 03:00 (CET/CEST)","435","n/e","n/e","151","556","22","n/e","n/e","n/e","n/e","n/e","n/e","n/e","n/e","n/e","n/e","n/e","0","43","47","21"
"BZN|DK2","23.02.2018 03:00 - 23.02.2018 04:00 (CET/CEST)","439","n/e","n/e","154","558","23","n/e","n/e","n/e","n/e","n/e","n/e","n/e","n/e","n/e","n/e","n/e","0","42","47","17"
"BZN|DK2","23.02.2018 04:00 - 23.02.2018 05:00 (CET/CEST)","467","n/e","n/e","159","563","25","n/e","n/e","n/e","n/e","n/e","n/e","n/e","n/e","n/e","n/e","n/e","0","44","49","18"
"BZN|DK2","23.02.2018 05:00 - 23.02.2018 06:00 (CET/CEST)","468","n/e","n/e","160","610","25","n/e","n/e","n/e","n/e","n/e","n/e","n/e","n/e","n/e","n/e","n/e","0","43","44","15"
"BZN|DK2","23.02.2018 06:00 - 23.02.2018 07:00 (CET/CEST)","484","n/e","n/e","170","654","27","n/e","n/e","n/e","n/e","n/e","n/e","n/e","n/e","n/e","n/e","n/e","0","44","48","16"
"BZN|DK2","23.02.2018 07:00 - 23.02.2018 08:00 (CET/CEST)","626","n/e","n/e","249","668","30","n/e","n/e","n/e","n/e","n/e","n/e","n/e","n/e","n/e","n/e","n/e","4","52","45","16"
"BZN|DK2","23.02.2018 08:00 - 23.02.2018 09:00 (CET/CEST)","631","n/e","n/e","274","666","29","n/e","n/e","n/e","n/e","n/e","n/e","n/e","n/e","n/e","n/e","n/e","29","53","32","14"
"BZN|DK2","23.02.2018 09:00 - 23.02.2018 10:00 (CET/CEST)","592","n/e","n/e","282","675","30","n/e","n/e","n/e","n/e","n/e","n/e","n/e","n/e","n/e","n/e","n/e","56","53","41","15"
"BZN|DK2","23.02.2018 10:00 - 23.02.2018 11:00 (CET/CEST)","586","n/e","n/e","274","665","28","n/e","n/e","n/e","n/e","n/e","n/e","n/e","n/e","n/e","n/e","n/e","83","47","44","15"
"BZN|DK2","23.02.2018 11:00 - 23.02.2018 12:00 (CET/CEST)","580","n/e","n/e","271","659","27","n/e","n/e","n/e","n/e","n/e","n/e","n/e","n/e","n/e","n/e","n/e","95","43","41","14"
"BZN|DK2","23.02.2018 12:00 - 23.02.2018 13:00 (CET/CEST)","474","n/e","n/e","256","661","27","n/e","n/e","n/e","n/e","n/e","n/e","n/e","n/e","n/e","n/e","n/e","101","45","31","12"
"BZN|DK2","23.02.2018 13:00 - 23.02.2018 14:00 (CET/CEST)","466","n/e","n/e","233","656","26","n/e","n/e","n/e","n/e","n/e","n/e","n/e","n/e","n/e","n/e","n/e","100","45","17","11"
"BZN|DK2","23.02.2018 14:00 - 23.02.2018 15:00 (CET/CEST)","471","n/e","n/e","226","656","26","n/e","n/e","n/e","n/e","n/e","n/e","n/e","n/e","n/e","n/e","n/e","89","44","9","12"
"BZN|DK2","23.02.2018 15:00 - 23.02.2018 16:00 (CET/CEST)","475","n/e","n/e","227","659","27","n/e","n/e","n/e","n/e","n/e","n/e","n/e","n/e","n/e","n/e","n/e","69","45","9","12"
"BZN|DK2","23.02.2018 16:00 - 23.02.2018 17:00 (CET/CEST)","519","n/e","n/e","227","655","26","n/e","n/e","n/e","n/e","n/e","n/e","n/e","n/e","n/e","n/e","n/e","26","45","4","12"
"BZN|DK2","23.02.2018 17:00 - 23.02.2018 18:00 (CET/CEST)","522","n/e","n/e","234","659","25","n/e","n/e","n/e","n/e","n/e","n/e","n/e","n/e","n/e","n/e","n/e","2","51","2","17"
"BZN|DK2","23.02.2018 18:00 - 23.02.2018 19:00 (CET/CEST)","524","n/e","n/e","243","654","25","n/e","n/e","n/e","n/e","n/e","n/e","n/e","n/e","n/e","n/e","n/e","0","51","2","24"
"BZN|DK2","23.02.2018 19:00 - 23.02.2018 20:00 (CET/CEST)","519","n/e","n/e","250","654","25","n/e","n/e","n/e","n/e","n/e","n/e","n/e","n/e","n/e","n/e","n/e","0","51","2","34"
"BZN|DK2","23.02.2018 20:00 - 23.02.2018 21:00 (CET/CEST)","504","n/e","n/e","193","664","23","n/e","n/e","n/e","n/e","n/e","n/e","n/e","n/e","n/e","n/e","n/e","0","45","3","50"
"BZN|DK2","23.02.2018 21:00 - 23.02.2018 22:00 (CET/CEST)","474","n/e","n/e","152","637","21","n/e","n/e","n/e","n/e","n/e","n/e","n/e","n/e","n/e","n/e","n/e","0","42","2","75"
"BZN|DK2","23.02.2018 22:00 - 23.02.2018 23:00 (CET/CEST)","503","n/e","n/e","131","639","19","n/e","n/e","n/e","n/e","n/e","n/e","n/e","n/e","n/e","n/e","n/e","0","43","11","80"
"BZN|DK2","23.02.2018 23:00 - 24.02.2018 00:00 (CET/CEST)","469","n/e","n/e","138","637","21","n/e","n/e","n/e","n/e","n/e","n/e","n/e","n/e","n/e","n/e","n/e","0","42","87","73"
"BZN|DK2","24.02.2018 00:00 - 24.02.2018 01:00 (CET/CEST)","467","n/e","n/e","138","577","21","n/e","n/e","n/e","n/e","n/e","n/e","n/e","n/e","n/e","n/e","n/e","0","37","104","77"
"BZN|DK2","24.02.2018 01:00 - 24.02.2018 02:00 (CET/CEST)","467","n/e","n/e","137","594","21","n/e","n/e","n/e","n/e","n/e","n/e","n/e","n/e","n/e","n/e","n/e","0","36","113","83"
"BZN|DK2","24.02.2018 02:00 - 24.02.2018 03:00 (CET/CEST)","454","n/e","n/e","126","601","21","n/e","n/e","n/e","n/e","n/e","n/e","n/e","n/e","n/e","n/e","n/e","0","36","122","88"
"BZN|DK2","24.02.2018 03:00 - 24.02.2018 04:00 (CET/CEST)","451","n/e","n/e","126","597","21","n/e","n/e","n/e","n/e","n/e","n/e","n/e","n/e","n/e","n/e","n/e","0","36","138","102"
"BZN|DK2","24.02.2018 04:00 - 24.02.2018 05:00 (CET/CEST)","449","n/e","n/e","125","619","21","n/e","n/e","n/e","n/e","n/e","n/e","n/e","n/e","n/e","n/e","n/e","0","37","155","109"
"BZN|DK2","24.02.2018 05:00 - 24.02.2018 06:00 (CET/CEST)","437","n/e","n/e","127","620","21","n/e","n/e","n/e","n/e","n/e","n/e","n/e","n/e","n/e","n/e","n/e","0","37","236","122"
"BZN|DK2","24.02.2018 06:00 - 24.02.2018 07:00 (CET/CEST)","465","n/e","n/e","138","607","21","n/e","n/e","n/e","n/e","n/e","n/e","n/e","n/e","n/e","n/e","n/e","0","36","335","149"
"BZN|DK2","24.02.2018 07:00 - 24.02.2018 08:00 (CET/CEST)","503","n/e","n/e","151","600","22","n/e","n/e","n/e","n/e","n/e","n/e","n/e","n/e","n/e","n/e","n/e","2","37","315","158"
"BZN|DK2","24.02.2018 08:00 - 24.02.2018 09:00 (CET/CEST)","502","n/e","n/e","158","610","22","n/e","n/e","n/e","n/e","n/e","n/e","n/e","n/e","n/e","n/e","n/e","21","43","277","166"
"BZN|DK2","24.02.2018 09:00 - 24.02.2018 10:00 (CET/CEST)","516","n/e","n/e","218","580","21","n/e","n/e","n/e","n/e","n/e","n/e","n/e","n/e","n/e","n/e","n/e","36","44","297","174"
"BZN|DK2","24.02.2018 10:00 - 24.02.2018 11:00 (CET/CEST)","517","n/e","n/e","236","622","22","n/e","n/e","n/e","n/e","n/e","n/e","n/e","n/e","n/e","n/e","n/e","77","44","296","167"
"BZN|DK2","24.02.2018 11:00 - 24.02.2018 12:00 (CET/CEST)","516","n/e","n/e","198","583","15","n/e","n/e","n/e","n/e","n/e","n/e","n/e","n/e","n/e","n/e","n/e","122","40","306","159"
"BZN|DK2","24.02.2018 12:00 - 24.02.2018 13:00 (CET/CEST)","515","n/e","n/e","199","553","15","n/e","n/e","n/e","n/e","n/e","n/e","n/e","n/e","n/e","n/e","n/e","153","40","297","153"
"BZN|DK2","24.02.2018 13:00 - 24.02.2018 14:00 (CET/CEST)","519","n/e","n/e","216","571","22","n/e","n/e","n/e","n/e","n/e","n/e","n/e","n/e","n/e","n/e","n/e","135","44","282","141"
"BZN|DK2","24.02.2018 14:00 - 24.02.2018 15:00 (CET/CEST)","522","n/e","n/e","219","587","23","n/e","n/e","n/e","n/e","n/e","n/e","n/e","n/e","n/e","n/e","n/e","103","44","267","131"
"BZN|DK2","24.02.2018 15:00 - 24.02.2018 16:00 (CET/CEST)","520","n/e","n/e","209","594","22","n/e","n/e","n/e","n/e","n/e","n/e","n/e","n/e","n/e","n/e","n/e","67","44","257","123"
"BZN|DK2","24.02.2018 16:00 - 24.02.2018 17:00 (CET/CEST)","519","n/e","n/e","205","575","21","n/e","n/e","n/e","n/e","n/e","n/e","n/e","n/e","n/e","n/e","n/e","26","44","278","124"
"BZN|DK2","24.02.2018 17:00 - 24.02.2018 18:00 (CET/CEST)","520","n/e","n/e","214","630","24","n/e","n/e","n/e","n/e","n/e","n/e","n/e","n/e","n/e","n/e","n/e","3","45","273","109"
"BZN|DK2","24.02.2018 18:00 - 24.02.2018 19:00 (CET/CEST)","520","n/e","n/e","218","662","24","n/e","n/e","n/e","n/e","n/e","n/e","n/e","n/e","n/e","n/e","n/e","0","44","295","103"
"BZN|DK2","24.02.2018 19:00 - 24.02.2018 20:00 (CET/CEST)","519","n/e","n/e","169","617","24","n/e","n/e","n/e","n/e","n/e","n/e","n/e","n/e","n/e","n/e","n/e","0","44","258","98"
"BZN|DK2","24.02.2018 20:00 - 24.02.2018 21:00 (CET/CEST)","503","n/e","n/e","165","588","24","n/e","n/e","n/e","n/e","n/e","n/e","n/e","n/e","n/e","n/e","n/e","0","44","239","90"
"BZN|DK2","24.02.2018 21:00 - 24.02.2018 22:00 (CET/CEST)","501","n/e","n/e","162","465","22","n/e","n/e","n/e","n/e","n/e","n/e","n/e","n/e","n/e","n/e","n/e","0","43","217","73"
"BZN|DK2","24.02.2018 22:00 - 24.02.2018 23:00 (CET/CEST)","501","n/e","n/e","159","331","22","n/e","n/e","n/e","n/e","n/e","n/e","n/e","n/e","n/e","n/e","n/e","0","42","208","63"
"BZN|DK2","24.02.2018 23:00 - 25.02.2018 00:00 (CET/CEST)","505","n/e","n/e","155","313","21","n/e","n/e","n/e","n/e","n/e","n/e","n/e","n/e","n/e","n/e","n/e","0","42","124","54"
"BZN|DK2","25.02.2018 00:00 - 25.02.2018 01:00 (CET/CEST)","504","n/e","n/e","154","294","21","n/e","n/e","n/e","n/e","n/e","n/e","n/e","n/e","n/e","n/e","n/e","0","44","97","52"
"BZN|DK2","25.02.2018 01:00 - 25.02.2018 02:00 (CET/CEST)","557","n/e","n/e","154","335","21","n/e","n/e","n/e","n/e","n/e","n/e","n/e","n/e","n/e","n/e","n/e","0","42","48","51"
"BZN|DK2","25.02.2018 02:00 - 25.02.2018 03:00 (CET/CEST)","555","n/e","n/e","154","350","21","n/e","n/e","n/e","n/e","n/e","n/e","n/e","n/e","n/e","n/e","n/e","0","43","63","52"
"BZN|DK2","25.02.2018 03:00 - 25.02.2018 04:00 (CET/CEST)","548","n/e","n/e","154","353","22","n/e","n/e","n/e","n/e","n/e","n/e","n/e","n/e","n/e","n/e","n/e","0","43","57","49"
"BZN|DK2","25.02.2018 04:00 - 25.02.2018 05:00 (CET/CEST)","542","n/e","n/e","154","353","22","n/e","n/e","n/e","n/e","n/e","n/e","n/e","n/e","n/e","n/e","n/e","0","43","114","49"
"BZN|DK2","25.02.2018 05:00 - 25.02.2018 06:00 (CET/CEST)","509","n/e","n/e","153","327","22","n/e","n/e","n/e","n/e","n/e","n/e","n/e","n/e","n/e","n/e","n/e","0","43","119","56"
"BZN|DK2","25.02.2018 06:00 - 25.02.2018 07:00 (CET/CEST)","500","n/e","n/e","154","327","22","n/e","n/e","n/e","n/e","n/e","n/e","n/e","n/e","n/e","n/e","n/e","0","43","115","79"
"BZN|DK2","25.02.2018 07:00 - 25.02.2018 08:00 (CET/CEST)","542","n/e","n/e","155","308","23","n/e","n/e","n/e","n/e","n/e","n/e","n/e","n/e","n/e","n/e","n/e","1","43","151","109"
"BZN|DK2","25.02.2018 08:00 - 25.02.2018 09:00 (CET/CEST)","511","n/e","n/e","160","291","24","n/e","n/e","n/e","n/e","n/e","n/e","n/e","n/e","n/e","n/e","n/e","12","44","196","142"
"BZN|DK2","25.02.2018 09:00 - 25.02.2018 10:00 (CET/CEST)","506","n/e","n/e","166","299","25","n/e","n/e","n/e","n/e","n/e","n/e","n/e","n/e","n/e","n/e","n/e","35","44","206","140"
"BZN|DK2","25.02.2018 10:00 - 25.02.2018 11:00 (CET/CEST)","516","n/e","n/e","167","299","24","n/e","n/e","n/e","n/e","n/e","n/e","n/e","n/e","n/e","n/e","n/e","69","44","171","170"
"BZN|DK2","25.02.2018 11:00 - 25.02.2018 12:00 (CET/CEST)","520","n/e","n/e","160","288","22","n/e","n/e","n/e","n/e","n/e","n/e","n/e","n/e","n/e","n/e","n/e","103","44","199","178"
"BZN|DK2","25.02.2018 12:00 - 25.02.2018 13:00 (CET/CEST)","516","n/e","n/e","190","289","22","n/e","n/e","n/e","n/e","n/e","n/e","n/e","n/e","n/e","n/e","n/e","119","44","190","177"
"BZN|DK2","25.02.2018 13:00 - 25.02.2018 14:00 (CET/CEST)","489","n/e","n/e","225","302","23","n/e","n/e","n/e","n/e","n/e","n/e","n/e","n/e","n/e","n/e","n/e","124","43","179","176"
"BZN|DK2","25.02.2018 14:00 - 25.02.2018 15:00 (CET/CEST)","489","n/e","n/e","235","307","26","n/e","n/e","n/e","n/e","n/e","n/e","n/e","n/e","n/e","n/e","n/e","105","44","190","169"
"BZN|DK2","25.02.2018 15:00 - 25.02.2018 16:00 (CET/CEST)","488","n/e","n/e","236","305","26","n/e","n/e","n/e","n/e","n/e","n/e","n/e","n/e","n/e","n/e","n/e","65","44","252","158"
"BZN|DK2","25.02.2018 16:00 - 25.02.2018 17:00 (CET/CEST)","493","n/e","n/e","236","305","25","n/e","n/e","n/e","n/e","n/e","n/e","n/e","n/e","n/e","n/e","n/e","21","44","257","161"
"BZN|DK2","25.02.2018 17:00 - 25.02.2018 18:00 (CET/CEST)","518","n/e","n/e","238","310","26","n/e","n/e","n/e","n/e","n/e","n/e","n/e","n/e","n/e","n/e","n/e","2","45","266","170"
"BZN|DK2","25.02.2018 18:00 - 25.02.2018 19:00 (CET/CEST)","522","n/e","n/e","236","380","25","n/e","n/e","n/e","n/e","n/e","n/e","n/e","n/e","n/e","n/e","n/e","0","43","259","169"
"BZN|DK2","25.02.2018 19:00 - 25.02.2018 20:00 (CET/CEST)","517","n/e","n/e","184","398","27","n/e","n/e","n/e","n/e","n/e","n/e","n/e","n/e","n/e","n/e","n/e","0","45","284","180"
"BZN|DK2","25.02.2018 20:00 - 25.02.2018 21:00 (CET/CEST)","518","n/e","n/e","167","298","26","n/e","n/e","n/e","n/e","n/e","n/e","n/e","n/e","n/e","n/e","n/e","0","44","305","209"
"BZN|DK2","25.02.2018 21:00 - 25.02.2018 22:00 (CET/CEST)","514","n/e","n/e","162","290","23","n/e","n/e","n/e","n/e","n/e","n/e","n/e","n/e","n/e","n/e","n/e","0","43","316","219"
"BZN|DK2","25.02.2018 22:00 - 25.02.2018 23:00 (CET/CEST)","518","n/e","n/e","161","290","23","n/e","n/e","n/e","n/e","n/e","n/e","n/e","n/e","n/e","n/e","n/e","0","44","345","252"
"BZN|DK2","25.02.2018 23:00 - 26.02.2018 00:00 (CET/CEST)","511","n/e","n/e","161","298","23","n/e","n/e","n/e","n/e","n/e","n/e","n/e","n/e","n/e","n/e","n/e","0","44","335","260"
"BZN|DK2","26.02.2018 00:00 - 26.02.2018 01:00 (CET/CEST)","513","n/e","n/e","161","355","23","n/e","n/e","n/e","n/e","n/e","n/e","n/e","n/e","n/e","n/e","n/e","0","43","318","247"
"BZN|DK2","26.02.2018 01:00 - 26.02.2018 02:00 (CET/CEST)","517","n/e","n/e","159","363","23","n/e","n/e","n/e","n/e","n/e","n/e","n/e","n/e","n/e","n/e","n/e","0","44","260","203"
"BZN|DK2","26.02.2018 02:00 - 26.02.2018 03:00 (CET/CEST)","520","n/e","n/e","159","386","23","n/e","n/e","n/e","n/e","n/e","n/e","n/e","n/e","n/e","n/e","n/e","0","46","231","183"
"BZN|DK2","26.02.2018 03:00 - 26.02.2018 04:00 (CET/CEST)","547","n/e","n/e","159","372","23","n/e","n/e","n/e","n/e","n/e","n/e","n/e","n/e","n/e","n/e","n/e","0","47","263","178"
"BZN|DK2","26.02.2018 04:00 - 26.02.2018 05:00 (CET/CEST)","505","n/e","n/e","159","333","23","n/e","n/e","n/e","n/e","n/e","n/e","n/e","n/e","n/e","n/e","n/e","0","48","268","164"
"BZN|DK2","26.02.2018 05:00 - 26.02.2018 06:00 (CET/CEST)","507","n/e","n/e","160","364","23","n/e","n/e","n/e","n/e","n/e","n/e","n/e","n/e","n/e","n/e","n/e","0","48","211","169"
"BZN|DK2","26.02.2018 06:00 - 26.02.2018 07:00 (CET/CEST)","540","n/e","n/e","184","393","25","n/e","n/e","n/e","n/e","n/e","n/e","n/e","n/e","n/e","n/e","n/e","0","50","200","195"
"BZN|DK2","26.02.2018 07:00 - 26.02.2018 08:00 (CET/CEST)","561","n/e","n/e","222","425","29","n/e","n/e","n/e","n/e","n/e","n/e","n/e","n/e","n/e","n/e","n/e","4","52","194","214"
"BZN|DK2","26.02.2018 08:00 - 26.02.2018 09:00 (CET/CEST)","576","n/e","n/e","254","425","29","n/e","n/e","n/e","n/e","n/e","n/e","n/e","n/e","n/e","n/e","n/e","28","52","183","214"
"BZN|DK2","26.02.2018 09:00 - 26.02.2018 10:00 (CET/CEST)","514","n/e","n/e","256","430","29","n/e","n/e","n/e","n/e","n/e","n/e","n/e","n/e","n/e","n/e","n/e","66","50","227","211"
"BZN|DK2","26.02.2018 10:00 - 26.02.2018 11:00 (CET/CEST)","503","n/e","n/e","251","432","32","n/e","n/e","n/e","n/e","n/e","n/e","n/e","n/e","n/e","n/e","n/e","117","51","248","228"
"BZN|DK2","26.02.2018 11:00 - 26.02.2018 12:00 (CET/CEST)","496","n/e","n/e","243","423","31","n/e","n/e","n/e","n/e","n/e","n/e","n/e","n/e","n/e","n/e","n/e","148","50","247","243"
"BZN|DK2","26.02.2018 12:00 - 26.02.2018 13:00 (CET/CEST)","496","n/e","n/e","235","395","29","n/e","n/e","n/e","n/e","n/e","n/e","n/e","n/e","n/e","n/e","n/e","151","51","219","251"
"BZN|DK2","26.02.2018 13:00 - 26.02.2018 14:00 (CET/CEST)","509","n/e","n/e","242","413","31","n/e","n/e","n/e","n/e","n/e","n/e","n/e","n/e","n/e","n/e","n/e","140","50","207","255"
"BZN|DK2","26.02.2018 14:00 - 26.02.2018 15:00 (CET/CEST)","508","n/e","n/e","272","370","30","n/e","n/e","n/e","n/e","n/e","n/e","n/e","n/e","n/e","n/e","n/e","110","52","214","245"
"BZN|DK2","26.02.2018 15:00 - 26.02.2018 16:00 (CET/CEST)","508","n/e","n/e","281","339","30","n/e","n/e","n/e","n/e","n/e","n/e","n/e","n/e","n/e","n/e","n/e","68","58","171","223"
"BZN|DK2","26.02.2018 16:00 - 26.02.2018 17:00 (CET/CEST)","553","n/e","n/e","276","391","28","n/e","n/e","n/e","n/e","n/e","n/e","n/e","n/e","n/e","n/e","n/e","29","58","114","192"
"BZN|DK2","26.02.2018 17:00 - 26.02.2018 18:00 (CET/CEST)","561","n/e","n/e","286","421","32","n/e","n/e","n/e","n/e","n/e","n/e","n/e","n/e","n/e","n/e","n/e","3","59","187","173"
"BZN|DK2","26.02.2018 18:00 - 26.02.2018 19:00 (CET/CEST)","632","n/e","n/e","283","322","30","n/e","n/e","n/e","n/e","n/e","n/e","n/e","n/e","n/e","n/e","n/e","0","60","223","171"
"BZN|DK2","26.02.2018 19:00 - 26.02.2018 20:00 (CET/CEST)","535","n/e","n/e","281","408","30","n/e","n/e","n/e","n/e","n/e","n/e","n/e","n/e","n/e","n/e","n/e","0","60","191","197"
"BZN|DK2","26.02.2018 20:00 - 26.02.2018 21:00 (CET/CEST)","505","n/e","n/e","216","393","28","n/e","n/e","n/e","n/e","n/e","n/e","n/e","n/e","n/e","n/e","n/e","0","53","293","220"
"BZN|DK2","26.02.2018 21:00 - 26.02.2018 22:00 (CET/CEST)","510","n/e","n/e","166","328","26","n/e","n/e","n/e","n/e","n/e","n/e","n/e","n/e","n/e","n/e","n/e","0","52","222","222"
"BZN|DK2","26.02.2018 22:00 - 26.02.2018 23:00 (CET/CEST)","518","n/e","n/e","158","378","26","n/e","n/e","n/e","n/e","n/e","n/e","n/e","n/e","n/e","n/e","n/e","0","51","87","217"
"BZN|DK2","26.02.2018 23:00 - 27.02.2018 00:00 (CET/CEST)","502","n/e","n/e","146","351","22","n/e","n/e","n/e","n/e","n/e","n/e","n/e","n/e","n/e","n/e","n/e","0","50","228","217"
"BZN|DK2","27.02.2018 00:00 - 27.02.2018 01:00 (CET/CEST)","494","n/e","n/e","147","300","23","n/e","n/e","n/e","n/e","n/e","n/e","n/e","n/e","n/e","n/e","n/e","0","50","232","208"
"BZN|DK2","27.02.2018 01:00 - 27.02.2018 02:00 (CET/CEST)","440","n/e","n/e","147","347","24","n/e","n/e","n/e","n/e","n/e","n/e","n/e","n/e","n/e","n/e","n/e","0","50","239","192"
"BZN|DK2","27.02.2018 02:00 - 27.02.2018 03:00 (CET/CEST)","426","n/e","n/e","147","368","24","n/e","n/e","n/e","n/e","n/e","n/e","n/e","n/e","n/e","n/e","n/e","0","50","283","192"
"BZN|DK2","27.02.2018 03:00 - 27.02.2018 04:00 (CET/CEST)","424","n/e","n/e","147","354","24","n/e","n/e","n/e","n/e","n/e","n/e","n/e","n/e","n/e","n/e","n/e","0","50","297","198"
"BZN|DK2","27.02.2018 04:00 - 27.02.2018 05:00 (CET/CEST)","425","n/e","n/e","147","355","24","n/e","n/e","n/e","n/e","n/e","n/e","n/e","n/e","n/e","n/e","n/e","0","50","229","202"
"BZN|DK2","27.02.2018 05:00 - 27.02.2018 06:00 (CET/CEST)","460","n/e","n/e","149","364","25","n/e","n/e","n/e","n/e","n/e","n/e","n/e","n/e","n/e","n/e","n/e","0","51","210","226"
"BZN|DK2","27.02.2018 06:00 - 27.02.2018 07:00 (CET/CEST)","525","n/e","n/e","152","366","26","n/e","n/e","n/e","n/e","n/e","n/e","n/e","n/e","n/e","n/e","n/e","0","58","254","247"
"BZN|DK2","27.02.2018 07:00 - 27.02.2018 08:00 (CET/CEST)","638","n/e","n/e","196","406","28","n/e","n/e","n/e","n/e","n/e","n/e","n/e","n/e","n/e","n/e","n/e","4","59","299","273"
"BZN|DK2","27.02.2018 08:00 - 27.02.2018 09:00 (CET/CEST)","628","n/e","n/e","232","407","26","n/e","n/e","n/e","n/e","n/e","n/e","n/e","n/e","n/e","n/e","n/e","28","60","285","306"
"BZN|DK2","27.02.2018 09:00 - 27.02.2018 10:00 (CET/CEST)","521","n/e","n/e","258","412","28","n/e","n/e","n/e","n/e","n/e","n/e","n/e","n/e","n/e","n/e","n/e","69","52","323","323"
"BZN|DK2","27.02.2018 10:00 - 27.02.2018 11:00 (CET/CEST)","573","n/e","n/e","300","455","29","n/e","n/e","n/e","n/e","n/e","n/e","n/e","n/e","n/e","n/e","n/e","81","50","332","341"
"BZN|DK2","27.02.2018 11:00 - 27.02.2018 12:00 (CET/CEST)","535","n/e","n/e","285","401","28","n/e","n/e","n/e","n/e","n/e","n/e","n/e","n/e","n/e","n/e","n/e","68","50","329","354"
"BZN|DK2","27.02.2018 12:00 - 27.02.2018 13:00 (CET/CEST)","503","n/e","n/e","269","405","26","n/e","n/e","n/e","n/e","n/e","n/e","n/e","n/e","n/e","n/e","n/e","72","50","219","354"
"BZN|DK2","27.02.2018 13:00 - 27.02.2018 14:00 (CET/CEST)","503","n/e","n/e","269","404","26","n/e","n/e","n/e","n/e","n/e","n/e","n/e","n/e","n/e","n/e","n/e","62","52","234","358"
"BZN|DK2","27.02.2018 14:00 - 27.02.2018 15:00 (CET/CEST)","512","n/e","n/e","266","363","26","n/e","n/e","n/e","n/e","n/e","n/e","n/e","n/e","n/e","n/e","n/e","67","51","345","398"
"BZN|DK2","27.02.2018 15:00 - 27.02.2018 16:00 (CET/CEST)","517","n/e","n/e","262","404","25","n/e","n/e","n/e","n/e","n/e","n/e","n/e","n/e","n/e","n/e","n/e","46","51","353","381"
"BZN|DK2","27.02.2018 16:00 - 27.02.2018 17:00 (CET/CEST)","521","n/e","n/e","262","404","25","n/e","n/e","n/e","n/e","n/e","n/e","n/e","n/e","n/e","n/e","n/e","17","47","321","378"
"BZN|DK2","27.02.2018 17:00 - 27.02.2018 18:00 (CET/CEST)","624","n/e","n/e","237","375","26","n/e","n/e","n/e","n/e","n/e","n/e","n/e","n/e","n/e","n/e","n/e","2","51","242","393"
"BZN|DK2","27.02.2018 18:00 - 27.02.2018 19:00 (CET/CEST)","618","n/e","n/e","263","500","27","n/e","n/e","n/e","n/e","n/e","n/e","n/e","n/e","n/e","n/e","n/e","0","51","328","391"
"BZN|DK2","27.02.2018 19:00 - 27.02.2018 20:00 (CET/CEST)","632","n/e","n/e","265","519","28","n/e","n/e","n/e","n/e","n/e","n/e","n/e","n/e","n/e","n/e","n/e","0","51","366","378"
"BZN|DK2","27.02.2018 20:00 - 27.02.2018 21:00 (CET/CEST)","630","n/e","n/e","245","464","26","n/e","n/e","n/e","n/e","n/e","n/e","n/e","n/e","n/e","n/e","n/e","0","50","362","392"
"BZN|DK2","27.02.2018 21:00 - 27.02.2018 22:00 (CET/CEST)","633","n/e","n/e","229","352","25","n/e","n/e","n/e","n/e","n/e","n/e","n/e","n/e","n/e","n/e","n/e","0","50","316","398"
"BZN|DK2","27.02.2018 22:00 - 27.02.2018 23:00 (CET/CEST)","626","n/e","n/e","216","340","24","n/e","n/e","n/e","n/e","n/e","n/e","n/e","n/e","n/e","n/e","n/e","0","50","180","349"
"BZN|DK2","27.02.2018 23:00 - 28.02.2018 00:00 (CET/CEST)","628","n/e","n/e","203","355","24","n/e","n/e","n/e","n/e","n/e","n/e","n/e","n/e","n/e","n/e","n/e","0","48","125","373"
"BZN|DK2","28.02.2018 00:00 - 28.02.2018 01:00 (CET/CEST)","625","n/e","n/e","147","330","24","n/e","n/e","n/e","n/e","n/e","n/e","n/e","n/e","n/e","n/e","n/e","0","43","96","353"
"BZN|DK2","28.02.2018 01:00 - 28.02.2018 02:00 (CET/CEST)","625","n/e","n/e","147","380","24","n/e","n/e","n/e","n/e","n/e","n/e","n/e","n/e","n/e","n/e","n/e","0","43","111","339"
"BZN|DK2","28.02.2018 02:00 - 28.02.2018 03:00 (CET/CEST)","626","n/e","n/e","147","381","24","n/e","n/e","n/e","n/e","n/e","n/e","n/e","n/e","n/e","n/e","n/e","0","42","47","315"
"BZN|DK2","28.02.2018 03:00 - 28.02.2018 04:00 (CET/CEST)","621","n/e","n/e","147","369","24","n/e","n/e","n/e","n/e","n/e","n/e","n/e","n/e","n/e","n/e","n/e","0","43","69","279"
"BZN|DK2","28.02.2018 04:00 - 28.02.2018 05:00 (CET/CEST)","627","n/e","n/e","147","390","24","n/e","n/e","n/e","n/e","n/e","n/e","n/e","n/e","n/e","n/e","n/e","0","49","90","286"
"BZN|DK2","28.02.2018 05:00 - 28.02.2018 06:00 (CET/CEST)","638","n/e","n/e","150","391","25","n/e","n/e","n/e","n/e","n/e","n/e","n/e","n/e","n/e","n/e","n/e","0","50","116","251"
"BZN|DK2","28.02.2018 06:00 - 28.02.2018 07:00 (CET/CEST)","641","n/e","n/e","225","503","40","n/e","n/e","n/e","n/e","n/e","n/e","n/e","n/e","n/e","n/e","n/e","0","52","221","241"
"BZN|DK2","28.02.2018 07:00 - 28.02.2018 08:00 (CET/CEST)","640","n/e","n/e","276","529","118","n/e","n/e","n/e","n/e","n/e","n/e","n/e","n/e","n/e","n/e","n/e","3","63","265","234"
"BZN|DK2","28.02.2018 08:00 - 28.02.2018 09:00 (CET/CEST)","642","n/e","n/e","313","538","286","n/e","n/e","n/e","n/e","n/e","n/e","n/e","n/e","n/e","n/e","n/e","20","61","292","243"
"BZN|DK2","28.02.2018 09:00 - 28.02.2018 10:00 (CET/CEST)","646","n/e","n/e","303","542","209","n/e","n/e","n/e","n/e","n/e","n/e","n/e","n/e","n/e","n/e","n/e","62","67","302","254"
"BZN|DK2","28.02.2018 10:00 - 28.02.2018 11:00 (CET/CEST)","640","n/e","n/e","286","433","28","n/e","n/e","n/e","n/e","n/e","n/e","n/e","n/e","n/e","n/e","n/e","92","58","327","255"
"BZN|DK2","28.02.2018 11:00 - 28.02.2018 12:00 (CET/CEST)","604","n/e","n/e","273","405","27","n/e","n/e","n/e","n/e","n/e","n/e","n/e","n/e","n/e","n/e","n/e","101","59","268","274"
"BZN|DK2","28.02.2018 12:00 - 28.02.2018 13:00 (CET/CEST)","579","n/e","n/e","272","404","26","n/e","n/e","n/e","n/e","n/e","n/e","n/e","n/e","n/e","n/e","n/e","98","52","262","287"
"BZN|DK2","28.02.2018 13:00 - 28.02.2018 14:00 (CET/CEST)","484","n/e","n/e","271","411","27","n/e","n/e","n/e","n/e","n/e","n/e","n/e","n/e","n/e","n/e","n/e","93","51","325","299"
"BZN|DK2","28.02.2018 14:00 - 28.02.2018 15:00 (CET/CEST)","495","n/e","n/e","275","418","29","n/e","n/e","n/e","n/e","n/e","n/e","n/e","n/e","n/e","n/e","n/e","78","52","337","313"
"BZN|DK2","28.02.2018 15:00 - 28.02.2018 16:00 (CET/CEST)","526","n/e","n/e","268","413","29","n/e","n/e","n/e","n/e","n/e","n/e","n/e","n/e","n/e","n/e","n/e","54","52","358","306"
"BZN|DK2","28.02.2018 16:00 - 28.02.2018 17:00 (CET/CEST)","542","n/e","n/e","257","393","26","n/e","n/e","n/e","n/e","n/e","n/e","n/e","n/e","n/e","n/e","n/e","23","51","365","329"
"BZN|DK2","28.02.2018 17:00 - 28.02.2018 18:00 (CET/CEST)","603","n/e","n/e","271","455","27","n/e","n/e","n/e","n/e","n/e","n/e","n/e","n/e","n/e","n/e","n/e","3","52","370","371"
"BZN|DK2","28.02.2018 18:00 - 28.02.2018 19:00 (CET/CEST)","605","n/e","n/e","287","530","26","n/e","n/e","n/e","n/e","n/e","n/e","n/e","n/e","n/e","n/e","n/e","0","50","370","384"
"BZN|DK2","28.02.2018 19:00 - 28.02.2018 20:00 (CET/CEST)","533","n/e","n/e","250","411","26","n/e","n/e","n/e","n/e","n/e","n/e","n/e","n/e","n/e","n/e","n/e","0","50","370","393"
"BZN|DK2","28.02.2018 20:00 - 28.02.2018 21:00 (CET/CEST)","512","n/e","n/e","206","396","25","n/e","n/e","n/e","n/e","n/e","n/e","n/e","n/e","n/e","n/e","n/e","0","51","370","392"
"BZN|DK2","28.02.2018 21:00 - 28.02.2018 22:00 (CET/CEST)","512","n/e","n/e","200","375","24","n/e","n/e","n/e","n/e","n/e","n/e","n/e","n/e","n/e","n/e","n/e","0","48","368","394"
"BZN|DK2","28.02.2018 22:00 - 28.02.2018 23:00 (CET/CEST)","513","n/e","n/e","199","318","24","n/e","n/e","n/e","n/e","n/e","n/e","n/e","n/e","n/e","n/e","n/e","0","47","366","379"
"BZN|DK2","28.02.2018 23:00 - 01.03.2018 00:00 (CET/CEST)","513","n/e","n/e","198","304","24","n/e","n/e","n/e","n/e","n/e","n/e","n/e","n/e","n/e","n/e","n/e","0","47","359","359"
"BZN|DK2","01.03.2018 00:00 - 01.03.2018 01:00 (CET/CEST)","506","n/e","n/e","196","295","24","n/e","n/e","n/e","n/e","n/e","n/e","n/e","n/e","n/e","n/e","n/e","0","45","294","347"
"BZN|DK2","01.03.2018 01:00 - 01.03.2018 02:00 (CET/CEST)","503","n/e","n/e","191","357","24","n/e","n/e","n/e","n/e","n/e","n/e","n/e","n/e","n/e","n/e","n/e","0","43","166","337"
"BZN|DK2","01.03.2018 02:00 - 01.03.2018 03:00 (CET/CEST)","504","n/e","n/e","191","360","24","n/e","n/e","n/e","n/e","n/e","n/e","n/e","n/e","n/e","n/e","n/e","0","43","85","319"
"BZN|DK2","01.03.2018 03:00 - 01.03.2018 04:00 (CET/CEST)","507","n/e","n/e","191","372","24","n/e","n/e","n/e","n/e","n/e","n/e","n/e","n/e","n/e","n/e","n/e","0","43","60","318"
"BZN|DK2","01.03.2018 04:00 - 01.03.2018 05:00 (CET/CEST)","506","n/e","n/e","191","353","23","n/e","n/e","n/e","n/e","n/e","n/e","n/e","n/e","n/e","n/e","n/e","0","43","49","340"
"BZN|DK2","01.03.2018 05:00 - 01.03.2018 06:00 (CET/CEST)","507","n/e","n/e","191","403","24","n/e","n/e","n/e","n/e","n/e","n/e","n/e","n/e","n/e","n/e","n/e","0","45","45","367"
"BZN|DK2","01.03.2018 06:00 - 01.03.2018 07:00 (CET/CEST)","518","n/e","n/e","200","389","24","n/e","n/e","n/e","n/e","n/e","n/e","n/e","n/e","n/e","n/e","n/e","0","50","63","374"
"BZN|DK2","01.03.2018 07:00 - 01.03.2018 08:00 (CET/CEST)","664","n/e","n/e","229","529","25","n/e","n/e","n/e","n/e","n/e","n/e","n/e","n/e","n/e","n/e","n/e","2","54","56","375"
"BZN|DK2","01.03.2018 08:00 - 01.03.2018 09:00 (CET/CEST)","686","n/e","n/e","233","532","26","n/e","n/e","n/e","n/e","n/e","n/e","n/e","n/e","n/e","n/e","n/e","12","58","78","356"
"BZN|DK2","01.03.2018 09:00 - 01.03.2018 10:00 (CET/CEST)","657","n/e","n/e","235","483","26","n/e","n/e","n/e","n/e","n/e","n/e","n/e","n/e","n/e","n/e","n/e","33","58","94","340"
"BZN|DK2","01.03.2018 10:00 - 01.03.2018 11:00 (CET/CEST)","643","n/e","n/e","240","407","27","n/e","n/e","n/e","n/e","n/e","n/e","n/e","n/e","n/e","n/e","n/e","78","56","111","321"
"BZN|DK2","01.03.2018 11:00 - 01.03.2018 12:00 (CET/CEST)","647","n/e","n/e","247","440","31","n/e","n/e","n/e","n/e","n/e","n/e","n/e","n/e","n/e","n/e","n/e","103","55","75","305"
"BZN|DK2","01.03.2018 12:00 - 01.03.2018 13:00 (CET/CEST)","646","n/e","n/e","222","508","23","n/e","n/e","n/e","n/e","n/e","n/e","n/e","n/e","n/e","n/e","n/e","100","54","59","276"
"BZN|DK2","01.03.2018 13:00 - 01.03.2018 14:00 (CET/CEST)","621","n/e","n/e","219","510","13","n/e","n/e","n/e","n/e","n/e","n/e","n/e","n/e","n/e","n/e","n/e","78","58","59","272"
"BZN|DK2","01.03.2018 14:00 - 01.03.2018 15:00 (CET/CEST)","599","n/e","n/e","210","342","14","n/e","n/e","n/e","n/e","n/e","n/e","n/e","n/e","n/e","n/e","n/e","53","59","95","289"
"BZN|DK2","01.03.2018 15:00 - 01.03.2018 16:00 (CET/CEST)","599","n/e","n/e","205","317","21","n/e","n/e","n/e","n/e","n/e","n/e","n/e","n/e","n/e","n/e","n/e","42","57","103","285"
"BZN|DK2","01.03.2018 16:00 - 01.03.2018 17:00 (CET/CEST)","619","n/e","n/e","200","341","24","n/e","n/e","n/e","n/e","n/e","n/e","n/e","n/e","n/e","n/e","n/e","22","56","117","287"
"BZN|DK2","01.03.2018 17:00 - 01.03.2018 18:00 (CET/CEST)","628","n/e","n/e","230","422","24","n/e","n/e","n/e","n/e","n/e","n/e","n/e","n/e","n/e","n/e","n/e","3","57","241","308"
"BZN|DK2","01.03.2018 18:00 - 01.03.2018 19:00 (CET/CEST)","628","n/e","n/e","229","418","24","n/e","n/e","n/e","n/e","n/e","n/e","n/e","n/e","n/e","n/e","n/e","0","56","346","335"
"BZN|DK2","01.03.2018 19:00 - 01.03.2018 20:00 (CET/CEST)","628","n/e","n/e","227","414","24","n/e","n/e","n/e","n/e","n/e","n/e","n/e","n/e","n/e","n/e","n/e","0","57","294","350"
"BZN|DK2","01.03.2018 20:00 - 01.03.2018 21:00 (CET/CEST)","626","n/e","n/e","214","381","23","n/e","n/e","n/e","n/e","n/e","n/e","n/e","n/e","n/e","n/e","n/e","0","56","155","331"
"BZN|DK2","01.03.2018 21:00 - 01.03.2018 22:00 (CET/CEST)","624","n/e","n/e","195","324","23","n/e","n/e","n/e","n/e","n/e","n/e","n/e","n/e","n/e","n/e","n/e","0","49","207","342"
"BZN|DK2","01.03.2018 22:00 - 01.03.2018 23:00 (CET/CEST)","551","n/e","n/e","193","361","23","n/e","n/e","n/e","n/e","n/e","n/e","n/e","n/e","n/e","n/e","n/e","0","49","270","312"
"BZN|DK2","01.03.2018 23:00 - 02.03.2018 00:00 (CET/CEST)","461","n/e","n/e","193","331","22","n/e","n/e","n/e","n/e","n/e","n/e","n/e","n/e","n/e","n/e","n/e","0","49","327","264"
"BZN|DK2","02.03.2018 00:00 - 02.03.2018 01:00 (CET/CEST)","463","n/e","n/e","193","336","22","n/e","n/e","n/e","n/e","n/e","n/e","n/e","n/e","n/e","n/e","n/e","0","44","256","234"
"BZN|DK2","02.03.2018 01:00 - 02.03.2018 02:00 (CET/CEST)","462","n/e","n/e","193","379","23","n/e","n/e","n/e","n/e","n/e","n/e","n/e","n/e","n/e","n/e","n/e","0","43","207","209"
"BZN|DK2","02.03.2018 02:00 - 02.03.2018 03:00 (CET/CEST)","462","n/e","n/e","193","387","22","n/e","n/e","n/e","n/e","n/e","n/e","n/e","n/e","n/e","n/e","n/e","0","43","138","209"
"BZN|DK2","02.03.2018 03:00 - 02.03.2018 04:00 (CET/CEST)","461","n/e","n/e","193","400","22","n/e","n/e","n/e","n/e","n/e","n/e","n/e","n/e","n/e","n/e","n/e","0","44","90","196"
"BZN|DK2","02.03.2018 04:00 - 02.03.2018 05:00 (CET/CEST)","458","n/e","n/e","194","393","22","n/e","n/e","n/e","n/e","n/e","n/e","n/e","n/e","n/e","n/e","n/e","0","49","67","188"
"BZN|DK2","02.03.2018 05:00 - 02.03.2018 06:00 (CET/CEST)","455","n/e","n/e","194","395","23","n/e","n/e","n/e","n/e","n/e","n/e","n/e","n/e","n/e","n/e","n/e","0","51","33","187"
"BZN|DK2","02.03.2018 06:00 - 02.03.2018 07:00 (CET/CEST)","455","n/e","n/e","197","474","23","n/e","n/e","n/e","n/e","n/e","n/e","n/e","n/e","n/e","n/e","n/e","0","58","12","187"
"BZN|DK2","02.03.2018 07:00 - 02.03.2018 08:00 (CET/CEST)","458","n/e","n/e","231","505","24","n/e","n/e","n/e","n/e","n/e","n/e","n/e","n/e","n/e","n/e","n/e","2","58","9","226"
"BZN|DK2","02.03.2018 08:00 - 02.03.2018 09:00 (CET/CEST)","461","n/e","n/e","243","524","25","n/e","n/e","n/e","n/e","n/e","n/e","n/e","n/e","n/e","n/e","n/e","10","58","9","266"
"BZN|DK2","02.03.2018 09:00 - 02.03.2018 10:00 (CET/CEST)","464","n/e","n/e","249","526","23","n/e","n/e","n/e","n/e","n/e","n/e","n/e","n/e","n/e","n/e","n/e","21","58","68","291"
"BZN|DK2","02.03.2018 10:00 - 02.03.2018 11:00 (CET/CEST)","462","n/e","n/e","244","489","22","n/e","n/e","n/e","n/e","n/e","n/e","n/e","n/e","n/e","n/e","n/e","30","58","97","267"
"BZN|DK2","02.03.2018 11:00 - 02.03.2018 12:00 (CET/CEST)","408","n/e","n/e","242","491","21","n/e","n/e","n/e","n/e","n/e","n/e","n/e","n/e","n/e","n/e","n/e","27","57","37","204"
"BZN|DK2","02.03.2018 12:00 - 02.03.2018 13:00 (CET/CEST)","393","n/e","n/e","238","418","21","n/e","n/e","n/e","n/e","n/e","n/e","n/e","n/e","n/e","n/e","n/e","31","52","34","167"
"BZN|DK2","02.03.2018 13:00 - 02.03.2018 14:00 (CET/CEST)","394","n/e","n/e","233","391","19","n/e","n/e","n/e","n/e","n/e","n/e","n/e","n/e","n/e","n/e","n/e","28","50","77","157"
"BZN|DK2","02.03.2018 14:00 - 02.03.2018 15:00 (CET/CEST)","395","n/e","n/e","224","384","19","n/e","n/e","n/e","n/e","n/e","n/e","n/e","n/e","n/e","n/e","n/e","25","50","204","165"
"BZN|DK2","02.03.2018 15:00 - 02.03.2018 16:00 (CET/CEST)","400","n/e","n/e","221","388","17","n/e","n/e","n/e","n/e","n/e","n/e","n/e","n/e","n/e","n/e","n/e","17","49","349","190"
"BZN|DK2","02.03.2018 16:00 - 02.03.2018 17:00 (CET/CEST)","399","n/e","n/e","222","388","17","n/e","n/e","n/e","n/e","n/e","n/e","n/e","n/e","n/e","n/e","n/e","8","49","356","219"
"BZN|DK2","02.03.2018 17:00 - 02.03.2018 18:00 (CET/CEST)","398","n/e","n/e","226","395","19","n/e","n/e","n/e","n/e","n/e","n/e","n/e","n/e","n/e","n/e","n/e","1","50","358","215"
"BZN|DK2","02.03.2018 18:00 - 02.03.2018 19:00 (CET/CEST)","396","n/e","n/e","251","503","19","n/e","n/e","n/e","n/e","n/e","n/e","n/e","n/e","n/e","n/e","n/e","0","56","359","191"
"BZN|DK2","02.03.2018 19:00 - 02.03.2018 20:00 (CET/CEST)","394","n/e","n/e","254","403","19","n/e","n/e","n/e","n/e","n/e","n/e","n/e","n/e","n/e","n/e","n/e","0","55","346","187"
"BZN|DK2","02.03.2018 20:00 - 02.03.2018 21:00 (CET/CEST)","392","n/e","n/e","217","393","19","n/e","n/e","n/e","n/e","n/e","n/e","n/e","n/e","n/e","n/e","n/e","0","48","326","185"
"BZN|DK2","02.03.2018 21:00 - 02.03.2018 22:00 (CET/CEST)","391","n/e","n/e","194","400","18","n/e","n/e","n/e","n/e","n/e","n/e","n/e","n/e","n/e","n/e","n/e","0","42","343","182"
"BZN|DK2","02.03.2018 22:00 - 02.03.2018 23:00 (CET/CEST)","393","n/e","n/e","192","332","18","n/e","n/e","n/e","n/e","n/e","n/e","n/e","n/e","n/e","n/e","n/e","0","41","330","179"
"BZN|DK2","02.03.2018 23:00 - 03.03.2018 00:00 (CET/CEST)","393","n/e","n/e","191","354","18","n/e","n/e","n/e","n/e","n/e","n/e","n/e","n/e","n/e","n/e","n/e","0","41","293","179"
"BZN|DK2","03.03.2018 00:00 - 03.03.2018 01:00 (CET/CEST)","394","n/e","n/e","140","363","18","n/e","n/e","n/e","n/e","n/e","n/e","n/e","n/e","n/e","n/e","n/e","0","41","247","171"
"BZN|DK2","03.03.2018 01:00 - 03.03.2018 02:00 (CET/CEST)","388","n/e","n/e","135","367","18","n/e","n/e","n/e","n/e","n/e","n/e","n/e","n/e","n/e","n/e","n/e","0","41","228","147"
"BZN|DK2","03.03.2018 02:00 - 03.03.2018 03:00 (CET/CEST)","390","n/e","n/e","134","374","18","n/e","n/e","n/e","n/e","n/e","n/e","n/e","n/e","n/e","n/e","n/e","0","41","226","132"
"BZN|DK2","03.03.2018 03:00 - 03.03.2018 04:00 (CET/CEST)","389","n/e","n/e","134","369","18","n/e","n/e","n/e","n/e","n/e","n/e","n/e","n/e","n/e","n/e","n/e","0","40","190","120"
"BZN|DK2","03.03.2018 04:00 - 03.03.2018 05:00 (CET/CEST)","385","n/e","n/e","135","348","18","n/e","n/e","n/e","n/e","n/e","n/e","n/e","n/e","n/e","n/e","n/e","0","36","143","104"
"BZN|DK2","03.03.2018 05:00 - 03.03.2018 06:00 (CET/CEST)","384","n/e","n/e","135","338","18","n/e","n/e","n/e","n/e","n/e","n/e","n/e","n/e","n/e","n/e","n/e","0","34","122","113"
"BZN|DK2","03.03.2018 06:00 - 03.03.2018 07:00 (CET/CEST)","394","n/e","n/e","135","357","19","n/e","n/e","n/e","n/e","n/e","n/e","n/e","n/e","n/e","n/e","n/e","0","35","95","115"
"BZN|DK2","03.03.2018 07:00 - 03.03.2018 08:00 (CET/CEST)","399","n/e","n/e","136","392","19","n/e","n/e","n/e","n/e","n/e","n/e","n/e","n/e","n/e","n/e","n/e","0","35","75","113"
"BZN|DK2","03.03.2018 08:00 - 03.03.2018 09:00 (CET/CEST)","401","n/e","n/e","134","386","20","n/e","n/e","n/e","n/e","n/e","n/e","n/e","n/e","n/e","n/e","n/e","4","34","126","112"
"BZN|DK2","03.03.2018 09:00 - 03.03.2018 10:00 (CET/CEST)","402","n/e","n/e","171","399","20","n/e","n/e","n/e","n/e","n/e","n/e","n/e","n/e","n/e","n/e","n/e","14","34","151","117"
"BZN|DK2","03.03.2018 10:00 - 03.03.2018 11:00 (CET/CEST)","401","n/e","n/e","163","393","21","n/e","n/e","n/e","n/e","n/e","n/e","n/e","n/e","n/e","n/e","n/e","31","36","152","125"
"BZN|DK2","03.03.2018 11:00 - 03.03.2018 12:00 (CET/CEST)","397","n/e","n/e","164","385","21","n/e","n/e","n/e","n/e","n/e","n/e","n/e","n/e","n/e","n/e","n/e","35","36","126","120"
"BZN|DK2","03.03.2018 12:00 - 03.03.2018 13:00 (CET/CEST)","396","n/e","n/e","161","385","20","n/e","n/e","n/e","n/e","n/e","n/e","n/e","n/e","n/e","n/e","n/e","44","35","96","119"
"BZN|DK2","03.03.2018 13:00 - 03.03.2018 14:00 (CET/CEST)","396","n/e","n/e","159","388","20","n/e","n/e","n/e","n/e","n/e","n/e","n/e","n/e","n/e","n/e","n/e","55","35","66","123"
"BZN|DK2","03.03.2018 14:00 - 03.03.2018 15:00 (CET/CEST)","391","n/e","n/e","162","401","21","n/e","n/e","n/e","n/e","n/e","n/e","n/e","n/e","n/e","n/e","n/e","51","35","51","127"
"BZN|DK2","03.03.2018 15:00 - 03.03.2018 16:00 (CET/CEST)","392","n/e","n/e","176","400","20","n/e","n/e","n/e","n/e","n/e","n/e","n/e","n/e","n/e","n/e","n/e","35","35","62","125"
"BZN|DK2","03.03.2018 16:00 - 03.03.2018 17:00 (CET/CEST)","400","n/e","n/e","162","332","20","n/e","n/e","n/e","n/e","n/e","n/e","n/e","n/e","n/e","n/e","n/e","22","35","102","129"
"BZN|DK2","03.03.2018 17:00 - 03.03.2018 18:00 (CET/CEST)","396","n/e","n/e","161","352","20","n/e","n/e","n/e","n/e","n/e","n/e","n/e","n/e","n/e","n/e","n/e","3","36","147","135"
"BZN|DK2","03.03.2018 18:00 - 03.03.2018 19:00 (CET/CEST)","397","n/e","n/e","159","384","20","n/e","n/e","n/e","n/e","n/e","n/e","n/e","n/e","n/e","n/e","n/e","0","35","155","144"
"BZN|DK2","03.03.2018 19:00 - 03.03.2018 20:00 (CET/CEST)","399","n/e","n/e","160","396","20","n/e","n/e","n/e","n/e","n/e","n/e","n/e","n/e","n/e","n/e","n/e","0","35","215","135"
"BZN|DK2","03.03.2018 20:00 - 03.03.2018 21:00 (CET/CEST)","400","n/e","n/e","158","389","19","n/e","n/e","n/e","n/e","n/e","n/e","n/e","n/e","n/e","n/e","n/e","0","35","293","167"
"BZN|DK2","03.03.2018 21:00 - 03.03.2018 22:00 (CET/CEST)","401","n/e","n/e","157","324","18","n/e","n/e","n/e","n/e","n/e","n/e","n/e","n/e","n/e","n/e","n/e","0","35","286","185"
"BZN|DK2","03.03.2018 22:00 - 03.03.2018 23:00 (CET/CEST)","404","n/e","n/e","158","339","18","n/e","n/e","n/e","n/e","n/e","n/e","n/e","n/e","n/e","n/e","n/e","0","35","281","180"
"BZN|DK2","03.03.2018 23:00 - 04.03.2018 00:00 (CET/CEST)","402","n/e","n/e","158","306","17","n/e","n/e","n/e","n/e","n/e","n/e","n/e","n/e","n/e","n/e","n/e","0","34","303","177"
"BZN|DK2","04.03.2018 00:00 - 04.03.2018 01:00 (CET/CEST)","401","n/e","n/e","127","287","16","n/e","n/e","n/e","n/e","n/e","n/e","n/e","n/e","n/e","n/e","n/e","0","33","263","172"
"BZN|DK2","04.03.2018 01:00 - 04.03.2018 02:00 (CET/CEST)","400","n/e","n/e","91","287","16","n/e","n/e","n/e","n/e","n/e","n/e","n/e","n/e","n/e","n/e","n/e","0","35","259","161"
"BZN|DK2","04.03.2018 02:00 - 04.03.2018 03:00 (CET/CEST)","398","n/e","n/e","92","281","17","n/e","n/e","n/e","n/e","n/e","n/e","n/e","n/e","n/e","n/e","n/e","0","34","225","147"
"BZN|DK2","04.03.2018 03:00 - 04.03.2018 04:00 (CET/CEST)","397","n/e","n/e","90","273","16","n/e","n/e","n/e","n/e","n/e","n/e","n/e","n/e","n/e","n/e","n/e","0","35","173","149"
"BZN|DK2","04.03.2018 04:00 - 04.03.2018 05:00 (CET/CEST)","396","n/e","n/e","90","282","16","n/e","n/e","n/e","n/e","n/e","n/e","n/e","n/e","n/e","n/e","n/e","0","35","169","146"
"BZN|DK2","04.03.2018 05:00 - 04.03.2018 06:00 (CET/CEST)","390","n/e","n/e","91","292","16","n/e","n/e","n/e","n/e","n/e","n/e","n/e","n/e","n/e","n/e","n/e","0","35","213","153"
"BZN|DK2","04.03.2018 06:00 - 04.03.2018 07:00 (CET/CEST)","391","n/e","n/e","91","294","17","n/e","n/e","n/e","n/e","n/e","n/e","n/e","n/e","n/e","n/e","n/e","0","35","284","174"
"BZN|DK2","04.03.2018 07:00 - 04.03.2018 08:00 (CET/CEST)","393","n/e","n/e","88","293","18","n/e","n/e","n/e","n/e","n/e","n/e","n/e","n/e","n/e","n/e","n/e","2","35","316","194"
"BZN|DK2","04.03.2018 08:00 - 04.03.2018 09:00 (CET/CEST)","384","n/e","n/e","113","297","18","n/e","n/e","n/e","n/e","n/e","n/e","n/e","n/e","n/e","n/e","n/e","16","35","327","217"
"BZN|DK2","04.03.2018 09:00 - 04.03.2018 10:00 (CET/CEST)","385","n/e","n/e","148","318","19","n/e","n/e","n/e","n/e","n/e","n/e","n/e","n/e","n/e","n/e","n/e","39","35","333","241"
"BZN|DK2","04.03.2018 10:00 - 04.03.2018 11:00 (CET/CEST)","388","n/e","n/e","146","322","20","n/e","n/e","n/e","n/e","n/e","n/e","n/e","n/e","n/e","n/e","n/e","57","36","327","277"
"BZN|DK2","04.03.2018 11:00 - 04.03.2018 12:00 (CET/CEST)","390","n/e","n/e","144","331","20","n/e","n/e","n/e","n/e","n/e","n/e","n/e","n/e","n/e","n/e","n/e","87","36","306","283"
"BZN|DK2","04.03.2018 12:00 - 04.03.2018 13:00 (CET/CEST)","396","n/e","n/e","140","301","20","n/e","n/e","n/e","n/e","n/e","n/e","n/e","n/e","n/e","n/e","n/e","105","36","301","260"
"BZN|DK2","04.03.2018 13:00 - 04.03.2018 14:00 (CET/CEST)","398","n/e","n/e","140","288","20","n/e","n/e","n/e","n/e","n/e","n/e","n/e","n/e","n/e","n/e","n/e","95","35","298","260"
"BZN|DK2","04.03.2018 14:00 - 04.03.2018 15:00 (CET/CEST)","397","n/e","n/e","133","274","18","n/e","n/e","n/e","n/e","n/e","n/e","n/e","n/e","n/e","n/e","n/e","54","35","265","264"
"BZN|DK2","04.03.2018 15:00 - 04.03.2018 16:00 (CET/CEST)","390","n/e","n/e","132","280","17","n/e","n/e","n/e","n/e","n/e","n/e","n/e","n/e","n/e","n/e","n/e","26","35","282","263"
"BZN|DK2","04.03.2018 16:00 - 04.03.2018 17:00 (CET/CEST)","393","n/e","n/e","133","282","18","n/e","n/e","n/e","n/e","n/e","n/e","n/e","n/e","n/e","n/e","n/e","11","35","317","260"
"BZN|DK2","04.03.2018 17:00 - 04.03.2018 18:00 (CET/CEST)","392","n/e","n/e","132","312","18","n/e","n/e","n/e","n/e","n/e","n/e","n/e","n/e","n/e","n/e","n/e","2","34","316","256"
"BZN|DK2","04.03.2018 18:00 - 04.03.2018 19:00 (CET/CEST)","361","n/e","n/e","131","314","17","n/e","n/e","n/e","n/e","n/e","n/e","n/e","n/e","n/e","n/e","n/e","0","35","293","253"
"BZN|DK2","04.03.2018 19:00 - 04.03.2018 20:00 (CET/CEST)","355","n/e","n/e","131","339","17","n/e","n/e","n/e","n/e","n/e","n/e","n/e","n/e","n/e","n/e","n/e","0","35","289","253"
"BZN|DK2","04.03.2018 20:00 - 04.03.2018 21:00 (CET/CEST)","348","n/e","n/e","130","310","17","n/e","n/e","n/e","n/e","n/e","n/e","n/e","n/e","n/e","n/e","n/e","0","36","304","252"
"BZN|DK2","04.03.2018 21:00 - 04.03.2018 22:00 (CET/CEST)","354","n/e","n/e","130","277","17","n/e","n/e","n/e","n/e","n/e","n/e","n/e","n/e","n/e","n/e","n/e","0","35","300","236"
"BZN|DK2","04.03.2018 22:00 - 04.03.2018 23:00 (CET/CEST)","353","n/e","n/e","103","265","16","n/e","n/e","n/e","n/e","n/e","n/e","n/e","n/e","n/e","n/e","n/e","0","35","294","229"
"BZN|DK2","04.03.2018 23:00 - 05.03.2018 00:00 (CET/CEST)","347","n/e","n/e","69","262","15","n/e","n/e","n/e","n/e","n/e","n/e","n/e","n/e","n/e","n/e","n/e","0","35","281","233"
"BZN|DK2","05.03.2018 00:00 - 05.03.2018 01:00 (CET/CEST)","348","n/e","n/e","69","292","15","n/e","n/e","n/e","n/e","n/e","n/e","n/e","n/e","n/e","n/e","n/e","0","36","254","235"
"BZN|DK2","05.03.2018 01:00 - 05.03.2018 02:00 (CET/CEST)","348","n/e","n/e","68","322","15","n/e","n/e","n/e","n/e","n/e","n/e","n/e","n/e","n/e","n/e","n/e","0","35","268","240"
"BZN|DK2","05.03.2018 02:00 - 05.03.2018 03:00 (CET/CEST)","344","n/e","n/e","69","355","15","n/e","n/e","n/e","n/e","n/e","n/e","n/e","n/e","n/e","n/e","n/e","0","35","279","261"
"BZN|DK2","05.03.2018 03:00 - 05.03.2018 04:00 (CET/CEST)","346","n/e","n/e","69","381","15","n/e","n/e","n/e","n/e","n/e","n/e","n/e","n/e","n/e","n/e","n/e","0","36","255","295"
"BZN|DK2","05.03.2018 04:00 - 05.03.2018 05:00 (CET/CEST)","346","n/e","n/e","66","387","14","n/e","n/e","n/e","n/e","n/e","n/e","n/e","n/e","n/e","n/e","n/e","0","42","264","304"
"BZN|DK2","05.03.2018 05:00 - 05.03.2018 06:00 (CET/CEST)","340","n/e","n/e","68","379","14","n/e","n/e","n/e","n/e","n/e","n/e","n/e","n/e","n/e","n/e","n/e","0","44","270","308"
"BZN|DK2","05.03.2018 06:00 - 05.03.2018 07:00 (CET/CEST)","344","n/e","n/e","73","386","15","n/e","n/e","n/e","n/e","n/e","n/e","n/e","n/e","n/e","n/e","n/e","0","44","203","311"
"BZN|DK2","05.03.2018 07:00 - 05.03.2018 08:00 (CET/CEST)","376","n/e","n/e","104","353","18","n/e","n/e","n/e","n/e","n/e","n/e","n/e","n/e","n/e","n/e","n/e","1","45","159","311"
"BZN|DK2","05.03.2018 08:00 - 05.03.2018 09:00 (CET/CEST)","399","n/e","n/e","140","386","19","n/e","n/e","n/e","n/e","n/e","n/e","n/e","n/e","n/e","n/e","n/e","4","45","155","291"
"BZN|DK2","05.03.2018 09:00 - 05.03.2018 10:00 (CET/CEST)","430","n/e","n/e","141","421","18","n/e","n/e","n/e","n/e","n/e","n/e","n/e","n/e","n/e","n/e","n/e","7","45","136","232"
"BZN|DK2","05.03.2018 10:00 - 05.03.2018 11:00 (CET/CEST)","437","n/e","n/e","143","420","20","n/e","n/e","n/e","n/e","n/e","n/e","n/e","n/e","n/e","n/e","n/e","11","45","96","209"
"BZN|DK2","05.03.2018 11:00 - 05.03.2018 12:00 (CET/CEST)","467","n/e","n/e","142","385","20","n/e","n/e","n/e","n/e","n/e","n/e","n/e","n/e","n/e","n/e","n/e","16","45","71","210"
"BZN|DK2","05.03.2018 12:00 - 05.03.2018 13:00 (CET/CEST)","473","n/e","n/e","147","388","20","n/e","n/e","n/e","n/e","n/e","n/e","n/e","n/e","n/e","n/e","n/e","20","45","69","191"
"BZN|DK2","05.03.2018 13:00 - 05.03.2018 14:00 (CET/CEST)","473","n/e","n/e","153","388","20","n/e","n/e","n/e","n/e","n/e","n/e","n/e","n/e","n/e","n/e","n/e","20","45","80","174"
"BZN|DK2","05.03.2018 14:00 - 05.03.2018 15:00 (CET/CEST)","476","n/e","n/e","157","394","21","n/e","n/e","n/e","n/e","n/e","n/e","n/e","n/e","n/e","n/e","n/e","22","45","98","181"
"BZN|DK2","05.03.2018 15:00 - 05.03.2018 16:00 (CET/CEST)","484","n/e","n/e","155","380","20","n/e","n/e","n/e","n/e","n/e","n/e","n/e","n/e","n/e","n/e","n/e","15","45","122","170"
"BZN|DK2","05.03.2018 16:00 - 05.03.2018 17:00 (CET/CEST)","490","n/e","n/e","156","404","19","n/e","n/e","n/e","n/e","n/e","n/e","n/e","n/e","n/e","n/e","n/e","6","46","152","166"
"BZN|DK2","05.03.2018 17:00 - 05.03.2018 18:00 (CET/CEST)","508","n/e","n/e","161","397","21","n/e","n/e","n/e","n/e","n/e","n/e","n/e","n/e","n/e","n/e","n/e","1","44","236","156"
"BZN|DK2","05.03.2018 18:00 - 05.03.2018 19:00 (CET/CEST)","516","n/e","n/e","164","353","22","n/e","n/e","n/e","n/e","n/e","n/e","n/e","n/e","n/e","n/e","n/e","0","43","301","176"
"BZN|DK2","05.03.2018 19:00 - 05.03.2018 20:00 (CET/CEST)","519","n/e","n/e","165","394","23","n/e","n/e","n/e","n/e","n/e","n/e","n/e","n/e","n/e","n/e","n/e","0","38","340","189"
"BZN|DK2","05.03.2018 20:00 - 05.03.2018 21:00 (CET/CEST)","523","n/e","n/e","161","316","21","n/e","n/e","n/e","n/e","n/e","n/e","n/e","n/e","n/e","n/e","n/e","0","37","283","184"
"BZN|DK2","05.03.2018 21:00 - 05.03.2018 22:00 (CET/CEST)","499","n/e","n/e","157","328","18","n/e","n/e","n/e","n/e","n/e","n/e","n/e","n/e","n/e","n/e","n/e","0","30","230","175"
"BZN|DK2","05.03.2018 22:00 - 05.03.2018 23:00 (CET/CEST)","485","n/e","n/e","155","339","17","n/e","n/e","n/e","n/e","n/e","n/e","n/e","n/e","n/e","n/e","n/e","0","29","167","164"
"BZN|DK2","05.03.2018 23:00 - 06.03.2018 00:00 (CET/CEST)","488","n/e","n/e","150","321","17","n/e","n/e","n/e","n/e","n/e","n/e","n/e","n/e","n/e","n/e","n/e","0","29","82","123"
"BZN|DK2","06.03.2018 00:00 - 06.03.2018 01:00 (CET/CEST)","487","n/e","n/e","112","397","19","n/e","n/e","n/e","n/e","n/e","n/e","n/e","n/e","n/e","n/e","n/e","0","30","66","87"
"BZN|DK2","06.03.2018 01:00 - 06.03.2018 02:00 (CET/CEST)","476","n/e","n/e","86","403","20","n/e","n/e","n/e","n/e","n/e","n/e","n/e","n/e","n/e","n/e","n/e","0","30","76","69"
"BZN|DK2","06.03.2018 02:00 - 06.03.2018 03:00 (CET/CEST)","478","n/e","n/e","87","386","20","n/e","n/e","n/e","n/e","n/e","n/e","n/e","n/e","n/e","n/e","n/e","0","30","56","62"
"BZN|DK2","06.03.2018 03:00 - 06.03.2018 04:00 (CET/CEST)","478","n/e","n/e","90","395","20","n/e","n/e","n/e","n/e","n/e","n/e","n/e","n/e","n/e","n/e","n/e","0","30","59","54"
"BZN|DK2","06.03.2018 04:00 - 06.03.2018 05:00 (CET/CEST)","479","n/e","n/e","93","405","20","n/e","n/e","n/e","n/e","n/e","n/e","n/e","n/e","n/e","n/e","n/e","0","30","45","49"
"BZN|DK2","06.03.2018 05:00 - 06.03.2018 06:00 (CET/CEST)","487","n/e","n/e","95","409","20","n/e","n/e","n/e","n/e","n/e","n/e","n/e","n/e","n/e","n/e","n/e","0","30","27","45"
"BZN|DK2","06.03.2018 06:00 - 06.03.2018 07:00 (CET/CEST)","501","n/e","n/e","108","423","22","n/e","n/e","n/e","n/e","n/e","n/e","n/e","n/e","n/e","n/e","n/e","0","32","20","42"
"BZN|DK2","06.03.2018 07:00 - 06.03.2018 08:00 (CET/CEST)","518","n/e","n/e","175","445","28","n/e","n/e","n/e","n/e","n/e","n/e","n/e","n/e","n/e","n/e","n/e","6","34","29","47"
"BZN|DK2","06.03.2018 08:00 - 06.03.2018 09:00 (CET/CEST)","519","n/e","n/e","199","443","29","n/e","n/e","n/e","n/e","n/e","n/e","n/e","n/e","n/e","n/e","n/e","26","35","23","46"
"BZN|DK2","06.03.2018 09:00 - 06.03.2018 10:00 (CET/CEST)","518","n/e","n/e","187","448","31","n/e","n/e","n/e","n/e","n/e","n/e","n/e","n/e","n/e","n/e","n/e","61","36","50","45"
"BZN|DK2","06.03.2018 10:00 - 06.03.2018 11:00 (CET/CEST)","516","n/e","n/e","190","437","31","n/e","n/e","n/e","n/e","n/e","n/e","n/e","n/e","n/e","n/e","n/e","102","34","69","45"
"BZN|DK2","06.03.2018 11:00 - 06.03.2018 12:00 (CET/CEST)","516","n/e","n/e","209","457","33","n/e","n/e","n/e","n/e","n/e","n/e","n/e","n/e","n/e","n/e","n/e","135","34","73","42"
"BZN|DK2","06.03.2018 12:00 - 06.03.2018 13:00 (CET/CEST)","520","n/e","n/e","187","489","32","n/e","n/e","n/e","n/e","n/e","n/e","n/e","n/e","n/e","n/e","n/e","148","33","49","48"
"BZN|DK2","06.03.2018 13:00 - 06.03.2018 14:00 (CET/CEST)","492","n/e","n/e","181","528","31","n/e","n/e","n/e","n/e","n/e","n/e","n/e","n/e","n/e","n/e","n/e","140","35","53","60"
"BZN|DK2","06.03.2018 14:00 - 06.03.2018 15:00 (CET/CEST)","484","n/e","n/e","200","483","60","n/e","n/e","n/e","n/e","n/e","n/e","n/e","n/e","n/e","n/e","n/e","115","38","86","74"
"BZN|DK2","06.03.2018 15:00 - 06.03.2018 16:00 (CET/CEST)","489","n/e","n/e","190","470","32","n/e","n/e","n/e","n/e","n/e","n/e","n/e","n/e","n/e","n/e","n/e","75","38","120","80"
"BZN|DK2","06.03.2018 16:00 - 06.03.2018 17:00 (CET/CEST)","488","n/e","n/e","174","467","31","n/e","n/e","n/e","n/e","n/e","n/e","n/e","n/e","n/e","n/e","n/e","34","39","172","93"
"BZN|DK2","06.03.2018 17:00 - 06.03.2018 18:00 (CET/CEST)","487","n/e","n/e","173","432","30","n/e","n/e","n/e","n/e","n/e","n/e","n/e","n/e","n/e","n/e","n/e","7","38","183","123"
"BZN|DK2","06.03.2018 18:00 - 06.03.2018 19:00 (CET/CEST)","488","n/e","n/e","179","444","30","n/e","n/e","n/e","n/e","n/e","n/e","n/e","n/e","n/e","n/e","n/e","0","38","144","145"
"BZN|DK2","06.03.2018 19:00 - 06.03.2018 20:00 (CET/CEST)","495","n/e","n/e","197","437","30","n/e","n/e","n/e","n/e","n/e","n/e","n/e","n/e","n/e","n/e","n/e","0","38","128","147"
"BZN|DK2","06.03.2018 20:00 - 06.03.2018 21:00 (CET/CEST)","486","n/e","n/e","187","429","28","n/e","n/e","n/e","n/e","n/e","n/e","n/e","n/e","n/e","n/e","n/e","0","38","130","154"
"BZN|DK2","06.03.2018 21:00 - 06.03.2018 22:00 (CET/CEST)","488","n/e","n/e","132","415","26","n/e","n/e","n/e","n/e","n/e","n/e","n/e","n/e","n/e","n/e","n/e","0","31","83","145"
"BZN|DK2","06.03.2018 22:00 - 06.03.2018 23:00 (CET/CEST)","494","n/e","n/e","98","402","23","n/e","n/e","n/e","n/e","n/e","n/e","n/e","n/e","n/e","n/e","n/e","0","31","62","129"
"BZN|DK2","06.03.2018 23:00 - 07.03.2018 00:00 (CET/CEST)","488","n/e","n/e","92","382","20","n/e","n/e","n/e","n/e","n/e","n/e","n/e","n/e","n/e","n/e","n/e","0","33","73","115"
"BZN|DK2","07.03.2018 00:00 - 07.03.2018 01:00 (CET/CEST)","493","n/e","n/e","105","409","21","n/e","n/e","n/e","n/e","n/e","n/e","n/e","n/e","n/e","n/e","n/e","0","33","75","111"
"BZN|DK2","07.03.2018 01:00 - 07.03.2018 02:00 (CET/CEST)","491","n/e","n/e","105","363","21","n/e","n/e","n/e","n/e","n/e","n/e","n/e","n/e","n/e","n/e","n/e","0","33","49","107"
"BZN|DK2","07.03.2018 02:00 - 07.03.2018 03:00 (CET/CEST)","490","n/e","n/e","106","375","21","n/e","n/e","n/e","n/e","n/e","n/e","n/e","n/e","n/e","n/e","n/e","0","33","37","99"
"BZN|DK2","07.03.2018 03:00 - 07.03.2018 04:00 (CET/CEST)","491","n/e","n/e","106","398","21","n/e","n/e","n/e","n/e","n/e","n/e","n/e","n/e","n/e","n/e","n/e","0","33","54","107"
"BZN|DK2","07.03.2018 04:00 - 07.03.2018 05:00 (CET/CEST)","490","n/e","n/e","106","390","21","n/e","n/e","n/e","n/e","n/e","n/e","n/e","n/e","n/e","n/e","n/e","0","33","46","113"
"BZN|DK2","07.03.2018 05:00 - 07.03.2018 06:00 (CET/CEST)","481","n/e","n/e","107","408","21","n/e","n/e","n/e","n/e","n/e","n/e","n/e","n/e","n/e","n/e","n/e","0","34","69","113"
"BZN|DK2","07.03.2018 06:00 - 07.03.2018 07:00 (CET/CEST)","481","n/e","n/e","114","415","23","n/e","n/e","n/e","n/e","n/e","n/e","n/e","n/e","n/e","n/e","n/e","0","34","109","116"
"BZN|DK2","07.03.2018 07:00 - 07.03.2018 08:00 (CET/CEST)","486","n/e","n/e","162","429","26","n/e","n/e","n/e","n/e","n/e","n/e","n/e","n/e","n/e","n/e","n/e","4","34","92","114"
"BZN|DK2","07.03.2018 08:00 - 07.03.2018 09:00 (CET/CEST)","489","n/e","n/e","221","433","27","n/e","n/e","n/e","n/e","n/e","n/e","n/e","n/e","n/e","n/e","n/e","17","33","85","108"
"BZN|DK2","07.03.2018 09:00 - 07.03.2018 10:00 (CET/CEST)","489","n/e","n/e","255","429","28","n/e","n/e","n/e","n/e","n/e","n/e","n/e","n/e","n/e","n/e","n/e","36","33","94","101"
"BZN|DK2","07.03.2018 10:00 - 07.03.2018 11:00 (CET/CEST)","486","n/e","n/e","229","432","36","n/e","n/e","n/e","n/e","n/e","n/e","n/e","n/e","n/e","n/e","n/e","51","33","94","102"
"BZN|DK2","07.03.2018 11:00 - 07.03.2018 12:00 (CET/CEST)","489","n/e","n/e","221","433","37","n/e","n/e","n/e","n/e","n/e","n/e","n/e","n/e","n/e","n/e","n/e","52","32","93","93"
"BZN|DK2","07.03.2018 12:00 - 07.03.2018 13:00 (CET/CEST)","486","n/e","n/e","198","455","39","n/e","n/e","n/e","n/e","n/e","n/e","n/e","n/e","n/e","n/e","n/e","40","34","98","85"
"BZN|DK2","07.03.2018 13:00 - 07.03.2018 14:00 (CET/CEST)","482","n/e","n/e","177","434","34","n/e","n/e","n/e","n/e","n/e","n/e","n/e","n/e","n/e","n/e","n/e","33","33","104","76"
"BZN|DK2","07.03.2018 14:00 - 07.03.2018 15:00 (CET/CEST)","489","n/e","n/e","177","444","34","n/e","n/e","n/e","n/e","n/e","n/e","n/e","n/e","n/e","n/e","n/e","24","31","151","74"
"BZN|DK2","07.03.2018 15:00 - 07.03.2018 16:00 (CET/CEST)","490","n/e","n/e","208","433","33","n/e","n/e","n/e","n/e","n/e","n/e","n/e","n/e","n/e","n/e","n/e","16","32","133","61"
"BZN|DK2","07.03.2018 16:00 - 07.03.2018 17:00 (CET/CEST)","491","n/e","n/e","223","436","34","n/e","n/e","n/e","n/e","n/e","n/e","n/e","n/e","n/e","n/e","n/e","8","32","80","50"
"BZN|DK2","07.03.2018 17:00 - 07.03.2018 18:00 (CET/CEST)","552","n/e","n/e","231","450","34","n/e","n/e","n/e","n/e","n/e","n/e","n/e","n/e","n/e","n/e","n/e","1","32","50","49"
"BZN|DK2","07.03.2018 18:00 - 07.03.2018 19:00 (CET/CEST)","557","n/e","n/e","234","439","34","n/e","n/e","n/e","n/e","n/e","n/e","n/e","n/e","n/e","n/e","n/e","0","32","41","45"
"BZN|DK2","07.03.2018 19:00 - 07.03.2018 20:00 (CET/CEST)","561","n/e","n/e","234","434","34","n/e","n/e","n/e","n/e","n/e","n/e","n/e","n/e","n/e","n/e","n/e","0","32","33","46"
"BZN|DK2","07.03.2018 20:00 - 07.03.2018 21:00 (CET/CEST)","561","n/e","n/e","167","406","30","n/e","n/e","n/e","n/e","n/e","n/e","n/e","n/e","n/e","n/e","n/e","0","30","34","38"
"BZN|DK2","07.03.2018 21:00 - 07.03.2018 22:00 (CET/CEST)","553","n/e","n/e","108","418","28","n/e","n/e","n/e","n/e","n/e","n/e","n/e","n/e","n/e","n/e","n/e","0","30","35","41"
"BZN|DK2","07.03.2018 22:00 - 07.03.2018 23:00 (CET/CEST)","546","n/e","n/e","105","373","28","n/e","n/e","n/e","n/e","n/e","n/e","n/e","n/e","n/e","n/e","n/e","0","29","30","38"
"BZN|DK2","07.03.2018 23:00 - 08.03.2018 00:00 (CET/CEST)","549","n/e","n/e","106","339","28","n/e","n/e","n/e","n/e","n/e","n/e","n/e","n/e","n/e","n/e","n/e","0","30","14","32"
"BZN|DK2","08.03.2018 00:00 - 08.03.2018 01:00 (CET/CEST)","529","n/e","n/e","107","353","17","n/e","n/e","n/e","n/e","n/e","n/e","n/e","n/e","n/e","n/e","n/e","0","30","6","29"
"BZN|DK2","08.03.2018 01:00 - 08.03.2018 02:00 (CET/CEST)","498","n/e","n/e","107","345","13","n/e","n/e","n/e","n/e","n/e","n/e","n/e","n/e","n/e","n/e","n/e","0","30","2","28"
"BZN|DK2","08.03.2018 02:00 - 08.03.2018 03:00 (CET/CEST)","490","n/e","n/e","106","346","13","n/e","n/e","n/e","n/e","n/e","n/e","n/e","n/e","n/e","n/e","n/e","0","30","1","26"
"BZN|DK2","08.03.2018 03:00 - 08.03.2018 04:00 (CET/CEST)","488","n/e","n/e","106","308","13","n/e","n/e","n/e","n/e","n/e","n/e","n/e","n/e","n/e","n/e","n/e","0","30","1","24"
"BZN|DK2","08.03.2018 04:00 - 08.03.2018 05:00 (CET/CEST)","489","n/e","n/e","107","380","13","n/e","n/e","n/e","n/e","n/e","n/e","n/e","n/e","n/e","n/e","n/e","0","30","0","23"
"BZN|DK2","08.03.2018 05:00 - 08.03.2018 06:00 (CET/CEST)","494","n/e","n/e","107","399","13","n/e","n/e","n/e","n/e","n/e","n/e","n/e","n/e","n/e","n/e","n/e","0","30","0","23"
"BZN|DK2","08.03.2018 06:00 - 08.03.2018 07:00 (CET/CEST)","498","n/e","n/e","114","426","15","n/e","n/e","n/e","n/e","n/e","n/e","n/e","n/e","n/e","n/e","n/e","0","31","0","24"
"BZN|DK2","08.03.2018 07:00 - 08.03.2018 08:00 (CET/CEST)","509","n/e","n/e","129","440","18","n/e","n/e","n/e","n/e","n/e","n/e","n/e","n/e","n/e","n/e","n/e","0","33","0","24"
"BZN|DK2","08.03.2018 08:00 - 08.03.2018 09:00 (CET/CEST)","505","n/e","n/e","154","440","26","n/e","n/e","n/e","n/e","n/e","n/e","n/e","n/e","n/e","n/e","n/e","1","35","8","28"
"BZN|DK2","08.03.2018 09:00 - 08.03.2018 10:00 (CET/CEST)","508","n/e","n/e","178","444","31","n/e","n/e","n/e","n/e","n/e","n/e","n/e","n/e","n/e","n/e","n/e","3","34","11","34"
"BZN|DK2","08.03.2018 10:00 - 08.03.2018 11:00 (CET/CEST)","502","n/e","n/e","187","438","27","n/e","n/e","n/e","n/e","n/e","n/e","n/e","n/e","n/e","n/e","n/e","3","33","32","44"
"BZN|DK2","08.03.2018 11:00 - 08.03.2018 12:00 (CET/CEST)","493","n/e","n/e","177","421","16","n/e","n/e","n/e","n/e","n/e","n/e","n/e","n/e","n/e","n/e","n/e","3","32","88","51"
"BZN|DK2","08.03.2018 12:00 - 08.03.2018 13:00 (CET/CEST)","492","n/e","n/e","165","425","15","n/e","n/e","n/e","n/e","n/e","n/e","n/e","n/e","n/e","n/e","n/e","3","34","102","66"
"BZN|DK2","08.03.2018 13:00 - 08.03.2018 14:00 (CET/CEST)","495","n/e","n/e","162","410","14","n/e","n/e","n/e","n/e","n/e","n/e","n/e","n/e","n/e","n/e","n/e","5","34","137","79"
"BZN|DK2","08.03.2018 14:00 - 08.03.2018 15:00 (CET/CEST)","499","n/e","n/e","164","414","20","n/e","n/e","n/e","n/e","n/e","n/e","n/e","n/e","n/e","n/e","n/e","12","35","186","88"
"BZN|DK2","08.03.2018 15:00 - 08.03.2018 16:00 (CET/CEST)","503","n/e","n/e","165","418","26","n/e","n/e","n/e","n/e","n/e","n/e","n/e","n/e","n/e","n/e","n/e","9","35","95","60"
"BZN|DK2","08.03.2018 16:00 - 08.03.2018 17:00 (CET/CEST)","506","n/e","n/e","164","417","28","n/e","n/e","n/e","n/e","n/e","n/e","n/e","n/e","n/e","n/e","n/e","5","34","43","40"
"BZN|DK2","08.03.2018 17:00 - 08.03.2018 18:00 (CET/CEST)","506","n/e","n/e","177","433","29","n/e","n/e","n/e","n/e","n/e","n/e","n/e","n/e","n/e","n/e","n/e","1","34","60","43"
"BZN|DK2","08.03.2018 18:00 - 08.03.2018 19:00 (CET/CEST)","508","n/e","n/e","186","403","28","n/e","n/e","n/e","n/e","n/e","n/e","n/e","n/e","n/e","n/e","n/e","0","34","80","66"
"BZN|DK2","08.03.2018 19:00 - 08.03.2018 20:00 (CET/CEST)","515","n/e","n/e","185","433","28","n/e","n/e","n/e","n/e","n/e","n/e","n/e","n/e","n/e","n/e","n/e","0","34","187","91"
"BZN|DK2","08.03.2018 20:00 - 08.03.2018 21:00 (CET/CEST)","513","n/e","n/e","134","418","28","n/e","n/e","n/e","n/e","n/e","n/e","n/e","n/e","n/e","n/e","n/e","0","33","273","94"
"BZN|DK2","08.03.2018 21:00 - 08.03.2018 22:00 (CET/CEST)","512","n/e","n/e","110","407","27","n/e","n/e","n/e","n/e","n/e","n/e","n/e","n/e","n/e","n/e","n/e","0","33","236","79"
"BZN|DK2","08.03.2018 22:00 - 08.03.2018 23:00 (CET/CEST)","511","n/e","n/e","108","386","27","n/e","n/e","n/e","n/e","n/e","n/e","n/e","n/e","n/e","n/e","n/e","0","33","241","74"
"BZN|DK2","08.03.2018 23:00 - 09.03.2018 00:00 (CET/CEST)","510","n/e","n/e","107","325","27","n/e","n/e","n/e","n/e","n/e","n/e","n/e","n/e","n/e","n/e","n/e","0","33","281","91"
"BZN|DK2","09.03.2018 00:00 - 09.03.2018 01:00 (CET/CEST)","509","n/e","n/e","106","340","27","n/e","n/e","n/e","n/e","n/e","n/e","n/e","n/e","n/e","n/e","n/e","0","33","199","95"
"BZN|DK2","09.03.2018 01:00 - 09.03.2018 02:00 (CET/CEST)","516","n/e","n/e","106","364","27","n/e","n/e","n/e","n/e","n/e","n/e","n/e","n/e","n/e","n/e","n/e","0","32","200","94"
"BZN|DK2","09.03.2018 02:00 - 09.03.2018 03:00 (CET/CEST)","515","n/e","n/e","107","359","27","n/e","n/e","n/e","n/e","n/e","n/e","n/e","n/e","n/e","n/e","n/e","0","33","188","80"
"BZN|DK2","09.03.2018 03:00 - 09.03.2018 04:00 (CET/CEST)","516","n/e","n/e","108","350","27","n/e","n/e","n/e","n/e","n/e","n/e","n/e","n/e","n/e","n/e","n/e","0","33","220","108"
"BZN|DK2","09.03.2018 04:00 - 09.03.2018 05:00 (CET/CEST)","514","n/e","n/e","106","383","27","n/e","n/e","n/e","n/e","n/e","n/e","n/e","n/e","n/e","n/e","n/e","0","33","204","90"
"BZN|DK2","09.03.2018 05:00 - 09.03.2018 06:00 (CET/CEST)","516","n/e","n/e","107","389","27","n/e","n/e","n/e","n/e","n/e","n/e","n/e","n/e","n/e","n/e","n/e","0","32","229","108"
"BZN|DK2","09.03.2018 06:00 - 09.03.2018 07:00 (CET/CEST)","509","n/e","n/e","114","382","28","n/e","n/e","n/e","n/e","n/e","n/e","n/e","n/e","n/e","n/e","n/e","0","34","264","129"
"BZN|DK2","09.03.2018 07:00 - 09.03.2018 08:00 (CET/CEST)","506","n/e","n/e","151","377","29","n/e","n/e","n/e","n/e","n/e","n/e","n/e","n/e","n/e","n/e","n/e","2","35","277","124"
"BZN|DK2","09.03.2018 08:00 - 09.03.2018 09:00 (CET/CEST)","521","n/e","n/e","182","431","29","n/e","n/e","n/e","n/e","n/e","n/e","n/e","n/e","n/e","n/e","n/e","10","35","256","119"
"BZN|DK2","09.03.2018 09:00 - 09.03.2018 10:00 (CET/CEST)","524","n/e","n/e","187","451","29","n/e","n/e","n/e","n/e","n/e","n/e","n/e","n/e","n/e","n/e","n/e","18","34","164","105"
"BZN|DK2","09.03.2018 10:00 - 09.03.2018 11:00 (CET/CEST)","523","n/e","n/e","188","436","27","n/e","n/e","n/e","n/e","n/e","n/e","n/e","n/e","n/e","n/e","n/e","25","34","110","106"
"BZN|DK2","09.03.2018 11:00 - 09.03.2018 12:00 (CET/CEST)","524","n/e","n/e","187","445","16","n/e","n/e","n/e","n/e","n/e","n/e","n/e","n/e","n/e","n/e","n/e","31","35","87","110"
"BZN|DK2","09.03.2018 12:00 - 09.03.2018 13:00 (CET/CEST)","507","n/e","n/e","168","445","22","n/e","n/e","n/e","n/e","n/e","n/e","n/e","n/e","n/e","n/e","n/e","42","34","153","126"
"BZN|DK2","09.03.2018 13:00 - 09.03.2018 14:00 (CET/CEST)","517","n/e","n/e","163","446","21","n/e","n/e","n/e","n/e","n/e","n/e","n/e","n/e","n/e","n/e","n/e","31","34","210","122"
"BZN|DK2","09.03.2018 14:00 - 09.03.2018 15:00 (CET/CEST)","519","n/e","n/e","161","454","24","n/e","n/e","n/e","n/e","n/e","n/e","n/e","n/e","n/e","n/e","n/e","35","35","142","104"
"BZN|DK2","09.03.2018 15:00 - 09.03.2018 16:00 (CET/CEST)","520","n/e","n/e","162","431","26","n/e","n/e","n/e","n/e","n/e","n/e","n/e","n/e","n/e","n/e","n/e","25","34","88","89"
"BZN|DK2","09.03.2018 16:00 - 09.03.2018 17:00 (CET/CEST)","518","n/e","n/e","162","433","26","n/e","n/e","n/e","n/e","n/e","n/e","n/e","n/e","n/e","n/e","n/e","12","33","73","92"
"BZN|DK2","09.03.2018 17:00 - 09.03.2018 18:00 (CET/CEST)","522","n/e","n/e","205","455","28","n/e","n/e","n/e","n/e","n/e","n/e","n/e","n/e","n/e","n/e","n/e","3","36","139","105"
"BZN|DK2","09.03.2018 18:00 - 09.03.2018 19:00 (CET/CEST)","525","n/e","n/e","230","461","28","n/e","n/e","n/e","n/e","n/e","n/e","n/e","n/e","n/e","n/e","n/e","0","36","120","90"
"BZN|DK2","09.03.2018 19:00 - 09.03.2018 20:00 (CET/CEST)","526","n/e","n/e","220","466","29","n/e","n/e","n/e","n/e","n/e","n/e","n/e","n/e","n/e","n/e","n/e","0","35","102","57"
"BZN|DK2","09.03.2018 20:00 - 09.03.2018 21:00 (CET/CEST)","522","n/e","n/e","197","450","28","n/e","n/e","n/e","n/e","n/e","n/e","n/e","n/e","n/e","n/e","n/e","0","35","83","38"
"BZN|DK2","09.03.2018 21:00 - 09.03.2018 22:00 (CET/CEST)","523","n/e","n/e","163","432","26","n/e","n/e","n/e","n/e","n/e","n/e","n/e","n/e","n/e","n/e","n/e","0","34","33","34"
"BZN|DK2","09.03.2018 22:00 - 09.03.2018 23:00 (CET/CEST)","525","n/e","n/e","110","442","25","n/e","n/e","n/e","n/e","n/e","n/e","n/e","n/e","n/e","n/e","n/e","0","33","14","27"
"BZN|DK2","09.03.2018 23:00 - 10.03.2018 00:00 (CET/CEST)","522","n/e","n/e","107","395","24","n/e","n/e","n/e","n/e","n/e","n/e","n/e","n/e","n/e","n/e","n/e","0","32","1","24"
"BZN|DK2","10.03.2018 00:00 - 10.03.2018 01:00 (CET/CEST)","512","n/e","n/e","106","381","22","n/e","n/e","n/e","n/e","n/e","n/e","n/e","n/e","n/e","n/e","n/e","0","32","0","24"
"BZN|DK2","10.03.2018 01:00 - 10.03.2018 02:00 (CET/CEST)","501","n/e","n/e","105","382","22","n/e","n/e","n/e","n/e","n/e","n/e","n/e","n/e","n/e","n/e","n/e","0","32","1","22"
"BZN|DK2","10.03.2018 02:00 - 10.03.2018 03:00 (CET/CEST)","501","n/e","n/e","105","344","22","n/e","n/e","n/e","n/e","n/e","n/e","n/e","n/e","n/e","n/e","n/e","0","32","6","24"
"BZN|DK2","10.03.2018 03:00 - 10.03.2018 04:00 (CET/CEST)","501","n/e","n/e","106","348","22","n/e","n/e","n/e","n/e","n/e","n/e","n/e","n/e","n/e","n/e","n/e","0","32","19","31"
"BZN|DK2","10.03.2018 04:00 - 10.03.2018 05:00 (CET/CEST)","503","n/e","n/e","106","351","22","n/e","n/e","n/e","n/e","n/e","n/e","n/e","n/e","n/e","n/e","n/e","0","32","25","38"
"BZN|DK2","10.03.2018 05:00 - 10.03.2018 06:00 (CET/CEST)","502","n/e","n/e","107","348","22","n/e","n/e","n/e","n/e","n/e","n/e","n/e","n/e","n/e","n/e","n/e","0","32","42","51"
"BZN|DK2","10.03.2018 06:00 - 10.03.2018 07:00 (CET/CEST)","506","n/e","n/e","110","350","24","n/e","n/e","n/e","n/e","n/e","n/e","n/e","n/e","n/e","n/e","n/e","0","32","52","59"
"BZN|DK2","10.03.2018 07:00 - 10.03.2018 08:00 (CET/CEST)","517","n/e","n/e","111","357","23","n/e","n/e","n/e","n/e","n/e","n/e","n/e","n/e","n/e","n/e","n/e","7","31","73","72"
"BZN|DK2","10.03.2018 08:00 - 10.03.2018 09:00 (CET/CEST)","513","n/e","n/e","158","344","26","n/e","n/e","n/e","n/e","n/e","n/e","n/e","n/e","n/e","n/e","n/e","22","32","128","92"
"BZN|DK2","10.03.2018 09:00 - 10.03.2018 10:00 (CET/CEST)","520","n/e","n/e","175","362","29","n/e","n/e","n/e","n/e","n/e","n/e","n/e","n/e","n/e","n/e","n/e","41","33","180","110"
"BZN|DK2","10.03.2018 10:00 - 10.03.2018 11:00 (CET/CEST)","521","n/e","n/e","177","354","29","n/e","n/e","n/e","n/e","n/e","n/e","n/e","n/e","n/e","n/e","n/e","60","33","216","128"
"BZN|DK2","10.03.2018 11:00 - 10.03.2018 12:00 (CET/CEST)","517","n/e","n/e","176","341","28","n/e","n/e","n/e","n/e","n/e","n/e","n/e","n/e","n/e","n/e","n/e","78","34","249","152"
"BZN|DK2","10.03.2018 12:00 - 10.03.2018 13:00 (CET/CEST)","517","n/e","n/e","173","369","24","n/e","n/e","n/e","n/e","n/e","n/e","n/e","n/e","n/e","n/e","n/e","86","34","252","162"
"BZN|DK2","10.03.2018 13:00 - 10.03.2018 14:00 (CET/CEST)","517","n/e","n/e","158","407","23","n/e","n/e","n/e","n/e","n/e","n/e","n/e","n/e","n/e","n/e","n/e","67","32","239","165"
"BZN|DK2","10.03.2018 14:00 - 10.03.2018 15:00 (CET/CEST)","516","n/e","n/e","157","396","24","n/e","n/e","n/e","n/e","n/e","n/e","n/e","n/e","n/e","n/e","n/e","59","33","287","188"
"BZN|DK2","10.03.2018 15:00 - 10.03.2018 16:00 (CET/CEST)","514","n/e","n/e","153","382","23","n/e","n/e","n/e","n/e","n/e","n/e","n/e","n/e","n/e","n/e","n/e","33","32","317","207"
"BZN|DK2","10.03.2018 16:00 - 10.03.2018 17:00 (CET/CEST)","518","n/e","n/e","155","377","23","n/e","n/e","n/e","n/e","n/e","n/e","n/e","n/e","n/e","n/e","n/e","11","32","346","235"
"BZN|DK2","10.03.2018 17:00 - 10.03.2018 18:00 (CET/CEST)","513","n/e","n/e","172","350","24","n/e","n/e","n/e","n/e","n/e","n/e","n/e","n/e","n/e","n/e","n/e","2","33","352","248"
"BZN|DK2","10.03.2018 18:00 - 10.03.2018 19:00 (CET/CEST)","516","n/e","n/e","174","384","24","n/e","n/e","n/e","n/e","n/e","n/e","n/e","n/e","n/e","n/e","n/e","0","32","353","326"
"BZN|DK2","10.03.2018 19:00 - 10.03.2018 20:00 (CET/CEST)","515","n/e","n/e","174","374","24","n/e","n/e","n/e","n/e","n/e","n/e","n/e","n/e","n/e","n/e","n/e","0","32","347","354"
"BZN|DK2","10.03.2018 20:00 - 10.03.2018 21:00 (CET/CEST)","509","n/e","n/e","173","344","24","n/e","n/e","n/e","n/e","n/e","n/e","n/e","n/e","n/e","n/e","n/e","0","31","331","350"
"BZN|DK2","10.03.2018 21:00 - 10.03.2018 22:00 (CET/CEST)","466","n/e","n/e","170","310","23","n/e","n/e","n/e","n/e","n/e","n/e","n/e","n/e","n/e","n/e","n/e","0","31","289","339"
"BZN|DK2","10.03.2018 22:00 - 10.03.2018 23:00 (CET/CEST)","464","n/e","n/e","167","303","22","n/e","n/e","n/e","n/e","n/e","n/e","n/e","n/e","n/e","n/e","n/e","0","30","217","314"
"BZN|DK2","10.03.2018 23:00 - 11.03.2018 00:00 (CET/CEST)","476","n/e","n/e","115","311","22","n/e","n/e","n/e","n/e","n/e","n/e","n/e","n/e","n/e","n/e","n/e","0","30","161","271"
"BZN|DK2","11.03.2018 00:00 - 11.03.2018 01:00 (CET/CEST)","455","n/e","n/e","101","301","20","n/e","n/e","n/e","n/e","n/e","n/e","n/e","n/e","n/e","n/e","n/e","0","30","107","238"
"BZN|DK2","11.03.2018 01:00 - 11.03.2018 02:00 (CET/CEST)","438","n/e","n/e","100","306","20","n/e","n/e","n/e","n/e","n/e","n/e","n/e","n/e","n/e","n/e","n/e","0","30","67","219"
"BZN|DK2","11.03.2018 02:00 - 11.03.2018 03:00 (CET/CEST)","432","n/e","n/e","102","300","21","n/e","n/e","n/e","n/e","n/e","n/e","n/e","n/e","n/e","n/e","n/e","0","30","41","179"
"BZN|DK2","11.03.2018 03:00 - 11.03.2018 04:00 (CET/CEST)","394","n/e","n/e","101","357","20","n/e","n/e","n/e","n/e","n/e","n/e","n/e","n/e","n/e","n/e","n/e","0","30","38","157"
"BZN|DK2","11.03.2018 04:00 - 11.03.2018 05:00 (CET/CEST)","318","n/e","n/e","100","372","20","n/e","n/e","n/e","n/e","n/e","n/e","n/e","n/e","n/e","n/e","n/e","0","30","27","141"
"BZN|DK2","11.03.2018 05:00 - 11.03.2018 06:00 (CET/CEST)","329","n/e","n/e","100","384","20","n/e","n/e","n/e","n/e","n/e","n/e","n/e","n/e","n/e","n/e","n/e","0","30","25","140"
"BZN|DK2","11.03.2018 06:00 - 11.03.2018 07:00 (CET/CEST)","396","n/e","n/e","101","313","20","n/e","n/e","n/e","n/e","n/e","n/e","n/e","n/e","n/e","n/e","n/e","0","29","19","143"
"BZN|DK2","11.03.2018 07:00 - 11.03.2018 08:00 (CET/CEST)","473","n/e","n/e","102","326","20","n/e","n/e","n/e","n/e","n/e","n/e","n/e","n/e","n/e","n/e","n/e","2","29","10","143"
"BZN|DK2","11.03.2018 08:00 - 11.03.2018 09:00 (CET/CEST)","480","n/e","n/e","121","323","20","n/e","n/e","n/e","n/e","n/e","n/e","n/e","n/e","n/e","n/e","n/e","8","29","20","146"
"BZN|DK2","11.03.2018 09:00 - 11.03.2018 10:00 (CET/CEST)","522","n/e","n/e","162","325","21","n/e","n/e","n/e","n/e","n/e","n/e","n/e","n/e","n/e","n/e","n/e","14","29","31","152"
"BZN|DK2","11.03.2018 10:00 - 11.03.2018 11:00 (CET/CEST)","524","n/e","n/e","170","343","23","n/e","n/e","n/e","n/e","n/e","n/e","n/e","n/e","n/e","n/e","n/e","25","30","45","146"
"BZN|DK2","11.03.2018 11:00 - 11.03.2018 12:00 (CET/CEST)","528","n/e","n/e","169","360","22","n/e","n/e","n/e","n/e","n/e","n/e","n/e","n/e","n/e","n/e","n/e","44","29","60","147"
"BZN|DK2","11.03.2018 12:00 - 11.03.2018 13:00 (CET/CEST)","521","n/e","n/e","171","366","22","n/e","n/e","n/e","n/e","n/e","n/e","n/e","n/e","n/e","n/e","n/e","48","29","44","142"
"BZN|DK2","11.03.2018 13:00 - 11.03.2018 14:00 (CET/CEST)","478","n/e","n/e","169","412","21","n/e","n/e","n/e","n/e","n/e","n/e","n/e","n/e","n/e","n/e","n/e","47","26","35","145"
"BZN|DK2","11.03.2018 14:00 - 11.03.2018 15:00 (CET/CEST)","476","n/e","n/e","167","503","21","n/e","n/e","n/e","n/e","n/e","n/e","n/e","n/e","n/e","n/e","n/e","37","31","53","170"
"BZN|DK2","11.03.2018 15:00 - 11.03.2018 16:00 (CET/CEST)","480","n/e","n/e","168","509","21","n/e","n/e","n/e","n/e","n/e","n/e","n/e","n/e","n/e","n/e","n/e","22","35","31","175"
"BZN|DK2","11.03.2018 16:00 - 11.03.2018 17:00 (CET/CEST)","474","n/e","n/e","169","533","22","n/e","n/e","n/e","n/e","n/e","n/e","n/e","n/e","n/e","n/e","n/e","12","40","39","178"
"BZN|DK2","11.03.2018 17:00 - 11.03.2018 18:00 (CET/CEST)","465","n/e","n/e","169","592","22","n/e","n/e","n/e","n/e","n/e","n/e","n/e","n/e","n/e","n/e","n/e","2","32","62","219"
"BZN|DK2","11.03.2018 18:00 - 11.03.2018 19:00 (CET/CEST)","443","n/e","n/e","169","598","22","n/e","n/e","n/e","n/e","n/e","n/e","n/e","n/e","n/e","n/e","n/e","0","31","124","269"
"BZN|DK2","11.03.2018 19:00 - 11.03.2018 20:00 (CET/CEST)","443","n/e","n/e","118","600","22","n/e","n/e","n/e","n/e","n/e","n/e","n/e","n/e","n/e","n/e","n/e","0","31","171","299"
"BZN|DK2","11.03.2018 20:00 - 11.03.2018 21:00 (CET/CEST)","435","n/e","n/e","102","594","20","n/e","n/e","n/e","n/e","n/e","n/e","n/e","n/e","n/e","n/e","n/e","0","30","121","314"
"BZN|DK2","11.03.2018 21:00 - 11.03.2018 22:00 (CET/CEST)","439","n/e","n/e","98","613","20","n/e","n/e","n/e","n/e","n/e","n/e","n/e","n/e","n/e","n/e","n/e","0","30","72","295"
"BZN|DK2","11.03.2018 22:00 - 11.03.2018 23:00 (CET/CEST)","435","n/e","n/e","93","639","20","n/e","n/e","n/e","n/e","n/e","n/e","n/e","n/e","n/e","n/e","n/e","0","30","68","257"
"BZN|DK2","11.03.2018 23:00 - 12.03.2018 00:00 (CET/CEST)","427","n/e","n/e","106","641","20","n/e","n/e","n/e","n/e","n/e","n/e","n/e","n/e","n/e","n/e","n/e","0","31","66","252"
"BZN|DK2","12.03.2018 00:00 - 12.03.2018 01:00 (CET/CEST)","406","n/e","n/e","96","564","19","n/e","n/e","n/e","n/e","n/e","n/e","n/e","n/e","n/e","n/e","n/e","0","30","25","200"
"BZN|DK2","12.03.2018 01:00 - 12.03.2018 02:00 (CET/CEST)","324","n/e","n/e","104","583","19","n/e","n/e","n/e","n/e","n/e","n/e","n/e","n/e","n/e","n/e","n/e","0","30","18","141"
"BZN|DK2","12.03.2018 02:00 - 12.03.2018 03:00 (CET/CEST)","315","n/e","n/e","111","534","19","n/e","n/e","n/e","n/e","n/e","n/e","n/e","n/e","n/e","n/e","n/e","0","30","42","105"
"BZN|DK2","12.03.2018 03:00 - 12.03.2018 04:00 (CET/CEST)","319","n/e","n/e","77","517","20","n/e","n/e","n/e","n/e","n/e","n/e","n/e","n/e","n/e","n/e","n/e","0","30","16","73"
"BZN|DK2","12.03.2018 04:00 - 12.03.2018 05:00 (CET/CEST)","386","n/e","n/e","78","582","19","n/e","n/e","n/e","n/e","n/e","n/e","n/e","n/e","n/e","n/e","n/e","0","30","2","57"
"BZN|DK2","12.03.2018 05:00 - 12.03.2018 06:00 (CET/CEST)","433","n/e","n/e","78","603","13","n/e","n/e","n/e","n/e","n/e","n/e","n/e","n/e","n/e","n/e","n/e","0","30","1","51"
"BZN|DK2","12.03.2018 06:00 - 12.03.2018 07:00 (CET/CEST)","496","n/e","n/e","82","641","14","n/e","n/e","n/e","n/e","n/e","n/e","n/e","n/e","n/e","n/e","n/e","0","31","1","47"
"BZN|DK2","12.03.2018 07:00 - 12.03.2018 08:00 (CET/CEST)","573","n/e","n/e","139","653","17","n/e","n/e","n/e","n/e","n/e","n/e","n/e","n/e","n/e","n/e","n/e","3","32","1","40"
"BZN|DK2","12.03.2018 08:00 - 12.03.2018 09:00 (CET/CEST)","582","n/e","n/e","191","675","18","n/e","n/e","n/e","n/e","n/e","n/e","n/e","n/e","n/e","n/e","n/e","10","33","11","35"
"BZN|DK2","12.03.2018 09:00 - 12.03.2018 10:00 (CET/CEST)","621","n/e","n/e","189","675","15","n/e","n/e","n/e","n/e","n/e","n/e","n/e","n/e","n/e","n/e","n/e","22","32","5","37"
"BZN|DK2","12.03.2018 10:00 - 12.03.2018 11:00 (CET/CEST)","607","n/e","n/e","184","678","14","n/e","n/e","n/e","n/e","n/e","n/e","n/e","n/e","n/e","n/e","n/e","28","31","19","42"
"BZN|DK2","12.03.2018 11:00 - 12.03.2018 12:00 (CET/CEST)","564","n/e","n/e","178","690","15","n/e","n/e","n/e","n/e","n/e","n/e","n/e","n/e","n/e","n/e","n/e","27","31","26","41"
"BZN|DK2","12.03.2018 12:00 - 12.03.2018 13:00 (CET/CEST)","565","n/e","n/e","167","688","17","n/e","n/e","n/e","n/e","n/e","n/e","n/e","n/e","n/e","n/e","n/e","26","31","23","36"
"BZN|DK2","12.03.2018 13:00 - 12.03.2018 14:00 (CET/CEST)","554","n/e","n/e","180","700","25","n/e","n/e","n/e","n/e","n/e","n/e","n/e","n/e","n/e","n/e","n/e","22","33","5","29"
"BZN|DK2","12.03.2018 14:00 - 12.03.2018 15:00 (CET/CEST)","491","n/e","n/e","161","701","22","n/e","n/e","n/e","n/e","n/e","n/e","n/e","n/e","n/e","n/e","n/e","18","33","6","23"
"BZN|DK2","12.03.2018 15:00 - 12.03.2018 16:00 (CET/CEST)","501","n/e","n/e","159","712","23","n/e","n/e","n/e","n/e","n/e","n/e","n/e","n/e","n/e","n/e","n/e","13","33","2","20"
"BZN|DK2","12.03.2018 16:00 - 12.03.2018 17:00 (CET/CEST)","518","n/e","n/e","158","714","23","n/e","n/e","n/e","n/e","n/e","n/e","n/e","n/e","n/e","n/e","n/e","6","34","1","23"
"BZN|DK2","12.03.2018 17:00 - 12.03.2018 18:00 (CET/CEST)","515","n/e","n/e","174","717","25","n/e","n/e","n/e","n/e","n/e","n/e","n/e","n/e","n/e","n/e","n/e","1","34","7","23"
"BZN|DK2","12.03.2018 18:00 - 12.03.2018 19:00 (CET/CEST)","513","n/e","n/e","193","718","24","n/e","n/e","n/e","n/e","n/e","n/e","n/e","n/e","n/e","n/e","n/e","0","32","20","23"
"BZN|DK2","12.03.2018 19:00 - 12.03.2018 20:00 (CET/CEST)","560","n/e","n/e","210","727","25","n/e","n/e","n/e","n/e","n/e","n/e","n/e","n/e","n/e","n/e","n/e","0","31","8","21"
"BZN|DK2","12.03.2018 20:00 - 12.03.2018 21:00 (CET/CEST)","516","n/e","n/e","120","687","22","n/e","n/e","n/e","n/e","n/e","n/e","n/e","n/e","n/e","n/e","n/e","0","29","2","19"
"BZN|DK2","12.03.2018 21:00 - 12.03.2018 22:00 (CET/CEST)","499","n/e","n/e","96","678","20","n/e","n/e","n/e","n/e","n/e","n/e","n/e","n/e","n/e","n/e","n/e","0","29","0","20"
"BZN|DK2","12.03.2018 22:00 - 12.03.2018 23:00 (CET/CEST)","457","n/e","n/e","65","666","19","n/e","n/e","n/e","n/e","n/e","n/e","n/e","n/e","n/e","n/e","n/e","0","29","19","28"
"BZN|DK2","12.03.2018 23:00 - 13.03.2018 00:00 (CET/CEST)","460","n/e","n/e","60","605","20","n/e","n/e","n/e","n/e","n/e","n/e","n/e","n/e","n/e","n/e","n/e","0","32","47","39"
"BZN|DK2","13.03.2018 00:00 - 13.03.2018 01:00 (CET/CEST)","505","n/e","n/e","57","473","19","n/e","n/e","n/e","n/e","n/e","n/e","n/e","n/e","n/e","n/e","n/e","0","33","43","40"
"BZN|DK2","13.03.2018 01:00 - 13.03.2018 02:00 (CET/CEST)","431","n/e","n/e","57","550","19","n/e","n/e","n/e","n/e","n/e","n/e","n/e","n/e","n/e","n/e","n/e","0","32","29","42"
"BZN|DK2","13.03.2018 02:00 - 13.03.2018 03:00 (CET/CEST)","425","n/e","n/e","56","525","19","n/e","n/e","n/e","n/e","n/e","n/e","n/e","n/e","n/e","n/e","n/e","0","37","17","43"
"BZN|DK2","13.03.2018 03:00 - 13.03.2018 04:00 (CET/CEST)","428","n/e","n/e","59","493","19","n/e","n/e","n/e","n/e","n/e","n/e","n/e","n/e","n/e","n/e","n/e","0","42","9","44"
"BZN|DK2","13.03.2018 04:00 - 13.03.2018 05:00 (CET/CEST)","463","n/e","n/e","58","511","19","n/e","n/e","n/e","n/e","n/e","n/e","n/e","n/e","n/e","n/e","n/e","0","42","25","51"
"BZN|DK2","13.03.2018 05:00 - 13.03.2018 06:00 (CET/CEST)","424","n/e","n/e","58","643","19","n/e","n/e","n/e","n/e","n/e","n/e","n/e","n/e","n/e","n/e","n/e","0","41","56","64"
"BZN|DK2","13.03.2018 06:00 - 13.03.2018 07:00 (CET/CEST)","424","n/e","n/e","62","655","20","n/e","n/e","n/e","n/e","n/e","n/e","n/e","n/e","n/e","n/e","n/e","0","35","80","62"
"BZN|DK2","13.03.2018 07:00 - 13.03.2018 08:00 (CET/CEST)","456","n/e","n/e","106","699","23","n/e","n/e","n/e","n/e","n/e","n/e","n/e","n/e","n/e","n/e","n/e","0","30","101","59"
"BZN|DK2","13.03.2018 08:00 - 13.03.2018 09:00 (CET/CEST)","452","n/e","n/e","139","671","24","n/e","n/e","n/e","n/e","n/e","n/e","n/e","n/e","n/e","n/e","n/e","0","30","68","60"
"BZN|DK2","13.03.2018 09:00 - 13.03.2018 10:00 (CET/CEST)","507","n/e","n/e","149","686","26","n/e","n/e","n/e","n/e","n/e","n/e","n/e","n/e","n/e","n/e","n/e","0","32","17","70"
"BZN|DK2","13.03.2018 10:00 - 13.03.2018 11:00 (CET/CEST)","519","n/e","n/e","168","748","35","n/e","n/e","n/e","n/e","n/e","n/e","n/e","n/e","n/e","n/e","n/e","15","35","36","84"
"BZN|DK2","13.03.2018 11:00 - 13.03.2018 12:00 (CET/CEST)","516","n/e","n/e","124","685","23","n/e","n/e","n/e","n/e","n/e","n/e","n/e","n/e","n/e","n/e","n/e","28","32","39","89"
"BZN|DK2","13.03.2018 12:00 - 13.03.2018 13:00 (CET/CEST)","515","n/e","n/e","126","674","24","n/e","n/e","n/e","n/e","n/e","n/e","n/e","n/e","n/e","n/e","n/e","29","33","26","94"
"BZN|DK2","13.03.2018 13:00 - 13.03.2018 14:00 (CET/CEST)","513","n/e","n/e","123","680","23","n/e","n/e","n/e","n/e","n/e","n/e","n/e","n/e","n/e","n/e","n/e","27","32","31","105"
"BZN|DK2","13.03.2018 14:00 - 13.03.2018 15:00 (CET/CEST)","507","n/e","n/e","124","669","23","n/e","n/e","n/e","n/e","n/e","n/e","n/e","n/e","n/e","n/e","n/e","20","33","46","117"
"BZN|DK2","13.03.2018 15:00 - 13.03.2018 16:00 (CET/CEST)","475","n/e","n/e","124","677","24","n/e","n/e","n/e","n/e","n/e","n/e","n/e","n/e","n/e","n/e","n/e","13","40","86","134"
"BZN|DK2","13.03.2018 16:00 - 13.03.2018 17:00 (CET/CEST)","480","n/e","n/e","123","634","23","n/e","n/e","n/e","n/e","n/e","n/e","n/e","n/e","n/e","n/e","n/e","7","40","111","135"
"BZN|DK2","13.03.2018 17:00 - 13.03.2018 18:00 (CET/CEST)","514","n/e","n/e","142","657","25","n/e","n/e","n/e","n/e","n/e","n/e","n/e","n/e","n/e","n/e","n/e","2","41","80","123"
"BZN|DK2","13.03.2018 18:00 - 13.03.2018 19:00 (CET/CEST)","514","n/e","n/e","144","687","24","n/e","n/e","n/e","n/e","n/e","n/e","n/e","n/e","n/e","n/e","n/e","0","41","57","116"
"BZN|DK2","13.03.2018 19:00 - 13.03.2018 20:00 (CET/CEST)","510","n/e","n/e","145","689","25","n/e","n/e","n/e","n/e","n/e","n/e","n/e","n/e","n/e","n/e","n/e","0","40","62","108"
"BZN|DK2","13.03.2018 20:00 - 13.03.2018 21:00 (CET/CEST)","508","n/e","n/e","130","670","25","n/e","n/e","n/e","n/e","n/e","n/e","n/e","n/e","n/e","n/e","n/e","0","39","64","105"
"BZN|DK2","13.03.2018 21:00 - 13.03.2018 22:00 (CET/CEST)","507","n/e","n/e","87","640","22","n/e","n/e","n/e","n/e","n/e","n/e","n/e","n/e","n/e","n/e","n/e","0","36","56","98"
"BZN|DK2","13.03.2018 22:00 - 13.03.2018 23:00 (CET/CEST)","510","n/e","n/e","60","571","21","n/e","n/e","n/e","n/e","n/e","n/e","n/e","n/e","n/e","n/e","n/e","0","37","59","94"
"BZN|DK2","13.03.2018 23:00 - 14.03.2018 00:00 (CET/CEST)","468","n/e","n/e","59","573","21","n/e","n/e","n/e","n/e","n/e","n/e","n/e","n/e","n/e","n/e","n/e","0","37","72","96"
"BZN|DK2","14.03.2018 00:00 - 14.03.2018 01:00 (CET/CEST)","408","n/e","n/e","55","563","21","n/e","n/e","n/e","n/e","n/e","n/e","n/e","n/e","n/e","n/e","n/e","0","29","69","100"
"BZN|DK2","14.03.2018 01:00 - 14.03.2018 02:00 (CET/CEST)","418","n/e","n/e","55","498","22","n/e","n/e","n/e","n/e","n/e","n/e","n/e","n/e","n/e","n/e","n/e","0","29","70","103"
"BZN|DK2","14.03.2018 02:00 - 14.03.2018 03:00 (CET/CEST)","420","n/e","n/e","55","517","22","n/e","n/e","n/e","n/e","n/e","n/e","n/e","n/e","n/e","n/e","n/e","0","29","78","92"
"BZN|DK2","14.03.2018 03:00 - 14.03.2018 04:00 (CET/CEST)","418","n/e","n/e","54","523","22","n/e","n/e","n/e","n/e","n/e","n/e","n/e","n/e","n/e","n/e","n/e","0","31","75","83"
"BZN|DK2","14.03.2018 04:00 - 14.03.2018 05:00 (CET/CEST)","422","n/e","n/e","56","524","22","n/e","n/e","n/e","n/e","n/e","n/e","n/e","n/e","n/e","n/e","n/e","0","32","75","78"
"BZN|DK2","14.03.2018 05:00 - 14.03.2018 06:00 (CET/CEST)","462","n/e","n/e","56","581","22","n/e","n/e","n/e","n/e","n/e","n/e","n/e","n/e","n/e","n/e","n/e","0","32","74","75"
"BZN|DK2","14.03.2018 06:00 - 14.03.2018 07:00 (CET/CEST)","488","n/e","n/e","65","638","23","n/e","n/e","n/e","n/e","n/e","n/e","n/e","n/e","n/e","n/e","n/e","0","40","58","64"
"BZN|DK2","14.03.2018 07:00 - 14.03.2018 08:00 (CET/CEST)","509","n/e","n/e","140","706","29","n/e","n/e","n/e","n/e","n/e","n/e","n/e","n/e","n/e","n/e","n/e","5","43","51","52"
"BZN|DK2","14.03.2018 08:00 - 14.03.2018 09:00 (CET/CEST)","509","n/e","n/e","179","716","30","n/e","n/e","n/e","n/e","n/e","n/e","n/e","n/e","n/e","n/e","n/e","19","42","44","49"
"BZN|DK2","14.03.2018 09:00 - 14.03.2018 10:00 (CET/CEST)","512","n/e","n/e","204","711","30","n/e","n/e","n/e","n/e","n/e","n/e","n/e","n/e","n/e","n/e","n/e","36","44","36","48"
"BZN|DK2","14.03.2018 10:00 - 14.03.2018 11:00 (CET/CEST)","515","n/e","n/e","183","705","30","n/e","n/e","n/e","n/e","n/e","n/e","n/e","n/e","n/e","n/e","n/e","55","43","22","43"
"BZN|DK2","14.03.2018 11:00 - 14.03.2018 12:00 (CET/CEST)","504","n/e","n/e","173","686","30","n/e","n/e","n/e","n/e","n/e","n/e","n/e","n/e","n/e","n/e","n/e","60","37","8","43"
"BZN|DK2","14.03.2018 12:00 - 14.03.2018 13:00 (CET/CEST)","509","n/e","n/e","118","672","28","n/e","n/e","n/e","n/e","n/e","n/e","n/e","n/e","n/e","n/e","n/e","59","37","1","35"
"BZN|DK2","14.03.2018 13:00 - 14.03.2018 14:00 (CET/CEST)","510","n/e","n/e","104","672","26","n/e","n/e","n/e","n/e","n/e","n/e","n/e","n/e","n/e","n/e","n/e","46","38","0","31"
"BZN|DK2","14.03.2018 14:00 - 14.03.2018 15:00 (CET/CEST)","509","n/e","n/e","100","656","26","n/e","n/e","n/e","n/e","n/e","n/e","n/e","n/e","n/e","n/e","n/e","33","38","0","29"
"BZN|DK2","14.03.2018 15:00 - 14.03.2018 16:00 (CET/CEST)","510","n/e","n/e","97","662","24","n/e","n/e","n/e","n/e","n/e","n/e","n/e","n/e","n/e","n/e","n/e","18","36","1","33"
"BZN|DK2","14.03.2018 16:00 - 14.03.2018 17:00 (CET/CEST)","506","n/e","n/e","104","668","24","n/e","n/e","n/e","n/e","n/e","n/e","n/e","n/e","n/e","n/e","n/e","8","32","2","46"
"BZN|DK2","14.03.2018 17:00 - 14.03.2018 18:00 (CET/CEST)","506","n/e","n/e","115","665","25","n/e","n/e","n/e","n/e","n/e","n/e","n/e","n/e","n/e","n/e","n/e","2","42","3","53"
"BZN|DK2","14.03.2018 18:00 - 14.03.2018 19:00 (CET/CEST)","508","n/e","n/e","117","662","26","n/e","n/e","n/e","n/e","n/e","n/e","n/e","n/e","n/e","n/e","n/e","0","43","20","66"
"BZN|DK2","14.03.2018 19:00 - 14.03.2018 20:00 (CET/CEST)","509","n/e","n/e","115","657","25","n/e","n/e","n/e","n/e","n/e","n/e","n/e","n/e","n/e","n/e","n/e","0","42","52","93"
"BZN|DK2","14.03.2018 20:00 - 14.03.2018 21:00 (CET/CEST)","509","n/e","n/e","53","617","24","n/e","n/e","n/e","n/e","n/e","n/e","n/e","n/e","n/e","n/e","n/e","0","42","128","118"
"BZN|DK2","14.03.2018 21:00 - 14.03.2018 22:00 (CET/CEST)","508","n/e","n/e","41","521","23","n/e","n/e","n/e","n/e","n/e","n/e","n/e","n/e","n/e","n/e","n/e","0","35","182","137"
"BZN|DK2","14.03.2018 22:00 - 14.03.2018 23:00 (CET/CEST)","505","n/e","n/e","55","507","21","n/e","n/e","n/e","n/e","n/e","n/e","n/e","n/e","n/e","n/e","n/e","0","30","184","150"
"BZN|DK2","14.03.2018 23:00 - 15.03.2018 00:00 (CET/CEST)","511","n/e","n/e","54","500","21","n/e","n/e","n/e","n/e","n/e","n/e","n/e","n/e","n/e","n/e","n/e","0","30","147","157"
"BZN|DK2","15.03.2018 00:00 - 15.03.2018 01:00 (CET/CEST)","507","n/e","n/e","51","510","19","n/e","n/e","n/e","n/e","n/e","n/e","n/e","n/e","n/e","n/e","n/e","0","32","120","159"
"BZN|DK2","15.03.2018 01:00 - 15.03.2018 02:00 (CET/CEST)","504","n/e","n/e","50","518","19","n/e","n/e","n/e","n/e","n/e","n/e","n/e","n/e","n/e","n/e","n/e","0","30","159","184"
"BZN|DK2","15.03.2018 02:00 - 15.03.2018 03:00 (CET/CEST)","500","n/e","n/e","50","516","19","n/e","n/e","n/e","n/e","n/e","n/e","n/e","n/e","n/e","n/e","n/e","0","32","184","215"
"BZN|DK2","15.03.2018 03:00 - 15.03.2018 04:00 (CET/CEST)","458","n/e","n/e","49","517","18","n/e","n/e","n/e","n/e","n/e","n/e","n/e","n/e","n/e","n/e","n/e","0","30","246","267"
"BZN|DK2","15.03.2018 04:00 - 15.03.2018 05:00 (CET/CEST)","459","n/e","n/e","50","505","19","n/e","n/e","n/e","n/e","n/e","n/e","n/e","n/e","n/e","n/e","n/e","0","30","306","335"
"BZN|DK2","15.03.2018 05:00 - 15.03.2018 06:00 (CET/CEST)","499","n/e","n/e","49","543","19","n/e","n/e","n/e","n/e","n/e","n/e","n/e","n/e","n/e","n/e","n/e","0","29","326","396"
"BZN|DK2","15.03.2018 06:00 - 15.03.2018 07:00 (CET/CEST)","504","n/e","n/e","54","565","20","n/e","n/e","n/e","n/e","n/e","n/e","n/e","n/e","n/e","n/e","n/e","0","29","325","437"
"BZN|DK2","15.03.2018 07:00 - 15.03.2018 08:00 (CET/CEST)","476","n/e","n/e","104","662","22","n/e","n/e","n/e","n/e","n/e","n/e","n/e","n/e","n/e","n/e","n/e","6","29","328","436"
"BZN|DK2","15.03.2018 08:00 - 15.03.2018 09:00 (CET/CEST)","476","n/e","n/e","139","701","23","n/e","n/e","n/e","n/e","n/e","n/e","n/e","n/e","n/e","n/e","n/e","17","29","348","445"
"BZN|DK2","15.03.2018 09:00 - 15.03.2018 10:00 (CET/CEST)","477","n/e","n/e","137","692","23","n/e","n/e","n/e","n/e","n/e","n/e","n/e","n/e","n/e","n/e","n/e","27","32","348","483"
"BZN|DK2","15.03.2018 10:00 - 15.03.2018 11:00 (CET/CEST)","480","n/e","n/e","138","679","24","n/e","n/e","n/e","n/e","n/e","n/e","n/e","n/e","n/e","n/e","n/e","35","34","350","505"
"BZN|DK2","15.03.2018 11:00 - 15.03.2018 12:00 (CET/CEST)","481","n/e","n/e","135","674","24","n/e","n/e","n/e","n/e","n/e","n/e","n/e","n/e","n/e","n/e","n/e","41","34","356","527"
"BZN|DK2","15.03.2018 12:00 - 15.03.2018 13:00 (CET/CEST)","537","n/e","n/e","128","642","22","n/e","n/e","n/e","n/e","n/e","n/e","n/e","n/e","n/e","n/e","n/e","49","34","361","547"
"BZN|DK2","15.03.2018 13:00 - 15.03.2018 14:00 (CET/CEST)","534","n/e","n/e","126","605","21","n/e","n/e","n/e","n/e","n/e","n/e","n/e","n/e","n/e","n/e","n/e","57","34","365","579"
"BZN|DK2","15.03.2018 14:00 - 15.03.2018 15:00 (CET/CEST)","535","n/e","n/e","123","559","21","n/e","n/e","n/e","n/e","n/e","n/e","n/e","n/e","n/e","n/e","n/e","53","33","367","608"
"BZN|DK2","15.03.2018 15:00 - 15.03.2018 16:00 (CET/CEST)","537","n/e","n/e","123","544","20","n/e","n/e","n/e","n/e","n/e","n/e","n/e","n/e","n/e","n/e","n/e","37","33","367","627"
"BZN|DK2","15.03.2018 16:00 - 15.03.2018 17:00 (CET/CEST)","537","n/e","n/e","122","503","20","n/e","n/e","n/e","n/e","n/e","n/e","n/e","n/e","n/e","n/e","n/e","20","31","366","646"
"BZN|DK2","15.03.2018 17:00 - 15.03.2018 18:00 (CET/CEST)","546","n/e","n/e","123","509","22","n/e","n/e","n/e","n/e","n/e","n/e","n/e","n/e","n/e","n/e","n/e","5","33","365","663"
"BZN|DK2","15.03.2018 18:00 - 15.03.2018 19:00 (CET/CEST)","580","n/e","n/e","125","521","25","n/e","n/e","n/e","n/e","n/e","n/e","n/e","n/e","n/e","n/e","n/e","0","33","366","670"
"BZN|DK2","15.03.2018 19:00 - 15.03.2018 20:00 (CET/CEST)","591","n/e","n/e","125","513","25","n/e","n/e","n/e","n/e","n/e","n/e","n/e","n/e","n/e","n/e","n/e","0","33","368","678"
"BZN|DK2","15.03.2018 20:00 - 15.03.2018 21:00 (CET/CEST)","539","n/e","n/e","118","514","25","n/e","n/e","n/e","n/e","n/e","n/e","n/e","n/e","n/e","n/e","n/e","0","30","366","674"
"BZN|DK2","15.03.2018 21:00 - 15.03.2018 22:00 (CET/CEST)","536","n/e","n/e","62","514","24","n/e","n/e","n/e","n/e","n/e","n/e","n/e","n/e","n/e","n/e","n/e","0","31","365","686"
"BZN|DK2","15.03.2018 22:00 - 15.03.2018 23:00 (CET/CEST)","534","n/e","n/e","54","515","24","n/e","n/e","n/e","n/e","n/e","n/e","n/e","n/e","n/e","n/e","n/e","0","31","363","687"
"BZN|DK2","15.03.2018 23:00 - 16.03.2018 00:00 (CET/CEST)","481","n/e","n/e","54","523","24","n/e","n/e","n/e","n/e","n/e","n/e","n/e","n/e","n/e","n/e","n/e","0","32","361","682"
"BZN|DK2","16.03.2018 00:00 - 16.03.2018 01:00 (CET/CEST)","470","n/e","n/e","52","501","24","n/e","n/e","n/e","n/e","n/e","n/e","n/e","n/e","n/e","n/e","n/e","0","32","359","687"
"BZN|DK2","16.03.2018 01:00 - 16.03.2018 02:00 (CET/CEST)","470","n/e","n/e","52","488","24","n/e","n/e","n/e","n/e","n/e","n/e","n/e","n/e","n/e","n/e","n/e","0","32","358","687"
"BZN|DK2","16.03.2018 02:00 - 16.03.2018 03:00 (CET/CEST)","473","n/e","n/e","52","514","24","n/e","n/e","n/e","n/e","n/e","n/e","n/e","n/e","n/e","n/e","n/e","0","32","358","678"
"BZN|DK2","16.03.2018 03:00 - 16.03.2018 04:00 (CET/CEST)","471","n/e","n/e","52","552","24","n/e","n/e","n/e","n/e","n/e","n/e","n/e","n/e","n/e","n/e","n/e","0","31","357","670"
"BZN|DK2","16.03.2018 04:00 - 16.03.2018 05:00 (CET/CEST)","477","n/e","n/e","52","545","24","n/e","n/e","n/e","n/e","n/e","n/e","n/e","n/e","n/e","n/e","n/e","0","21","351","665"
"BZN|DK2","16.03.2018 05:00 - 16.03.2018 06:00 (CET/CEST)","565","n/e","n/e","52","498","24","n/e","n/e","n/e","n/e","n/e","n/e","n/e","n/e","n/e","n/e","n/e","0","21","348","651"
"BZN|DK2","16.03.2018 06:00 - 16.03.2018 07:00 (CET/CEST)","602","n/e","n/e","57","584","25","n/e","n/e","n/e","n/e","n/e","n/e","n/e","n/e","n/e","n/e","n/e","1","21","354","653"
"BZN|DK2","16.03.2018 07:00 - 16.03.2018 08:00 (CET/CEST)","601","n/e","n/e","106","607","25","n/e","n/e","n/e","n/e","n/e","n/e","n/e","n/e","n/e","n/e","n/e","13","21","357","656"
"BZN|DK2","16.03.2018 08:00 - 16.03.2018 09:00 (CET/CEST)","598","n/e","n/e","171","604","26","n/e","n/e","n/e","n/e","n/e","n/e","n/e","n/e","n/e","n/e","n/e","42","21","355","663"
"BZN|DK2","16.03.2018 09:00 - 16.03.2018 10:00 (CET/CEST)","598","n/e","n/e","180","602","27","n/e","n/e","n/e","n/e","n/e","n/e","n/e","n/e","n/e","n/e","n/e","70","21","355","670"
"BZN|DK2","16.03.2018 10:00 - 16.03.2018 11:00 (CET/CEST)","595","n/e","n/e","170","587","28","n/e","n/e","n/e","n/e","n/e","n/e","n/e","n/e","n/e","n/e","n/e","87","22","355","675"
"BZN|DK2","16.03.2018 11:00 - 16.03.2018 12:00 (CET/CEST)","593","n/e","n/e","140","612","28","n/e","n/e","n/e","n/e","n/e","n/e","n/e","n/e","n/e","n/e","n/e","88","23","355","671"
"BZN|DK2","16.03.2018 12:00 - 16.03.2018 13:00 (CET/CEST)","584","n/e","n/e","126","611","27","n/e","n/e","n/e","n/e","n/e","n/e","n/e","n/e","n/e","n/e","n/e","76","34","353","673"
"BZN|DK2","16.03.2018 13:00 - 16.03.2018 14:00 (CET/CEST)","588","n/e","n/e","126","610","25","n/e","n/e","n/e","n/e","n/e","n/e","n/e","n/e","n/e","n/e","n/e","92","34","351","662"
"BZN|DK2","16.03.2018 14:00 - 16.03.2018 15:00 (CET/CEST)","596","n/e","n/e","126","612","25","n/e","n/e","n/e","n/e","n/e","n/e","n/e","n/e","n/e","n/e","n/e","96","33","348","643"
"BZN|DK2","16.03.2018 15:00 - 16.03.2018 16:00 (CET/CEST)","596","n/e","n/e","127","611","22","n/e","n/e","n/e","n/e","n/e","n/e","n/e","n/e","n/e","n/e","n/e","79","34","347","637"
"BZN|DK2","16.03.2018 16:00 - 16.03.2018 17:00 (CET/CEST)","600","n/e","n/e","131","619","25","n/e","n/e","n/e","n/e","n/e","n/e","n/e","n/e","n/e","n/e","n/e","45","35","348","637"
"BZN|DK2","16.03.2018 17:00 - 16.03.2018 18:00 (CET/CEST)","600","n/e","n/e","127","608","26","n/e","n/e","n/e","n/e","n/e","n/e","n/e","n/e","n/e","n/e","n/e","14","34","349","642"
"BZN|DK2","16.03.2018 18:00 - 16.03.2018 19:00 (CET/CEST)","593","n/e","n/e","138","621","28","n/e","n/e","n/e","n/e","n/e","n/e","n/e","n/e","n/e","n/e","n/e","1","35","349","635"
"BZN|DK2","16.03.2018 19:00 - 16.03.2018 20:00 (CET/CEST)","578","n/e","n/e","178","614","28","n/e","n/e","n/e","n/e","n/e","n/e","n/e","n/e","n/e","n/e","n/e","0","35","348","623"
"BZN|DK2","16.03.2018 20:00 - 16.03.2018 21:00 (CET/CEST)","460","n/e","n/e","166","601","27","n/e","n/e","n/e","n/e","n/e","n/e","n/e","n/e","n/e","n/e","n/e","0","34","349","639"
"BZN|DK2","16.03.2018 21:00 - 16.03.2018 22:00 (CET/CEST)","398","n/e","n/e","135","597","27","n/e","n/e","n/e","n/e","n/e","n/e","n/e","n/e","n/e","n/e","n/e","0","35","348","653"
"BZN|DK2","16.03.2018 22:00 - 16.03.2018 23:00 (CET/CEST)","402","n/e","n/e","66","591","27","n/e","n/e","n/e","n/e","n/e","n/e","n/e","n/e","n/e","n/e","n/e","0","35","348","648"
"BZN|DK2","16.03.2018 23:00 - 17.03.2018 00:00 (CET/CEST)","405","n/e","n/e","57","594","27","n/e","n/e","n/e","n/e","n/e","n/e","n/e","n/e","n/e","n/e","n/e","0","34","349","645"
"BZN|DK2","17.03.2018 00:00 - 17.03.2018 01:00 (CET/CEST)","259","n/e","n/e","52","521","25","n/e","n/e","n/e","n/e","n/e","n/e","n/e","n/e","n/e","n/e","n/e","0","28","349","628"
"BZN|DK2","17.03.2018 01:00 - 17.03.2018 02:00 (CET/CEST)","215","n/e","n/e","44","582","22","n/e","n/e","n/e","n/e","n/e","n/e","n/e","n/e","n/e","n/e","n/e","0","29","349","620"
"BZN|DK2","17.03.2018 02:00 - 17.03.2018 03:00 (CET/CEST)","213","n/e","n/e","46","528","9","n/e","n/e","n/e","n/e","n/e","n/e","n/e","n/e","n/e","n/e","n/e","0","23","349","614"
"BZN|DK2","17.03.2018 03:00 - 17.03.2018 04:00 (CET/CEST)","214","n/e","n/e","45","523","8","n/e","n/e","n/e","n/e","n/e","n/e","n/e","n/e","n/e","n/e","n/e","0","24","349","610"
"BZN|DK2","17.03.2018 04:00 - 17.03.2018 05:00 (CET/CEST)","217","n/e","n/e","45","557","8","n/e","n/e","n/e","n/e","n/e","n/e","n/e","n/e","n/e","n/e","n/e","0","24","345","614"
"BZN|DK2","17.03.2018 05:00 - 17.03.2018 06:00 (CET/CEST)","216","n/e","n/e","45","589","8","n/e","n/e","n/e","n/e","n/e","n/e","n/e","n/e","n/e","n/e","n/e","0","25","344","614"
"BZN|DK2","17.03.2018 06:00 - 17.03.2018 07:00 (CET/CEST)","217","n/e","n/e","45","595","8","n/e","n/e","n/e","n/e","n/e","n/e","n/e","n/e","n/e","n/e","n/e","2","26","349","620"
"BZN|DK2","17.03.2018 07:00 - 17.03.2018 08:00 (CET/CEST)","227","n/e","n/e","45","594","8","n/e","n/e","n/e","n/e","n/e","n/e","n/e","n/e","n/e","n/e","n/e","23","25","349","640"
"BZN|DK2","17.03.2018 08:00 - 17.03.2018 09:00 (CET/CEST)","315","n/e","n/e","44","557","7","n/e","n/e","n/e","n/e","n/e","n/e","n/e","n/e","n/e","n/e","n/e","66","28","350","653"
"BZN|DK2","17.03.2018 09:00 - 17.03.2018 10:00 (CET/CEST)","376","n/e","n/e","48","583","9","n/e","n/e","n/e","n/e","n/e","n/e","n/e","n/e","n/e","n/e","n/e","96","28","344","654"
"BZN|DK2","17.03.2018 10:00 - 17.03.2018 11:00 (CET/CEST)","413","n/e","n/e","57","583","12","n/e","n/e","n/e","n/e","n/e","n/e","n/e","n/e","n/e","n/e","n/e","120","29","347","646"
"BZN|DK2","17.03.2018 11:00 - 17.03.2018 12:00 (CET/CEST)","400","n/e","n/e","49","548","10","n/e","n/e","n/e","n/e","n/e","n/e","n/e","n/e","n/e","n/e","n/e","125","28","346","650"
"BZN|DK2","17.03.2018 12:00 - 17.03.2018 13:00 (CET/CEST)","435","n/e","n/e","45","532","8","n/e","n/e","n/e","n/e","n/e","n/e","n/e","n/e","n/e","n/e","n/e","132","22","347","636"
"BZN|DK2","17.03.2018 13:00 - 17.03.2018 14:00 (CET/CEST)","457","n/e","n/e","47","507","9","n/e","n/e","n/e","n/e","n/e","n/e","n/e","n/e","n/e","n/e","n/e","132","23","348","614"
"BZN|DK2","17.03.2018 14:00 - 17.03.2018 15:00 (CET/CEST)","478","n/e","n/e","50","515","10","n/e","n/e","n/e","n/e","n/e","n/e","n/e","n/e","n/e","n/e","n/e","113","23","347","611"
"BZN|DK2","17.03.2018 15:00 - 17.03.2018 16:00 (CET/CEST)","472","n/e","n/e","49","501","9","n/e","n/e","n/e","n/e","n/e","n/e","n/e","n/e","n/e","n/e","n/e","89","25","347","602"
"BZN|DK2","17.03.2018 16:00 - 17.03.2018 17:00 (CET/CEST)","480","n/e","n/e","46","510","9","n/e","n/e","n/e","n/e","n/e","n/e","n/e","n/e","n/e","n/e","n/e","52","30","348","601"
"BZN|DK2","17.03.2018 17:00 - 17.03.2018 18:00 (CET/CEST)","515","n/e","n/e","57","557","12","n/e","n/e","n/e","n/e","n/e","n/e","n/e","n/e","n/e","n/e","n/e","14","32","347","621"
"BZN|DK2","17.03.2018 18:00 - 17.03.2018 19:00 (CET/CEST)","518","n/e","n/e","57","563","12","n/e","n/e","n/e","n/e","n/e","n/e","n/e","n/e","n/e","n/e","n/e","1","33","348","627"
"BZN|DK2","17.03.2018 19:00 - 17.03.2018 20:00 (CET/CEST)","517","n/e","n/e","57","544","12","n/e","n/e","n/e","n/e","n/e","n/e","n/e","n/e","n/e","n/e","n/e","0","34","347","623"
"BZN|DK2","17.03.2018 20:00 - 17.03.2018 21:00 (CET/CEST)","516","n/e","n/e","56","526","12","n/e","n/e","n/e","n/e","n/e","n/e","n/e","n/e","n/e","n/e","n/e","0","32","347","619"
"BZN|DK2","17.03.2018 21:00 - 17.03.2018 22:00 (CET/CEST)","512","n/e","n/e","57","496","12","n/e","n/e","n/e","n/e","n/e","n/e","n/e","n/e","n/e","n/e","n/e","0","30","347","622"
"BZN|DK2","17.03.2018 22:00 - 17.03.2018 23:00 (CET/CEST)","523","n/e","n/e","47","473","9","n/e","n/e","n/e","n/e","n/e","n/e","n/e","n/e","n/e","n/e","n/e","0","31","283","619"
"BZN|DK2","17.03.2018 23:00 - 18.03.2018 00:00 (CET/CEST)","522","n/e","n/e","44","448","8","n/e","n/e","n/e","n/e","n/e","n/e","n/e","n/e","n/e","n/e","n/e","0","31","192","585"
"BZN|DK2","18.03.2018 00:00 - 18.03.2018 01:00 (CET/CEST)","513","n/e","n/e","43","363","13","n/e","n/e","n/e","n/e","n/e","n/e","n/e","n/e","n/e","n/e","n/e","0","26","316","565"
"BZN|DK2","18.03.2018 01:00 - 18.03.2018 02:00 (CET/CEST)","511","n/e","n/e","44","369","20","n/e","n/e","n/e","n/e","n/e","n/e","n/e","n/e","n/e","n/e","n/e","0","23","191","513"
"BZN|DK2","18.03.2018 02:00 - 18.03.2018 03:00 (CET/CEST)","512","n/e","n/e","44","372","21","n/e","n/e","n/e","n/e","n/e","n/e","n/e","n/e","n/e","n/e","n/e","0","22","325","525"
"BZN|DK2","18.03.2018 03:00 - 18.03.2018 04:00 (CET/CEST)","511","n/e","n/e","43","369","21","n/e","n/e","n/e","n/e","n/e","n/e","n/e","n/e","n/e","n/e","n/e","0","22","344","501"
"BZN|DK2","18.03.2018 04:00 - 18.03.2018 05:00 (CET/CEST)","511","n/e","n/e","44","366","21","n/e","n/e","n/e","n/e","n/e","n/e","n/e","n/e","n/e","n/e","n/e","0","27","343","501"
"BZN|DK2","18.03.2018 05:00 - 18.03.2018 06:00 (CET/CEST)","517","n/e","n/e","45","384","22","n/e","n/e","n/e","n/e","n/e","n/e","n/e","n/e","n/e","n/e","n/e","0","30","342","485"
"BZN|DK2","18.03.2018 06:00 - 18.03.2018 07:00 (CET/CEST)","525","n/e","n/e","56","530","25","n/e","n/e","n/e","n/e","n/e","n/e","n/e","n/e","n/e","n/e","n/e","2","30","308","440"
"BZN|DK2","18.03.2018 07:00 - 18.03.2018 08:00 (CET/CEST)","528","n/e","n/e","53","532","23","n/e","n/e","n/e","n/e","n/e","n/e","n/e","n/e","n/e","n/e","n/e","24","31","254","432"
"BZN|DK2","18.03.2018 08:00 - 18.03.2018 09:00 (CET/CEST)","527","n/e","n/e","59","518","24","n/e","n/e","n/e","n/e","n/e","n/e","n/e","n/e","n/e","n/e","n/e","68","32","339","452"
"BZN|DK2","18.03.2018 09:00 - 18.03.2018 10:00 (CET/CEST)","528","n/e","n/e","62","585","25","n/e","n/e","n/e","n/e","n/e","n/e","n/e","n/e","n/e","n/e","n/e","116","32","338","435"
"BZN|DK2","18.03.2018 10:00 - 18.03.2018 11:00 (CET/CEST)","527","n/e","n/e","61","617","25","n/e","n/e","n/e","n/e","n/e","n/e","n/e","n/e","n/e","n/e","n/e","162","34","337","425"
"BZN|DK2","18.03.2018 11:00 - 18.03.2018 12:00 (CET/CEST)","525","n/e","n/e","64","602","26","n/e","n/e","n/e","n/e","n/e","n/e","n/e","n/e","n/e","n/e","n/e","188","34","337","408"
"BZN|DK2","18.03.2018 12:00 - 18.03.2018 13:00 (CET/CEST)","520","n/e","n/e","65","555","27","n/e","n/e","n/e","n/e","n/e","n/e","n/e","n/e","n/e","n/e","n/e","195","35","337","399"
"BZN|DK2","18.03.2018 13:00 - 18.03.2018 14:00 (CET/CEST)","523","n/e","n/e","64","547","26","n/e","n/e","n/e","n/e","n/e","n/e","n/e","n/e","n/e","n/e","n/e","190","35","338","401"
"BZN|DK2","18.03.2018 14:00 - 18.03.2018 15:00 (CET/CEST)","523","n/e","n/e","66","552","27","n/e","n/e","n/e","n/e","n/e","n/e","n/e","n/e","n/e","n/e","n/e","169","35","337","398"
"BZN|DK2","18.03.2018 15:00 - 18.03.2018 16:00 (CET/CEST)","518","n/e","n/e","68","531","27","n/e","n/e","n/e","n/e","n/e","n/e","n/e","n/e","n/e","n/e","n/e","127","36","337","386"
"BZN|DK2","18.03.2018 16:00 - 18.03.2018 17:00 (CET/CEST)","520","n/e","n/e","66","539","27","n/e","n/e","n/e","n/e","n/e","n/e","n/e","n/e","n/e","n/e","n/e","71","36","338","378"
"BZN|DK2","18.03.2018 17:00 - 18.03.2018 18:00 (CET/CEST)","475","n/e","n/e","60","570","25","n/e","n/e","n/e","n/e","n/e","n/e","n/e","n/e","n/e","n/e","n/e","22","35","337","345"
"BZN|DK2","18.03.2018 18:00 - 18.03.2018 19:00 (CET/CEST)","461","n/e","n/e","54","510","23","n/e","n/e","n/e","n/e","n/e","n/e","n/e","n/e","n/e","n/e","n/e","1","35","336","302"
"BZN|DK2","18.03.2018 19:00 - 18.03.2018 20:00 (CET/CEST)","467","n/e","n/e","54","550","23","n/e","n/e","n/e","n/e","n/e","n/e","n/e","n/e","n/e","n/e","n/e","0","35","333","261"
"BZN|DK2","18.03.2018 20:00 - 18.03.2018 21:00 (CET/CEST)","473","n/e","n/e","50","511","22","n/e","n/e","n/e","n/e","n/e","n/e","n/e","n/e","n/e","n/e","n/e","0","34","322","199"
"BZN|DK2","18.03.2018 21:00 - 18.03.2018 22:00 (CET/CEST)","473","n/e","n/e","53","521","23","n/e","n/e","n/e","n/e","n/e","n/e","n/e","n/e","n/e","n/e","n/e","0","34","282","140"
"BZN|DK2","18.03.2018 22:00 - 18.03.2018 23:00 (CET/CEST)","463","n/e","n/e","54","543","23","n/e","n/e","n/e","n/e","n/e","n/e","n/e","n/e","n/e","n/e","n/e","0","35","209","100"
"BZN|DK2","18.03.2018 23:00 - 19.03.2018 00:00 (CET/CEST)","453","n/e","n/e","52","577","23","n/e","n/e","n/e","n/e","n/e","n/e","n/e","n/e","n/e","n/e","n/e","0","35","129","76"
"BZN|DK2","19.03.2018 00:00 - 19.03.2018 01:00 (CET/CEST)","474","n/e","n/e","56","601","24","n/e","n/e","n/e","n/e","n/e","n/e","n/e","n/e","n/e","n/e","n/e","0","35","92","55"
"BZN|DK2","19.03.2018 01:00 - 19.03.2018 02:00 (CET/CEST)","471","n/e","n/e","57","588","25","n/e","n/e","n/e","n/e","n/e","n/e","n/e","n/e","n/e","n/e","n/e","0","34","59","41"
"BZN|DK2","19.03.2018 02:00 - 19.03.2018 03:00 (CET/CEST)","439","n/e","n/e","57","575","24","n/e","n/e","n/e","n/e","n/e","n/e","n/e","n/e","n/e","n/e","n/e","0","34","38","29"
"BZN|DK2","19.03.2018 03:00 - 19.03.2018 04:00 (CET/CEST)","456","n/e","n/e","58","569","24","n/e","n/e","n/e","n/e","n/e","n/e","n/e","n/e","n/e","n/e","n/e","0","35","17","21"
"BZN|DK2","19.03.2018 04:00 - 19.03.2018 05:00 (CET/CEST)","469","n/e","n/e","58","575","25","n/e","n/e","n/e","n/e","n/e","n/e","n/e","n/e","n/e","n/e","n/e","0","32","6","15"
"BZN|DK2","19.03.2018 05:00 - 19.03.2018 06:00 (CET/CEST)","361","n/e","n/e","61","579","23","n/e","n/e","n/e","n/e","n/e","n/e","n/e","n/e","n/e","n/e","n/e","0","31","0","12"
"BZN|DK2","19.03.2018 06:00 - 19.03.2018 07:00 (CET/CEST)","224","n/e","n/e","106","690","26","n/e","n/e","n/e","n/e","n/e","n/e","n/e","n/e","n/e","n/e","n/e","3","33","0","13"
"BZN|DK2","19.03.2018 07:00 - 19.03.2018 08:00 (CET/CEST)","233","n/e","n/e","200","771","30","n/e","n/e","n/e","n/e","n/e","n/e","n/e","n/e","n/e","n/e","n/e","34","36","0","14"
"BZN|DK2","19.03.2018 08:00 - 19.03.2018 09:00 (CET/CEST)","230","n/e","n/e","248","737","29","n/e","n/e","n/e","n/e","n/e","n/e","n/e","n/e","n/e","n/e","n/e","87","37","0","14"
"BZN|DK2","19.03.2018 09:00 - 19.03.2018 10:00 (CET/CEST)","226","n/e","n/e","214","698","29","n/e","n/e","n/e","n/e","n/e","n/e","n/e","n/e","n/e","n/e","n/e","137","38","0","23"
"BZN|DK2","19.03.2018 10:00 - 19.03.2018 11:00 (CET/CEST)","225","n/e","n/e","198","741","30","n/e","n/e","n/e","n/e","n/e","n/e","n/e","n/e","n/e","n/e","n/e","172","37","0","35"
"BZN|DK2","19.03.2018 11:00 - 19.03.2018 12:00 (CET/CEST)","224","n/e","n/e","198","772","31","n/e","n/e","n/e","n/e","n/e","n/e","n/e","n/e","n/e","n/e","n/e","195","37","1","52"
"BZN|DK2","19.03.2018 12:00 - 19.03.2018 13:00 (CET/CEST)","227","n/e","n/e","180","760","31","n/e","n/e","n/e","n/e","n/e","n/e","n/e","n/e","n/e","n/e","n/e","202","36","2","78"
"BZN|DK2","19.03.2018 13:00 - 19.03.2018 14:00 (CET/CEST)","227","n/e","n/e","179","753","34","n/e","n/e","n/e","n/e","n/e","n/e","n/e","n/e","n/e","n/e","n/e","194","35","5","103"
"BZN|DK2","19.03.2018 14:00 - 19.03.2018 15:00 (CET/CEST)","222","n/e","n/e","175","653","30","n/e","n/e","n/e","n/e","n/e","n/e","n/e","n/e","n/e","n/e","n/e","169","33","10","132"
"BZN|DK2","19.03.2018 15:00 - 19.03.2018 16:00 (CET/CEST)","311","n/e","n/e","166","611","28","n/e","n/e","n/e","n/e","n/e","n/e","n/e","n/e","n/e","n/e","n/e","118","33","20","157"
"BZN|DK2","19.03.2018 16:00 - 19.03.2018 17:00 (CET/CEST)","394","n/e","n/e","167","599","27","n/e","n/e","n/e","n/e","n/e","n/e","n/e","n/e","n/e","n/e","n/e","60","30","32","163"
"BZN|DK2","19.03.2018 17:00 - 19.03.2018 18:00 (CET/CEST)","434","n/e","n/e","177","672","26","n/e","n/e","n/e","n/e","n/e","n/e","n/e","n/e","n/e","n/e","n/e","19","27","27","162"
"BZN|DK2","19.03.2018 18:00 - 19.03.2018 19:00 (CET/CEST)","253","n/e","n/e","177","693","26","n/e","n/e","n/e","n/e","n/e","n/e","n/e","n/e","n/e","n/e","n/e","1","29","47","189"
"BZN|DK2","19.03.2018 19:00 - 19.03.2018 20:00 (CET/CEST)","236","n/e","n/e","176","735","26","n/e","n/e","n/e","n/e","n/e","n/e","n/e","n/e","n/e","n/e","n/e","0","32","104","232"
"BZN|DK2","19.03.2018 20:00 - 19.03.2018 21:00 (CET/CEST)","279","n/e","n/e","174","665","25","n/e","n/e","n/e","n/e","n/e","n/e","n/e","n/e","n/e","n/e","n/e","0","34","124","237"
"BZN|DK2","19.03.2018 21:00 - 19.03.2018 22:00 (CET/CEST)","385","n/e","n/e","173","605","25","n/e","n/e","n/e","n/e","n/e","n/e","n/e","n/e","n/e","n/e","n/e","0","33","154","214"
"BZN|DK2","19.03.2018 22:00 - 19.03.2018 23:00 (CET/CEST)","441","n/e","n/e","122","685","25","n/e","n/e","n/e","n/e","n/e","n/e","n/e","n/e","n/e","n/e","n/e","0","32","142","204"
"BZN|DK2","19.03.2018 23:00 - 20.03.2018 00:00 (CET/CEST)","465","n/e","n/e","113","595","25","n/e","n/e","n/e","n/e","n/e","n/e","n/e","n/e","n/e","n/e","n/e","0","32","129","210"
"BZN|DK2","20.03.2018 00:00 - 20.03.2018 01:00 (CET/CEST)","478","n/e","n/e","71","547","25","n/e","n/e","n/e","n/e","n/e","n/e","n/e","n/e","n/e","n/e","n/e","0","30","114","227"
"BZN|DK2","20.03.2018 01:00 - 20.03.2018 02:00 (CET/CEST)","485","n/e","n/e","56","524","24","n/e","n/e","n/e","n/e","n/e","n/e","n/e","n/e","n/e","n/e","n/e","0","31","121","265"
"BZN|DK2","20.03.2018 02:00 - 20.03.2018 03:00 (CET/CEST)","513","n/e","n/e","45","544","20","n/e","n/e","n/e","n/e","n/e","n/e","n/e","n/e","n/e","n/e","n/e","0","29","111","330"
"BZN|DK2","20.03.2018 03:00 - 20.03.2018 04:00 (CET/CEST)","484","n/e","n/e","45","553","20","n/e","n/e","n/e","n/e","n/e","n/e","n/e","n/e","n/e","n/e","n/e","0","30","205","369"
"BZN|DK2","20.03.2018 04:00 - 20.03.2018 05:00 (CET/CEST)","485","n/e","n/e","56","570","23","n/e","n/e","n/e","n/e","n/e","n/e","n/e","n/e","n/e","n/e","n/e","0","32","336","362"
"BZN|DK2","20.03.2018 05:00 - 20.03.2018 06:00 (CET/CEST)","520","n/e","n/e","59","594","25","n/e","n/e","n/e","n/e","n/e","n/e","n/e","n/e","n/e","n/e","n/e","0","33","343","341"
"BZN|DK2","20.03.2018 06:00 - 20.03.2018 07:00 (CET/CEST)","526","n/e","n/e","84","666","25","n/e","n/e","n/e","n/e","n/e","n/e","n/e","n/e","n/e","n/e","n/e","2","37","315","344"
"BZN|DK2","20.03.2018 07:00 - 20.03.2018 08:00 (CET/CEST)","528","n/e","n/e","138","633","23","n/e","n/e","n/e","n/e","n/e","n/e","n/e","n/e","n/e","n/e","n/e","21","36","290","352"
"BZN|DK2","20.03.2018 08:00 - 20.03.2018 09:00 (CET/CEST)","520","n/e","n/e","184","685","26","n/e","n/e","n/e","n/e","n/e","n/e","n/e","n/e","n/e","n/e","n/e","57","39","260","339"
"BZN|DK2","20.03.2018 09:00 - 20.03.2018 10:00 (CET/CEST)","512","n/e","n/e","207","713","33","n/e","n/e","n/e","n/e","n/e","n/e","n/e","n/e","n/e","n/e","n/e","107","42","237","293"
"BZN|DK2","20.03.2018 10:00 - 20.03.2018 11:00 (CET/CEST)","511","n/e","n/e","187","687","27","n/e","n/e","n/e","n/e","n/e","n/e","n/e","n/e","n/e","n/e","n/e","152","40","162","247"
"BZN|DK2","20.03.2018 11:00 - 20.03.2018 12:00 (CET/CEST)","511","n/e","n/e","166","672","25","n/e","n/e","n/e","n/e","n/e","n/e","n/e","n/e","n/e","n/e","n/e","187","39","179","225"
"BZN|DK2","20.03.2018 12:00 - 20.03.2018 13:00 (CET/CEST)","511","n/e","n/e","161","664","24","n/e","n/e","n/e","n/e","n/e","n/e","n/e","n/e","n/e","n/e","n/e","202","40","166","232"
"BZN|DK2","20.03.2018 13:00 - 20.03.2018 14:00 (CET/CEST)","450","n/e","n/e","162","669","24","n/e","n/e","n/e","n/e","n/e","n/e","n/e","n/e","n/e","n/e","n/e","195","40","132","219"
"BZN|DK2","20.03.2018 14:00 - 20.03.2018 15:00 (CET/CEST)","455","n/e","n/e","168","673","26","n/e","n/e","n/e","n/e","n/e","n/e","n/e","n/e","n/e","n/e","n/e","200","41","145","204"
"BZN|DK2","20.03.2018 15:00 - 20.03.2018 16:00 (CET/CEST)","512","n/e","n/e","174","678","28","n/e","n/e","n/e","n/e","n/e","n/e","n/e","n/e","n/e","n/e","n/e","132","42","161","222"
"BZN|DK2","20.03.2018 16:00 - 20.03.2018 17:00 (CET/CEST)","466","n/e","n/e","171","673","27","n/e","n/e","n/e","n/e","n/e","n/e","n/e","n/e","n/e","n/e","n/e","73","41","192","192"
"BZN|DK2","20.03.2018 17:00 - 20.03.2018 18:00 (CET/CEST)","404","n/e","n/e","175","594","24","n/e","n/e","n/e","n/e","n/e","n/e","n/e","n/e","n/e","n/e","n/e","23","39","145","143"
"BZN|DK2","20.03.2018 18:00 - 20.03.2018 19:00 (CET/CEST)","408","n/e","n/e","174","584","23","n/e","n/e","n/e","n/e","n/e","n/e","n/e","n/e","n/e","n/e","n/e","1","38","103","114"
"BZN|DK2","20.03.2018 19:00 - 20.03.2018 20:00 (CET/CEST)","502","n/e","n/e","186","671","27","n/e","n/e","n/e","n/e","n/e","n/e","n/e","n/e","n/e","n/e","n/e","0","40","67","91"
"BZN|DK2","20.03.2018 20:00 - 20.03.2018 21:00 (CET/CEST)","514","n/e","n/e","129","666","27","n/e","n/e","n/e","n/e","n/e","n/e","n/e","n/e","n/e","n/e","n/e","0","42","47","75"
"BZN|DK2","20.03.2018 21:00 - 20.03.2018 22:00 (CET/CEST)","512","n/e","n/e","113","668","25","n/e","n/e","n/e","n/e","n/e","n/e","n/e","n/e","n/e","n/e","n/e","0","41","36","56"
"BZN|DK2","20.03.2018 22:00 - 20.03.2018 23:00 (CET/CEST)","513","n/e","n/e","113","642","25","n/e","n/e","n/e","n/e","n/e","n/e","n/e","n/e","n/e","n/e","n/e","0","42","29","38"
"BZN|DK2","20.03.2018 23:00 - 21.03.2018 00:00 (CET/CEST)","507","n/e","n/e","112","600","25","n/e","n/e","n/e","n/e","n/e","n/e","n/e","n/e","n/e","n/e","n/e","0","42","13","29"
"BZN|DK2","21.03.2018 00:00 - 21.03.2018 01:00 (CET/CEST)","460","n/e","n/e","101","616","25","n/e","n/e","n/e","n/e","n/e","n/e","n/e","n/e","n/e","n/e","n/e","0","40","11","20"
"BZN|DK2","21.03.2018 01:00 - 21.03.2018 02:00 (CET/CEST)","428","n/e","n/e","99","647","25","n/e","n/e","n/e","n/e","n/e","n/e","n/e","n/e","n/e","n/e","n/e","0","39","9","14"
"BZN|DK2","21.03.2018 02:00 - 21.03.2018 03:00 (CET/CEST)","429","n/e","n/e","99","613","24","n/e","n/e","n/e","n/e","n/e","n/e","n/e","n/e","n/e","n/e","n/e","0","39","14","21"
"BZN|DK2","21.03.2018 03:00 - 21.03.2018 04:00 (CET/CEST)","439","n/e","n/e","99","621","24","n/e","n/e","n/e","n/e","n/e","n/e","n/e","n/e","n/e","n/e","n/e","0","39","14","31"
"BZN|DK2","21.03.2018 04:00 - 21.03.2018 05:00 (CET/CEST)","433","n/e","n/e","100","654","25","n/e","n/e","n/e","n/e","n/e","n/e","n/e","n/e","n/e","n/e","n/e","0","37","13","56"
"BZN|DK2","21.03.2018 05:00 - 21.03.2018 06:00 (CET/CEST)","478","n/e","n/e","99","631","25","n/e","n/e","n/e","n/e","n/e","n/e","n/e","n/e","n/e","n/e","n/e","0","36","22","70"
"BZN|DK2","21.03.2018 06:00 - 21.03.2018 07:00 (CET/CEST)","519","n/e","n/e","103","679","26","n/e","n/e","n/e","n/e","n/e","n/e","n/e","n/e","n/e","n/e","n/e","2","41","43","96"
"BZN|DK2","21.03.2018 07:00 - 21.03.2018 08:00 (CET/CEST)","523","n/e","n/e","142","689","27","n/e","n/e","n/e","n/e","n/e","n/e","n/e","n/e","n/e","n/e","n/e","17","43","59","96"
"BZN|DK2","21.03.2018 08:00 - 21.03.2018 09:00 (CET/CEST)","527","n/e","n/e","185","707","28","n/e","n/e","n/e","n/e","n/e","n/e","n/e","n/e","n/e","n/e","n/e","42","44","65","95"
"BZN|DK2","21.03.2018 09:00 - 21.03.2018 10:00 (CET/CEST)","526","n/e","n/e","182","702","25","n/e","n/e","n/e","n/e","n/e","n/e","n/e","n/e","n/e","n/e","n/e","56","44","70","101"
"BZN|DK2","21.03.2018 10:00 - 21.03.2018 11:00 (CET/CEST)","524","n/e","n/e","178","687","25","n/e","n/e","n/e","n/e","n/e","n/e","n/e","n/e","n/e","n/e","n/e","64","42","92","131"
"BZN|DK2","21.03.2018 11:00 - 21.03.2018 12:00 (CET/CEST)","469","n/e","n/e","185","696","27","n/e","n/e","n/e","n/e","n/e","n/e","n/e","n/e","n/e","n/e","n/e","64","43","103","183"
"BZN|DK2","21.03.2018 12:00 - 21.03.2018 13:00 (CET/CEST)","463","n/e","n/e","185","677","27","n/e","n/e","n/e","n/e","n/e","n/e","n/e","n/e","n/e","n/e","n/e","73","43","234","215"
"BZN|DK2","21.03.2018 13:00 - 21.03.2018 14:00 (CET/CEST)","506","n/e","n/e","182","587","26","n/e","n/e","n/e","n/e","n/e","n/e","n/e","n/e","n/e","n/e","n/e","90","44","270","215"
"BZN|DK2","21.03.2018 14:00 - 21.03.2018 15:00 (CET/CEST)","520","n/e","n/e","167","571","24","n/e","n/e","n/e","n/e","n/e","n/e","n/e","n/e","n/e","n/e","n/e","86","45","275","248"
"BZN|DK2","21.03.2018 15:00 - 21.03.2018 16:00 (CET/CEST)","516","n/e","n/e","116","583","23","n/e","n/e","n/e","n/e","n/e","n/e","n/e","n/e","n/e","n/e","n/e","47","42","275","247"
"BZN|DK2","21.03.2018 16:00 - 21.03.2018 17:00 (CET/CEST)","479","n/e","n/e","116","614","24","n/e","n/e","n/e","n/e","n/e","n/e","n/e","n/e","n/e","n/e","n/e","21","39","306","276"
"BZN|DK2","21.03.2018 17:00 - 21.03.2018 18:00 (CET/CEST)","521","n/e","n/e","120","676","25","n/e","n/e","n/e","n/e","n/e","n/e","n/e","n/e","n/e","n/e","n/e","6","39","298","266"
"BZN|DK2","21.03.2018 18:00 - 21.03.2018 19:00 (CET/CEST)","522","n/e","n/e","120","673","25","n/e","n/e","n/e","n/e","n/e","n/e","n/e","n/e","n/e","n/e","n/e","0","40","280","265"
"BZN|DK2","21.03.2018 19:00 - 21.03.2018 20:00 (CET/CEST)","519","n/e","n/e","119","652","25","n/e","n/e","n/e","n/e","n/e","n/e","n/e","n/e","n/e","n/e","n/e","0","42","268","268"
"BZN|DK2","21.03.2018 20:00 - 21.03.2018 21:00 (CET/CEST)","518","n/e","n/e","110","623","24","n/e","n/e","n/e","n/e","n/e","n/e","n/e","n/e","n/e","n/e","n/e","0","43","245","297"
"BZN|DK2","21.03.2018 21:00 - 21.03.2018 22:00 (CET/CEST)","516","n/e","n/e","100","537","21","n/e","n/e","n/e","n/e","n/e","n/e","n/e","n/e","n/e","n/e","n/e","0","42","261","328"
"BZN|DK2","21.03.2018 22:00 - 21.03.2018 23:00 (CET/CEST)","510","n/e","n/e","99","517","21","n/e","n/e","n/e","n/e","n/e","n/e","n/e","n/e","n/e","n/e","n/e","0","42","267","360"
"BZN|DK2","21.03.2018 23:00 - 22.03.2018 00:00 (CET/CEST)","467","n/e","n/e","98","496","20","n/e","n/e","n/e","n/e","n/e","n/e","n/e","n/e","n/e","n/e","n/e","0","42","258","346"
"BZN|DK2","22.03.2018 00:00 - 22.03.2018 01:00 (CET/CEST)","431","n/e","n/e","87","489","11","n/e","n/e","n/e","n/e","n/e","n/e","n/e","n/e","n/e","n/e","n/e","0","37","292","359"
"BZN|DK2","22.03.2018 01:00 - 22.03.2018 02:00 (CET/CEST)","425","n/e","n/e","49","469","10","n/e","n/e","n/e","n/e","n/e","n/e","n/e","n/e","n/e","n/e","n/e","0","36","320","379"
"BZN|DK2","22.03.2018 02:00 - 22.03.2018 03:00 (CET/CEST)","422","n/e","n/e","49","442","10","n/e","n/e","n/e","n/e","n/e","n/e","n/e","n/e","n/e","n/e","n/e","0","35","308","369"
"BZN|DK2","22.03.2018 03:00 - 22.03.2018 04:00 (CET/CEST)","426","n/e","n/e","45","422","8","n/e","n/e","n/e","n/e","n/e","n/e","n/e","n/e","n/e","n/e","n/e","0","35","356","352"
"BZN|DK2","22.03.2018 04:00 - 22.03.2018 05:00 (CET/CEST)","426","n/e","n/e","46","422","9","n/e","n/e","n/e","n/e","n/e","n/e","n/e","n/e","n/e","n/e","n/e","0","35","359","321"
"BZN|DK2","22.03.2018 05:00 - 22.03.2018 06:00 (CET/CEST)","468","n/e","n/e","59","447","9","n/e","n/e","n/e","n/e","n/e","n/e","n/e","n/e","n/e","n/e","n/e","0","36","349","302"
"BZN|DK2","22.03.2018 06:00 - 22.03.2018 07:00 (CET/CEST)","479","n/e","n/e","100","513","10","n/e","n/e","n/e","n/e","n/e","n/e","n/e","n/e","n/e","n/e","n/e","0","42","339","272"
"BZN|DK2","22.03.2018 07:00 - 22.03.2018 08:00 (CET/CEST)","481","n/e","n/e","137","620","16","n/e","n/e","n/e","n/e","n/e","n/e","n/e","n/e","n/e","n/e","n/e","1","42","326","227"
"BZN|DK2","22.03.2018 08:00 - 22.03.2018 09:00 (CET/CEST)","482","n/e","n/e","170","629","25","n/e","n/e","n/e","n/e","n/e","n/e","n/e","n/e","n/e","n/e","n/e","4","42","341","192"
"BZN|DK2","22.03.2018 09:00 - 22.03.2018 10:00 (CET/CEST)","467","n/e","n/e","174","647","26","n/e","n/e","n/e","n/e","n/e","n/e","n/e","n/e","n/e","n/e","n/e","12","40","320","120"
"BZN|DK2","22.03.2018 10:00 - 22.03.2018 11:00 (CET/CEST)","461","n/e","n/e","176","628","26","n/e","n/e","n/e","n/e","n/e","n/e","n/e","n/e","n/e","n/e","n/e","23","37","248","79"
"BZN|DK2","22.03.2018 11:00 - 22.03.2018 12:00 (CET/CEST)","464","n/e","n/e","175","648","26","n/e","n/e","n/e","n/e","n/e","n/e","n/e","n/e","n/e","n/e","n/e","33","35","90","58"
"BZN|DK2","22.03.2018 12:00 - 22.03.2018 13:00 (CET/CEST)","455","n/e","n/e","177","673","26","n/e","n/e","n/e","n/e","n/e","n/e","n/e","n/e","n/e","n/e","n/e","37","34","43","39"
"BZN|DK2","22.03.2018 13:00 - 22.03.2018 14:00 (CET/CEST)","460","n/e","n/e","178","660","27","n/e","n/e","n/e","n/e","n/e","n/e","n/e","n/e","n/e","n/e","n/e","34","33","60","55"
"BZN|DK2","22.03.2018 14:00 - 22.03.2018 15:00 (CET/CEST)","503","n/e","n/e","182","655","27","n/e","n/e","n/e","n/e","n/e","n/e","n/e","n/e","n/e","n/e","n/e","32","37","62","48"
"BZN|DK2","22.03.2018 15:00 - 22.03.2018 16:00 (CET/CEST)","422","n/e","n/e","226","762","30","n/e","n/e","n/e","n/e","n/e","n/e","n/e","n/e","n/e","n/e","n/e","22","44","56","56"
"BZN|DK2","22.03.2018 16:00 - 22.03.2018 17:00 (CET/CEST)","231","n/e","n/e","247","790","30","n/e","n/e","n/e","n/e","n/e","n/e","n/e","n/e","n/e","n/e","n/e","11","45","52","50"
"BZN|DK2","22.03.2018 17:00 - 22.03.2018 18:00 (CET/CEST)","232","n/e","n/e","242","803","30","n/e","n/e","n/e","n/e","n/e","n/e","n/e","n/e","n/e","n/e","n/e","4","44","26","37"
"BZN|DK2","22.03.2018 18:00 - 22.03.2018 19:00 (CET/CEST)","323","n/e","n/e","231","808","30","n/e","n/e","n/e","n/e","n/e","n/e","n/e","n/e","n/e","n/e","n/e","0","43","19","29"
"BZN|DK2","22.03.2018 19:00 - 22.03.2018 20:00 (CET/CEST)","413","n/e","n/e","240","779","29","n/e","n/e","n/e","n/e","n/e","n/e","n/e","n/e","n/e","n/e","n/e","0","44","13","24"
"BZN|DK2","22.03.2018 20:00 - 22.03.2018 21:00 (CET/CEST)","485","n/e","n/e","231","665","27","n/e","n/e","n/e","n/e","n/e","n/e","n/e","n/e","n/e","n/e","n/e","0","44","5","21"
"BZN|DK2","22.03.2018 21:00 - 22.03.2018 22:00 (CET/CEST)","512","n/e","n/e","175","584","23","n/e","n/e","n/e","n/e","n/e","n/e","n/e","n/e","n/e","n/e","n/e","0","43","6","13"
"BZN|DK2","22.03.2018 22:00 - 22.03.2018 23:00 (CET/CEST)","523","n/e","n/e","118","573","22","n/e","n/e","n/e","n/e","n/e","n/e","n/e","n/e","n/e","n/e","n/e","0","43","7","10"
"BZN|DK2","22.03.2018 23:00 - 23.03.2018 00:00 (CET/CEST)","524","n/e","n/e","108","557","21","n/e","n/e","n/e","n/e","n/e","n/e","n/e","n/e","n/e","n/e","n/e","0","39","0","8"
"BZN|DK2","23.03.2018 00:00 - 23.03.2018 01:00 (CET/CEST)","534","n/e","n/e","109","616","21","n/e","n/e","n/e","n/e","n/e","n/e","n/e","n/e","n/e","n/e","n/e","0","36","0","7"
"BZN|DK2","23.03.2018 01:00 - 23.03.2018 02:00 (CET/CEST)","528","n/e","n/e","109","669","21","n/e","n/e","n/e","n/e","n/e","n/e","n/e","n/e","n/e","n/e","n/e","0","36","0","8"
"BZN|DK2","23.03.2018 02:00 - 23.03.2018 03:00 (CET/CEST)","521","n/e","n/e","108","637","21","n/e","n/e","n/e","n/e","n/e","n/e","n/e","n/e","n/e","n/e","n/e","0","36","0","8"
"BZN|DK2","23.03.2018 03:00 - 23.03.2018 04:00 (CET/CEST)","522","n/e","n/e","108","628","21","n/e","n/e","n/e","n/e","n/e","n/e","n/e","n/e","n/e","n/e","n/e","0","36","0","7"
"BZN|DK2","23.03.2018 04:00 - 23.03.2018 05:00 (CET/CEST)","515","n/e","n/e","109","662","21","n/e","n/e","n/e","n/e","n/e","n/e","n/e","n/e","n/e","n/e","n/e","0","36","0","7"
"BZN|DK2","23.03.2018 05:00 - 23.03.2018 06:00 (CET/CEST)","517","n/e","n/e","109","732","22","n/e","n/e","n/e","n/e","n/e","n/e","n/e","n/e","n/e","n/e","n/e","0","36","0","8"
"BZN|DK2","23.03.2018 06:00 - 23.03.2018 07:00 (CET/CEST)","560","n/e","n/e","114","753","25","n/e","n/e","n/e","n/e","n/e","n/e","n/e","n/e","n/e","n/e","n/e","1","42","0","10"
"BZN|DK2","23.03.2018 07:00 - 23.03.2018 08:00 (CET/CEST)","547","n/e","n/e","161","760","28","n/e","n/e","n/e","n/e","n/e","n/e","n/e","n/e","n/e","n/e","n/e","7","44","0","13"
"BZN|DK2","23.03.2018 08:00 - 23.03.2018 09:00 (CET/CEST)","542","n/e","n/e","195","715","28","n/e","n/e","n/e","n/e","n/e","n/e","n/e","n/e","n/e","n/e","n/e","15","44","0","14"
"BZN|DK2","23.03.2018 09:00 - 23.03.2018 10:00 (CET/CEST)","601","n/e","n/e","199","763","29","n/e","n/e","n/e","n/e","n/e","n/e","n/e","n/e","n/e","n/e","n/e","22","42","0","16"
"BZN|DK2","23.03.2018 10:00 - 23.03.2018 11:00 (CET/CEST)","533","n/e","n/e","218","758","28","n/e","n/e","n/e","n/e","n/e","n/e","n/e","n/e","n/e","n/e","n/e","30","42","2","21"
"BZN|DK2","23.03.2018 11:00 - 23.03.2018 12:00 (CET/CEST)","516","n/e","n/e","191","744","27","n/e","n/e","n/e","n/e","n/e","n/e","n/e","n/e","n/e","n/e","n/e","36","48","7","24"
"BZN|DK2","23.03.2018 12:00 - 23.03.2018 13:00 (CET/CEST)","513","n/e","n/e","185","674","25","n/e","n/e","n/e","n/e","n/e","n/e","n/e","n/e","n/e","n/e","n/e","37","54","21","31"
"BZN|DK2","23.03.2018 13:00 - 23.03.2018 14:00 (CET/CEST)","511","n/e","n/e","182","630","24","n/e","n/e","n/e","n/e","n/e","n/e","n/e","n/e","n/e","n/e","n/e","33","52","24","34"
"BZN|DK2","23.03.2018 14:00 - 23.03.2018 15:00 (CET/CEST)","514","n/e","n/e","181","600","23","n/e","n/e","n/e","n/e","n/e","n/e","n/e","n/e","n/e","n/e","n/e","30","50","23","39"
"BZN|DK2","23.03.2018 15:00 - 23.03.2018 16:00 (CET/CEST)","513","n/e","n/e","172","591","21","n/e","n/e","n/e","n/e","n/e","n/e","n/e","n/e","n/e","n/e","n/e","23","50","27","41"
"BZN|DK2","23.03.2018 16:00 - 23.03.2018 17:00 (CET/CEST)","512","n/e","n/e","119","578","20","n/e","n/e","n/e","n/e","n/e","n/e","n/e","n/e","n/e","n/e","n/e","16","50","35","55"
"BZN|DK2","23.03.2018 17:00 - 23.03.2018 18:00 (CET/CEST)","511","n/e","n/e","118","593","20","n/e","n/e","n/e","n/e","n/e","n/e","n/e","n/e","n/e","n/e","n/e","9","50","57","64"
"BZN|DK2","23.03.2018 18:00 - 23.03.2018 19:00 (CET/CEST)","505","n/e","n/e","167","574","20","n/e","n/e","n/e","n/e","n/e","n/e","n/e","n/e","n/e","n/e","n/e","1","50","83","71"
"BZN|DK2","23.03.2018 19:00 - 23.03.2018 20:00 (CET/CEST)","523","n/e","n/e","98","577","19","n/e","n/e","n/e","n/e","n/e","n/e","n/e","n/e","n/e","n/e","n/e","0","50","87","86"
"BZN|DK2","23.03.2018 20:00 - 23.03.2018 21:00 (CET/CEST)","506","n/e","n/e","79","592","19","n/e","n/e","n/e","n/e","n/e","n/e","n/e","n/e","n/e","n/e","n/e","0","51","92","112"
"BZN|DK2","23.03.2018 21:00 - 23.03.2018 22:00 (CET/CEST)","514","n/e","n/e","76","559","19","n/e","n/e","n/e","n/e","n/e","n/e","n/e","n/e","n/e","n/e","n/e","0","50","91","113"
"BZN|DK2","23.03.2018 22:00 - 23.03.2018 23:00 (CET/CEST)","516","n/e","n/e","75","556","19","n/e","n/e","n/e","n/e","n/e","n/e","n/e","n/e","n/e","n/e","n/e","0","50","87","107"
"BZN|DK2","23.03.2018 23:00 - 24.03.2018 00:00 (CET/CEST)","512","n/e","n/e","76","561","19","n/e","n/e","n/e","n/e","n/e","n/e","n/e","n/e","n/e","n/e","n/e","0","50","79","105"
"BZN|DK2","24.03.2018 00:00 - 24.03.2018 01:00 (CET/CEST)","470","n/e","n/e","76","608","19","n/e","n/e","n/e","n/e","n/e","n/e","n/e","n/e","n/e","n/e","n/e","0","48","65","108"
"BZN|DK2","24.03.2018 01:00 - 24.03.2018 02:00 (CET/CEST)","467","n/e","n/e","72","586","18","n/e","n/e","n/e","n/e","n/e","n/e","n/e","n/e","n/e","n/e","n/e","0","45","62","94"
"BZN|DK2","24.03.2018 02:00 - 24.03.2018 03:00 (CET/CEST)","464","n/e","n/e","71","583","18","n/e","n/e","n/e","n/e","n/e","n/e","n/e","n/e","n/e","n/e","n/e","0","45","72","97"
"BZN|DK2","24.03.2018 03:00 - 24.03.2018 04:00 (CET/CEST)","472","n/e","n/e","71","578","18","n/e","n/e","n/e","n/e","n/e","n/e","n/e","n/e","n/e","n/e","n/e","0","45","75","87"
"BZN|DK2","24.03.2018 04:00 - 24.03.2018 05:00 (CET/CEST)","505","n/e","n/e","72","571","18","n/e","n/e","n/e","n/e","n/e","n/e","n/e","n/e","n/e","n/e","n/e","0","46","71","88"
"BZN|DK2","24.03.2018 05:00 - 24.03.2018 06:00 (CET/CEST)","509","n/e","n/e","72","568","18","n/e","n/e","n/e","n/e","n/e","n/e","n/e","n/e","n/e","n/e","n/e","0","45","68","77"
"BZN|DK2","24.03.2018 06:00 - 24.03.2018 07:00 (CET/CEST)","504","n/e","n/e","72","530","18","n/e","n/e","n/e","n/e","n/e","n/e","n/e","n/e","n/e","n/e","n/e","1","45","75","77"
"BZN|DK2","24.03.2018 07:00 - 24.03.2018 08:00 (CET/CEST)","513","n/e","n/e","73","537","18","n/e","n/e","n/e","n/e","n/e","n/e","n/e","n/e","n/e","n/e","n/e","7","46","82","77"
"BZN|DK2","24.03.2018 08:00 - 24.03.2018 09:00 (CET/CEST)","518","n/e","n/e","83","533","18","n/e","n/e","n/e","n/e","n/e","n/e","n/e","n/e","n/e","n/e","n/e","19","44","82","72"
"BZN|DK2","24.03.2018 09:00 - 24.03.2018 10:00 (CET/CEST)","504","n/e","n/e","132","574","19","n/e","n/e","n/e","n/e","n/e","n/e","n/e","n/e","n/e","n/e","n/e","31","46","68","69"
"BZN|DK2","24.03.2018 10:00 - 24.03.2018 11:00 (CET/CEST)","504","n/e","n/e","145","667","19","n/e","n/e","n/e","n/e","n/e","n/e","n/e","n/e","n/e","n/e","n/e","44","45","80","64"
"BZN|DK2","24.03.2018 11:00 - 24.03.2018 12:00 (CET/CEST)","506","n/e","n/e","145","564","20","n/e","n/e","n/e","n/e","n/e","n/e","n/e","n/e","n/e","n/e","n/e","54","45","66","67"
"BZN|DK2","24.03.2018 12:00 - 24.03.2018 13:00 (CET/CEST)","503","n/e","n/e","144","584","19","n/e","n/e","n/e","n/e","n/e","n/e","n/e","n/e","n/e","n/e","n/e","55","45","56","68"
"BZN|DK2","24.03.2018 13:00 - 24.03.2018 14:00 (CET/CEST)","512","n/e","n/e","143","541","19","n/e","n/e","n/e","n/e","n/e","n/e","n/e","n/e","n/e","n/e","n/e","55","46","46","61"
"BZN|DK2","24.03.2018 14:00 - 24.03.2018 15:00 (CET/CEST)","512","n/e","n/e","146","545","19","n/e","n/e","n/e","n/e","n/e","n/e","n/e","n/e","n/e","n/e","n/e","49","46","24","50"
"BZN|DK2","24.03.2018 15:00 - 24.03.2018 16:00 (CET/CEST)","496","n/e","n/e","150","573","20","n/e","n/e","n/e","n/e","n/e","n/e","n/e","n/e","n/e","n/e","n/e","38","46","14","38"
"BZN|DK2","24.03.2018 16:00 - 24.03.2018 17:00 (CET/CEST)","490","n/e","n/e","150","568","20","n/e","n/e","n/e","n/e","n/e","n/e","n/e","n/e","n/e","n/e","n/e","26","46","16","40"
"BZN|DK2","24.03.2018 17:00 - 24.03.2018 18:00 (CET/CEST)","493","n/e","n/e","152","584","22","n/e","n/e","n/e","n/e","n/e","n/e","n/e","n/e","n/e","n/e","n/e","11","48","7","34"
"BZN|DK2","24.03.2018 18:00 - 24.03.2018 19:00 (CET/CEST)","499","n/e","n/e","154","590","22","n/e","n/e","n/e","n/e","n/e","n/e","n/e","n/e","n/e","n/e","n/e","1","54","4","32"
"BZN|DK2","24.03.2018 19:00 - 24.03.2018 20:00 (CET/CEST)","483","n/e","n/e","154","591","22","n/e","n/e","n/e","n/e","n/e","n/e","n/e","n/e","n/e","n/e","n/e","0","54","3","28"
"BZN|DK2","24.03.2018 20:00 - 24.03.2018 21:00 (CET/CEST)","492","n/e","n/e","143","649","21","n/e","n/e","n/e","n/e","n/e","n/e","n/e","n/e","n/e","n/e","n/e","0","54","5","27"
"BZN|DK2","24.03.2018 21:00 - 24.03.2018 22:00 (CET/CEST)","489","n/e","n/e","139","647","20","n/e","n/e","n/e","n/e","n/e","n/e","n/e","n/e","n/e","n/e","n/e","0","53","23","22"
"BZN|DK2","24.03.2018 22:00 - 24.03.2018 23:00 (CET/CEST)","490","n/e","n/e","138","601","20","n/e","n/e","n/e","n/e","n/e","n/e","n/e","n/e","n/e","n/e","n/e","0","53","68","20"
"BZN|DK2","24.03.2018 23:00 - 25.03.2018 00:00 (CET/CEST)","445","n/e","n/e","86","601","19","n/e","n/e","n/e","n/e","n/e","n/e","n/e","n/e","n/e","n/e","n/e","0","53","76","32"
"BZN|DK2","25.03.2018 00:00 - 25.03.2018 01:00 (CET/CEST)","446","n/e","n/e","37","548","19","n/e","n/e","n/e","n/e","n/e","n/e","n/e","n/e","n/e","n/e","n/e","0","54","108","45"
"BZN|DK2","25.03.2018 01:00 - 25.03.2018 02:00 (CET/CEST)","429","n/e","n/e","25","542","17","n/e","n/e","n/e","n/e","n/e","n/e","n/e","n/e","n/e","n/e","n/e","0","53","85","50"
"BZN|DK2","25.03.2018 02:00 - 25.03.2018 03:00 (CET/CEST)","","","","","","","","","","","","","","","","","","","","",""
"BZN|DK2","25.03.2018 03:00 - 25.03.2018 04:00 (CET/CEST)","424","n/e","n/e","25","467","17","n/e","n/e","n/e","n/e","n/e","n/e","n/e","n/e","n/e","n/e","n/e","0","53","46","46"
"BZN|DK2","25.03.2018 04:00 - 25.03.2018 05:00 (CET/CEST)","421","n/e","n/e","25","476","16","n/e","n/e","n/e","n/e","n/e","n/e","n/e","n/e","n/e","n/e","n/e","0","53","24","39"
"BZN|DK2","25.03.2018 05:00 - 25.03.2018 06:00 (CET/CEST)","423","n/e","n/e","25","466","16","n/e","n/e","n/e","n/e","n/e","n/e","n/e","n/e","n/e","n/e","n/e","0","53","23","21"
"BZN|DK2","25.03.2018 06:00 - 25.03.2018 07:00 (CET/CEST)","428","n/e","n/e","26","478","17","n/e","n/e","n/e","n/e","n/e","n/e","n/e","n/e","n/e","n/e","n/e","0","54","20","13"
"BZN|DK2","25.03.2018 07:00 - 25.03.2018 08:00 (CET/CEST)","434","n/e","n/e","51","547","17","n/e","n/e","n/e","n/e","n/e","n/e","n/e","n/e","n/e","n/e","n/e","2","52","16","12"
"BZN|DK2","25.03.2018 08:00 - 25.03.2018 09:00 (CET/CEST)","435","n/e","n/e","73","551","18","n/e","n/e","n/e","n/e","n/e","n/e","n/e","n/e","n/e","n/e","n/e","13","48","2","11"
"BZN|DK2","25.03.2018 09:00 - 25.03.2018 10:00 (CET/CEST)","436","n/e","n/e","72","548","18","n/e","n/e","n/e","n/e","n/e","n/e","n/e","n/e","n/e","n/e","n/e","29","50","4","10"
"BZN|DK2","25.03.2018 10:00 - 25.03.2018 11:00 (CET/CEST)","527","n/e","n/e","71","549","18","n/e","n/e","n/e","n/e","n/e","n/e","n/e","n/e","n/e","n/e","n/e","44","51","20","10"
"BZN|DK2","25.03.2018 11:00 - 25.03.2018 12:00 (CET/CEST)","503","n/e","n/e","70","548","18","n/e","n/e","n/e","n/e","n/e","n/e","n/e","n/e","n/e","n/e","n/e","55","51","13","11"
"BZN|DK2","25.03.2018 12:00 - 25.03.2018 13:00 (CET/CEST)","484","n/e","n/e","72","564","17","n/e","n/e","n/e","n/e","n/e","n/e","n/e","n/e","n/e","n/e","n/e","66","50","12","12"
"BZN|DK2","25.03.2018 13:00 - 25.03.2018 14:00 (CET/CEST)","463","n/e","n/e","72","576","18","n/e","n/e","n/e","n/e","n/e","n/e","n/e","n/e","n/e","n/e","n/e","71","52","13","15"
"BZN|DK2","25.03.2018 14:00 - 25.03.2018 15:00 (CET/CEST)","435","n/e","n/e","72","581","18","n/e","n/e","n/e","n/e","n/e","n/e","n/e","n/e","n/e","n/e","n/e","71","51","6","15"
"BZN|DK2","25.03.2018 15:00 - 25.03.2018 16:00 (CET/CEST)","426","n/e","n/e","73","555","18","n/e","n/e","n/e","n/e","n/e","n/e","n/e","n/e","n/e","n/e","n/e","59","50","4","15"
"BZN|DK2","25.03.2018 16:00 - 25.03.2018 17:00 (CET/CEST)","428","n/e","n/e","72","517","18","n/e","n/e","n/e","n/e","n/e","n/e","n/e","n/e","n/e","n/e","n/e","40","52","6","12"
"BZN|DK2","25.03.2018 17:00 - 25.03.2018 18:00 (CET/CEST)","430","n/e","n/e","72","555","18","n/e","n/e","n/e","n/e","n/e","n/e","n/e","n/e","n/e","n/e","n/e","20","49","6","14"
"BZN|DK2","25.03.2018 18:00 - 25.03.2018 19:00 (CET/CEST)","427","n/e","n/e","71","570","17","n/e","n/e","n/e","n/e","n/e","n/e","n/e","n/e","n/e","n/e","n/e","6","53","8","12"
"BZN|DK2","25.03.2018 19:00 - 25.03.2018 20:00 (CET/CEST)","455","n/e","n/e","70","589","18","n/e","n/e","n/e","n/e","n/e","n/e","n/e","n/e","n/e","n/e","n/e","0","51","6","12"
"BZN|DK2","25.03.2018 20:00 - 25.03.2018 21:00 (CET/CEST)","466","n/e","n/e","70","606","17","n/e","n/e","n/e","n/e","n/e","n/e","n/e","n/e","n/e","n/e","n/e","0","51","4","20"
"BZN|DK2","25.03.2018 21:00 - 25.03.2018 22:00 (CET/CEST)","442","n/e","n/e","70","588","17","n/e","n/e","n/e","n/e","n/e","n/e","n/e","n/e","n/e","n/e","n/e","0","50","9","27"
"BZN|DK2","25.03.2018 22:00 - 25.03.2018 23:00 (CET/CEST)","464","n/e","n/e","69","557","17","n/e","n/e","n/e","n/e","n/e","n/e","n/e","n/e","n/e","n/e","n/e","0","51","22","31"
"BZN|DK2","25.03.2018 23:00 - 26.03.2018 00:00 (CET/CEST)","477","n/e","n/e","68","578","17","n/e","n/e","n/e","n/e","n/e","n/e","n/e","n/e","n/e","n/e","n/e","0","52","29","42"
"BZN|DK2","26.03.2018 00:00 - 26.03.2018 01:00 (CET/CEST)","376","n/e","n/e","67","554","16","n/e","n/e","n/e","n/e","n/e","n/e","n/e","n/e","n/e","n/e","n/e","0","46","39","35"
"BZN|DK2","26.03.2018 01:00 - 26.03.2018 02:00 (CET/CEST)","289","n/e","n/e","68","526","16","n/e","n/e","n/e","n/e","n/e","n/e","n/e","n/e","n/e","n/e","n/e","0","46","37","48"
"BZN|DK2","26.03.2018 02:00 - 26.03.2018 03:00 (CET/CEST)","323","n/e","n/e","68","472","17","n/e","n/e","n/e","n/e","n/e","n/e","n/e","n/e","n/e","n/e","n/e","0","46","69","47"
"BZN|DK2","26.03.2018 03:00 - 26.03.2018 04:00 (CET/CEST)","410","n/e","n/e","68","456","17","n/e","n/e","n/e","n/e","n/e","n/e","n/e","n/e","n/e","n/e","n/e","0","46","55","43"
"BZN|DK2","26.03.2018 04:00 - 26.03.2018 05:00 (CET/CEST)","409","n/e","n/e","68","458","17","n/e","n/e","n/e","n/e","n/e","n/e","n/e","n/e","n/e","n/e","n/e","0","46","66","50"
"BZN|DK2","26.03.2018 05:00 - 26.03.2018 06:00 (CET/CEST)","410","n/e","n/e","68","507","17","n/e","n/e","n/e","n/e","n/e","n/e","n/e","n/e","n/e","n/e","n/e","0","47","44","49"
"BZN|DK2","26.03.2018 06:00 - 26.03.2018 07:00 (CET/CEST)","446","n/e","n/e","73","651","20","n/e","n/e","n/e","n/e","n/e","n/e","n/e","n/e","n/e","n/e","n/e","0","53","56","37"
"BZN|DK2","26.03.2018 07:00 - 26.03.2018 08:00 (CET/CEST)","485","n/e","n/e","117","636","24","n/e","n/e","n/e","n/e","n/e","n/e","n/e","n/e","n/e","n/e","n/e","1","54","64","36"
"BZN|DK2","26.03.2018 08:00 - 26.03.2018 09:00 (CET/CEST)","576","n/e","n/e","188","679","24","n/e","n/e","n/e","n/e","n/e","n/e","n/e","n/e","n/e","n/e","n/e","10","54","53","37"
"BZN|DK2","26.03.2018 09:00 - 26.03.2018 10:00 (CET/CEST)","627","n/e","n/e","223","688","25","n/e","n/e","n/e","n/e","n/e","n/e","n/e","n/e","n/e","n/e","n/e","31","52","55","25"
"BZN|DK2","26.03.2018 10:00 - 26.03.2018 11:00 (CET/CEST)","600","n/e","n/e","221","688","24","n/e","n/e","n/e","n/e","n/e","n/e","n/e","n/e","n/e","n/e","n/e","57","52","40","19"
"BZN|DK2","26.03.2018 11:00 - 26.03.2018 12:00 (CET/CEST)","566","n/e","n/e","230","692","26","n/e","n/e","n/e","n/e","n/e","n/e","n/e","n/e","n/e","n/e","n/e","85","53","26","20"
"BZN|DK2","26.03.2018 12:00 - 26.03.2018 13:00 (CET/CEST)","577","n/e","n/e","209","698","27","n/e","n/e","n/e","n/e","n/e","n/e","n/e","n/e","n/e","n/e","n/e","104","53","14","18"
"BZN|DK2","26.03.2018 13:00 - 26.03.2018 14:00 (CET/CEST)","627","n/e","n/e","183","649","25","n/e","n/e","n/e","n/e","n/e","n/e","n/e","n/e","n/e","n/e","n/e","98","52","21","30"
"BZN|DK2","26.03.2018 14:00 - 26.03.2018 15:00 (CET/CEST)","614","n/e","n/e","160","712","23","n/e","n/e","n/e","n/e","n/e","n/e","n/e","n/e","n/e","n/e","n/e","78","51","30","30"
"BZN|DK2","26.03.2018 15:00 - 26.03.2018 16:00 (CET/CEST)","561","n/e","n/e","155","734","23","n/e","n/e","n/e","n/e","n/e","n/e","n/e","n/e","n/e","n/e","n/e","60","51","31","29"
"BZN|DK2","26.03.2018 16:00 - 26.03.2018 17:00 (CET/CEST)","528","n/e","n/e","151","762","23","n/e","n/e","n/e","n/e","n/e","n/e","n/e","n/e","n/e","n/e","n/e","44","49","12","25"
"BZN|DK2","26.03.2018 17:00 - 26.03.2018 18:00 (CET/CEST)","489","n/e","n/e","152","783","23","n/e","n/e","n/e","n/e","n/e","n/e","n/e","n/e","n/e","n/e","n/e","26","48","2","25"
"BZN|DK2","26.03.2018 18:00 - 26.03.2018 19:00 (CET/CEST)","487","n/e","n/e","152","814","24","n/e","n/e","n/e","n/e","n/e","n/e","n/e","n/e","n/e","n/e","n/e","13","47","16","27"
"BZN|DK2","26.03.2018 19:00 - 26.03.2018 20:00 (CET/CEST)","488","n/e","n/e","167","819","23","n/e","n/e","n/e","n/e","n/e","n/e","n/e","n/e","n/e","n/e","n/e","1","47","29","31"
"BZN|DK2","26.03.2018 20:00 - 26.03.2018 21:00 (CET/CEST)","488","n/e","n/e","127","796","21","n/e","n/e","n/e","n/e","n/e","n/e","n/e","n/e","n/e","n/e","n/e","0","47","37","33"
"BZN|DK2","26.03.2018 21:00 - 26.03.2018 22:00 (CET/CEST)","491","n/e","n/e","107","793","19","n/e","n/e","n/e","n/e","n/e","n/e","n/e","n/e","n/e","n/e","n/e","0","44","53","27"
"BZN|DK2","26.03.2018 22:00 - 26.03.2018 23:00 (CET/CEST)","487","n/e","n/e","91","770","20","n/e","n/e","n/e","n/e","n/e","n/e","n/e","n/e","n/e","n/e","n/e","0","45","46","33"
"BZN|DK2","26.03.2018 23:00 - 27.03.2018 00:00 (CET/CEST)","466","n/e","n/e","91","764","19","n/e","n/e","n/e","n/e","n/e","n/e","n/e","n/e","n/e","n/e","n/e","0","45","58","42"
"BZN|DK2","27.03.2018 00:00 - 27.03.2018 01:00 (CET/CEST)","475","n/e","n/e","89","776","13","n/e","n/e","n/e","n/e","n/e","n/e","n/e","n/e","n/e","n/e","n/e","0","42","66","52"
"BZN|DK2","27.03.2018 01:00 - 27.03.2018 02:00 (CET/CEST)","471","n/e","n/e","91","739","9","n/e","n/e","n/e","n/e","n/e","n/e","n/e","n/e","n/e","n/e","n/e","0","42","72","52"
"BZN|DK2","27.03.2018 02:00 - 27.03.2018 03:00 (CET/CEST)","485","n/e","n/e","89","742","9","n/e","n/e","n/e","n/e","n/e","n/e","n/e","n/e","n/e","n/e","n/e","0","42","49","46"
"BZN|DK2","27.03.2018 03:00 - 27.03.2018 04:00 (CET/CEST)","507","n/e","n/e","87","705","9","n/e","n/e","n/e","n/e","n/e","n/e","n/e","n/e","n/e","n/e","n/e","0","42","57","47"
"BZN|DK2","27.03.2018 04:00 - 27.03.2018 05:00 (CET/CEST)","502","n/e","n/e","88","750","9","n/e","n/e","n/e","n/e","n/e","n/e","n/e","n/e","n/e","n/e","n/e","0","41","44","40"
"BZN|DK2","27.03.2018 05:00 - 27.03.2018 06:00 (CET/CEST)","504","n/e","n/e","88","767","9","n/e","n/e","n/e","n/e","n/e","n/e","n/e","n/e","n/e","n/e","n/e","0","42","34","32"
"BZN|DK2","27.03.2018 06:00 - 27.03.2018 07:00 (CET/CEST)","515","n/e","n/e","141","770","11","n/e","n/e","n/e","n/e","n/e","n/e","n/e","n/e","n/e","n/e","n/e","0","47","32","22"
"BZN|DK2","27.03.2018 07:00 - 27.03.2018 08:00 (CET/CEST)","610","n/e","n/e","213","884","20","n/e","n/e","n/e","n/e","n/e","n/e","n/e","n/e","n/e","n/e","n/e","1","48","24","16"
"BZN|DK2","27.03.2018 08:00 - 27.03.2018 09:00 (CET/CEST)","617","n/e","n/e","252","915","76","n/e","n/e","n/e","n/e","n/e","n/e","n/e","n/e","n/e","n/e","n/e","9","48","9","15"
"BZN|DK2","27.03.2018 09:00 - 27.03.2018 10:00 (CET/CEST)","618","n/e","n/e","244","932","27","n/e","n/e","n/e","n/e","n/e","n/e","n/e","n/e","n/e","n/e","n/e","21","48","3","16"
"BZN|DK2","27.03.2018 10:00 - 27.03.2018 11:00 (CET/CEST)","613","n/e","n/e","250","814","26","n/e","n/e","n/e","n/e","n/e","n/e","n/e","n/e","n/e","n/e","n/e","38","48","2","21"
"BZN|DK2","27.03.2018 11:00 - 27.03.2018 12:00 (CET/CEST)","609","n/e","n/e","221","763","23","n/e","n/e","n/e","n/e","n/e","n/e","n/e","n/e","n/e","n/e","n/e","64","44","7","18"
"BZN|DK2","27.03.2018 12:00 - 27.03.2018 13:00 (CET/CEST)","608","n/e","n/e","196","687","24","n/e","n/e","n/e","n/e","n/e","n/e","n/e","n/e","n/e","n/e","n/e","73","44","3","15"
"BZN|DK2","27.03.2018 13:00 - 27.03.2018 14:00 (CET/CEST)","608","n/e","n/e","167","649","23","n/e","n/e","n/e","n/e","n/e","n/e","n/e","n/e","n/e","n/e","n/e","75","45","0","14"
"BZN|DK2","27.03.2018 14:00 - 27.03.2018 15:00 (CET/CEST)","606","n/e","n/e","178","383","24","n/e","n/e","n/e","n/e","n/e","n/e","n/e","n/e","n/e","n/e","n/e","66","44","0","13"
"BZN|DK2","27.03.2018 15:00 - 27.03.2018 16:00 (CET/CEST)","599","n/e","n/e","174","384","26","n/e","n/e","n/e","n/e","n/e","n/e","n/e","n/e","n/e","n/e","n/e","55","37","0","12"
"BZN|DK2","27.03.2018 16:00 - 27.03.2018 17:00 (CET/CEST)","564","n/e","n/e","171","405","25","n/e","n/e","n/e","n/e","n/e","n/e","n/e","n/e","n/e","n/e","n/e","39","37","0","15"
"BZN|DK2","27.03.2018 17:00 - 27.03.2018 18:00 (CET/CEST)","556","n/e","n/e","169","428","24","n/e","n/e","n/e","n/e","n/e","n/e","n/e","n/e","n/e","n/e","n/e","21","39","0","22"
"BZN|DK2","27.03.2018 18:00 - 27.03.2018 19:00 (CET/CEST)","562","n/e","n/e","166","423","23","n/e","n/e","n/e","n/e","n/e","n/e","n/e","n/e","n/e","n/e","n/e","7","39","0","37"
"BZN|DK2","27.03.2018 19:00 - 27.03.2018 20:00 (CET/CEST)","611","n/e","n/e","165","429","23","n/e","n/e","n/e","n/e","n/e","n/e","n/e","n/e","n/e","n/e","n/e","0","40","9","58"
"BZN|DK2","27.03.2018 20:00 - 27.03.2018 21:00 (CET/CEST)","565","n/e","n/e","144","430","23","n/e","n/e","n/e","n/e","n/e","n/e","n/e","n/e","n/e","n/e","n/e","0","40","33","81"
"BZN|DK2","27.03.2018 21:00 - 27.03.2018 22:00 (CET/CEST)","480","n/e","n/e","94","429","22","n/e","n/e","n/e","n/e","n/e","n/e","n/e","n/e","n/e","n/e","n/e","0","35","51","126"
"BZN|DK2","27.03.2018 22:00 - 27.03.2018 23:00 (CET/CEST)","482","n/e","n/e","94","395","22","n/e","n/e","n/e","n/e","n/e","n/e","n/e","n/e","n/e","n/e","n/e","0","34","53","165"
"BZN|DK2","27.03.2018 23:00 - 28.03.2018 00:00 (CET/CEST)","485","n/e","n/e","94","377","22","n/e","n/e","n/e","n/e","n/e","n/e","n/e","n/e","n/e","n/e","n/e","0","34","52","210"
"BZN|DK2","28.03.2018 00:00 - 28.03.2018 01:00 (CET/CEST)","471","n/e","n/e","94","360","22","n/e","n/e","n/e","n/e","n/e","n/e","n/e","n/e","n/e","n/e","n/e","0","33","86","246"
"BZN|DK2","28.03.2018 01:00 - 28.03.2018 02:00 (CET/CEST)","477","n/e","n/e","93","354","22","n/e","n/e","n/e","n/e","n/e","n/e","n/e","n/e","n/e","n/e","n/e","0","33","144","315"
"BZN|DK2","28.03.2018 02:00 - 28.03.2018 03:00 (CET/CEST)","473","n/e","n/e","89","332","21","n/e","n/e","n/e","n/e","n/e","n/e","n/e","n/e","n/e","n/e","n/e","0","44","223","396"
"BZN|DK2","28.03.2018 03:00 - 28.03.2018 04:00 (CET/CEST)","480","n/e","n/e","89","325","21","n/e","n/e","n/e","n/e","n/e","n/e","n/e","n/e","n/e","n/e","n/e","0","43","254","433"
"BZN|DK2","28.03.2018 04:00 - 28.03.2018 05:00 (CET/CEST)","477","n/e","n/e","89","327","21","n/e","n/e","n/e","n/e","n/e","n/e","n/e","n/e","n/e","n/e","n/e","0","43","297","447"
"BZN|DK2","28.03.2018 05:00 - 28.03.2018 06:00 (CET/CEST)","518","n/e","n/e","99","316","21","n/e","n/e","n/e","n/e","n/e","n/e","n/e","n/e","n/e","n/e","n/e","0","44","317","440"
"BZN|DK2","28.03.2018 06:00 - 28.03.2018 07:00 (CET/CEST)","604","n/e","n/e","101","284","21","n/e","n/e","n/e","n/e","n/e","n/e","n/e","n/e","n/e","n/e","n/e","0","49","330","453"
"BZN|DK2","28.03.2018 07:00 - 28.03.2018 08:00 (CET/CEST)","608","n/e","n/e","140","337","21","n/e","n/e","n/e","n/e","n/e","n/e","n/e","n/e","n/e","n/e","n/e","3","49","305","471"
"BZN|DK2","28.03.2018 08:00 - 28.03.2018 09:00 (CET/CEST)","617","n/e","n/e","180","368","22","n/e","n/e","n/e","n/e","n/e","n/e","n/e","n/e","n/e","n/e","n/e","15","46","278","465"
"BZN|DK2","28.03.2018 09:00 - 28.03.2018 10:00 (CET/CEST)","585","n/e","n/e","182","405","24","n/e","n/e","n/e","n/e","n/e","n/e","n/e","n/e","n/e","n/e","n/e","34","47","329","463"
"BZN|DK2","28.03.2018 10:00 - 28.03.2018 11:00 (CET/CEST)","543","n/e","n/e","175","424","27","n/e","n/e","n/e","n/e","n/e","n/e","n/e","n/e","n/e","n/e","n/e","45","48","342","472"
"BZN|DK2","28.03.2018 11:00 - 28.03.2018 12:00 (CET/CEST)","550","n/e","n/e","176","424","27","n/e","n/e","n/e","n/e","n/e","n/e","n/e","n/e","n/e","n/e","n/e","54","42","336","496"
"BZN|DK2","28.03.2018 12:00 - 28.03.2018 13:00 (CET/CEST)","540","n/e","n/e","180","406","26","n/e","n/e","n/e","n/e","n/e","n/e","n/e","n/e","n/e","n/e","n/e","67","41","340","512"
"BZN|DK2","28.03.2018 13:00 - 28.03.2018 14:00 (CET/CEST)","544","n/e","n/e","179","390","21","n/e","n/e","n/e","n/e","n/e","n/e","n/e","n/e","n/e","n/e","n/e","70","40","352","536"
"BZN|DK2","28.03.2018 14:00 - 28.03.2018 15:00 (CET/CEST)","543","n/e","n/e","178","364","21","n/e","n/e","n/e","n/e","n/e","n/e","n/e","n/e","n/e","n/e","n/e","70","39","346","554"
"BZN|DK2","28.03.2018 15:00 - 28.03.2018 16:00 (CET/CEST)","544","n/e","n/e","174","384","20","n/e","n/e","n/e","n/e","n/e","n/e","n/e","n/e","n/e","n/e","n/e","69","39","362","566"
"BZN|DK2","28.03.2018 16:00 - 28.03.2018 17:00 (CET/CEST)","535","n/e","n/e","176","372","20","n/e","n/e","n/e","n/e","n/e","n/e","n/e","n/e","n/e","n/e","n/e","58","39","368","555"
"BZN|DK2","28.03.2018 17:00 - 28.03.2018 18:00 (CET/CEST)","524","n/e","n/e","176","375","20","n/e","n/e","n/e","n/e","n/e","n/e","n/e","n/e","n/e","n/e","n/e","41","39","370","557"
"BZN|DK2","28.03.2018 18:00 - 28.03.2018 19:00 (CET/CEST)","547","n/e","n/e","173","365","19","n/e","n/e","n/e","n/e","n/e","n/e","n/e","n/e","n/e","n/e","n/e","18","39","370","563"
"BZN|DK2","28.03.2018 19:00 - 28.03.2018 20:00 (CET/CEST)","544","n/e","n/e","157","368","18","n/e","n/e","n/e","n/e","n/e","n/e","n/e","n/e","n/e","n/e","n/e","2","39","370","562"
"BZN|DK2","28.03.2018 20:00 - 28.03.2018 21:00 (CET/CEST)","540","n/e","n/e","94","383","18","n/e","n/e","n/e","n/e","n/e","n/e","n/e","n/e","n/e","n/e","n/e","0","39","370","545"
"BZN|DK2","28.03.2018 21:00 - 28.03.2018 22:00 (CET/CEST)","471","n/e","n/e","98","385","19","n/e","n/e","n/e","n/e","n/e","n/e","n/e","n/e","n/e","n/e","n/e","0","39","368","551"
"BZN|DK2","28.03.2018 22:00 - 28.03.2018 23:00 (CET/CEST)","477","n/e","n/e","98","364","19","n/e","n/e","n/e","n/e","n/e","n/e","n/e","n/e","n/e","n/e","n/e","0","39","368","547"
"BZN|DK2","28.03.2018 23:00 - 29.03.2018 00:00 (CET/CEST)","490","n/e","n/e","97","296","19","n/e","n/e","n/e","n/e","n/e","n/e","n/e","n/e","n/e","n/e","n/e","0","39","366","539"
"BZN|DK2","29.03.2018 00:00 - 29.03.2018 01:00 (CET/CEST)","544","n/e","n/e","55","268","19","n/e","n/e","n/e","n/e","n/e","n/e","n/e","n/e","n/e","n/e","n/e","0","39","357","516"
"BZN|DK2","29.03.2018 01:00 - 29.03.2018 02:00 (CET/CEST)","543","n/e","n/e","44","335","19","n/e","n/e","n/e","n/e","n/e","n/e","n/e","n/e","n/e","n/e","n/e","0","38","364","499"
"BZN|DK2","29.03.2018 02:00 - 29.03.2018 03:00 (CET/CEST)","541","n/e","n/e","45","362","19","n/e","n/e","n/e","n/e","n/e","n/e","n/e","n/e","n/e","n/e","n/e","0","37","365","508"
"BZN|DK2","29.03.2018 03:00 - 29.03.2018 04:00 (CET/CEST)","542","n/e","n/e","45","362","19","n/e","n/e","n/e","n/e","n/e","n/e","n/e","n/e","n/e","n/e","n/e","0","37","366","520"
"BZN|DK2","29.03.2018 04:00 - 29.03.2018 05:00 (CET/CEST)","536","n/e","n/e","45","304","19","n/e","n/e","n/e","n/e","n/e","n/e","n/e","n/e","n/e","n/e","n/e","0","37","365","508"
"BZN|DK2","29.03.2018 05:00 - 29.03.2018 06:00 (CET/CEST)","533","n/e","n/e","70","325","19","n/e","n/e","n/e","n/e","n/e","n/e","n/e","n/e","n/e","n/e","n/e","0","37","359","508"
"BZN|DK2","29.03.2018 06:00 - 29.03.2018 07:00 (CET/CEST)","535","n/e","n/e","100","408","20","n/e","n/e","n/e","n/e","n/e","n/e","n/e","n/e","n/e","n/e","n/e","0","37","356","499"
"BZN|DK2","29.03.2018 07:00 - 29.03.2018 08:00 (CET/CEST)","542","n/e","n/e","140","423","22","n/e","n/e","n/e","n/e","n/e","n/e","n/e","n/e","n/e","n/e","n/e","3","38","359","495"
"BZN|DK2","29.03.2018 08:00 - 29.03.2018 09:00 (CET/CEST)","542","n/e","n/e","173","410","22","n/e","n/e","n/e","n/e","n/e","n/e","n/e","n/e","n/e","n/e","n/e","12","39","353","474"
"BZN|DK2","29.03.2018 09:00 - 29.03.2018 10:00 (CET/CEST)","543","n/e","n/e","181","399","23","n/e","n/e","n/e","n/e","n/e","n/e","n/e","n/e","n/e","n/e","n/e","21","39","334","464"
"BZN|DK2","29.03.2018 10:00 - 29.03.2018 11:00 (CET/CEST)","540","n/e","n/e","182","398","23","n/e","n/e","n/e","n/e","n/e","n/e","n/e","n/e","n/e","n/e","n/e","23","39","332","434"
"BZN|DK2","29.03.2018 11:00 - 29.03.2018 12:00 (CET/CEST)","540","n/e","n/e","181","404","23","n/e","n/e","n/e","n/e","n/e","n/e","n/e","n/e","n/e","n/e","n/e","33","39","283","372"
"BZN|DK2","29.03.2018 12:00 - 29.03.2018 13:00 (CET/CEST)","540","n/e","n/e","183","379","23","n/e","n/e","n/e","n/e","n/e","n/e","n/e","n/e","n/e","n/e","n/e","38","38","172","338"
"BZN|DK2","29.03.2018 13:00 - 29.03.2018 14:00 (CET/CEST)","542","n/e","n/e","175","392","23","n/e","n/e","n/e","n/e","n/e","n/e","n/e","n/e","n/e","n/e","n/e","36","40","81","326"
"BZN|DK2","29.03.2018 14:00 - 29.03.2018 15:00 (CET/CEST)","543","n/e","n/e","173","377","23","n/e","n/e","n/e","n/e","n/e","n/e","n/e","n/e","n/e","n/e","n/e","33","40","48","303"
"BZN|DK2","29.03.2018 15:00 - 29.03.2018 16:00 (CET/CEST)","543","n/e","n/e","174","383","24","n/e","n/e","n/e","n/e","n/e","n/e","n/e","n/e","n/e","n/e","n/e","30","40","51","284"
"BZN|DK2","29.03.2018 16:00 - 29.03.2018 17:00 (CET/CEST)","544","n/e","n/e","175","380","24","n/e","n/e","n/e","n/e","n/e","n/e","n/e","n/e","n/e","n/e","n/e","19","39","65","268"
"BZN|DK2","29.03.2018 17:00 - 29.03.2018 18:00 (CET/CEST)","543","n/e","n/e","176","360","24","n/e","n/e","n/e","n/e","n/e","n/e","n/e","n/e","n/e","n/e","n/e","9","40","99","237"
"BZN|DK2","29.03.2018 18:00 - 29.03.2018 19:00 (CET/CEST)","542","n/e","n/e","175","358","24","n/e","n/e","n/e","n/e","n/e","n/e","n/e","n/e","n/e","n/e","n/e","4","39","123","215"
"BZN|DK2","29.03.2018 19:00 - 29.03.2018 20:00 (CET/CEST)","541","n/e","n/e","161","353","23","n/e","n/e","n/e","n/e","n/e","n/e","n/e","n/e","n/e","n/e","n/e","1","39","100","197"
"BZN|DK2","29.03.2018 20:00 - 29.03.2018 21:00 (CET/CEST)","540","n/e","n/e","160","389","23","n/e","n/e","n/e","n/e","n/e","n/e","n/e","n/e","n/e","n/e","n/e","0","39","105","206"
"BZN|DK2","29.03.2018 21:00 - 29.03.2018 22:00 (CET/CEST)","541","n/e","n/e","156","352","22","n/e","n/e","n/e","n/e","n/e","n/e","n/e","n/e","n/e","n/e","n/e","0","39","82","204"
"BZN|DK2","29.03.2018 22:00 - 29.03.2018 23:00 (CET/CEST)","541","n/e","n/e","155","355","22","n/e","n/e","n/e","n/e","n/e","n/e","n/e","n/e","n/e","n/e","n/e","0","39","75","169"
"BZN|DK2","29.03.2018 23:00 - 30.03.2018 00:00 (CET/CEST)","542","n/e","n/e","155","355","22","n/e","n/e","n/e","n/e","n/e","n/e","n/e","n/e","n/e","n/e","n/e","0","39","68","127"
"BZN|DK2","30.03.2018 00:00 - 30.03.2018 01:00 (CET/CEST)","542","n/e","n/e","154","417","22","n/e","n/e","n/e","n/e","n/e","n/e","n/e","n/e","n/e","n/e","n/e","0","39","47","114"
"BZN|DK2","30.03.2018 01:00 - 30.03.2018 02:00 (CET/CEST)","538","n/e","n/e","154","419","22","n/e","n/e","n/e","n/e","n/e","n/e","n/e","n/e","n/e","n/e","n/e","0","39","30","92"
"BZN|DK2","30.03.2018 02:00 - 30.03.2018 03:00 (CET/CEST)","540","n/e","n/e","158","424","22","n/e","n/e","n/e","n/e","n/e","n/e","n/e","n/e","n/e","n/e","n/e","0","39","36","64"
"BZN|DK2","30.03.2018 03:00 - 30.03.2018 04:00 (CET/CEST)","544","n/e","n/e","160","421","22","n/e","n/e","n/e","n/e","n/e","n/e","n/e","n/e","n/e","n/e","n/e","0","39","26","58"
"BZN|DK2","30.03.2018 04:00 - 30.03.2018 05:00 (CET/CEST)","541","n/e","n/e","160","420","22","n/e","n/e","n/e","n/e","n/e","n/e","n/e","n/e","n/e","n/e","n/e","0","39","9","57"
"BZN|DK2","30.03.2018 05:00 - 30.03.2018 06:00 (CET/CEST)","543","n/e","n/e","160","430","22","n/e","n/e","n/e","n/e","n/e","n/e","n/e","n/e","n/e","n/e","n/e","0","39","4","50"
"BZN|DK2","30.03.2018 06:00 - 30.03.2018 07:00 (CET/CEST)","543","n/e","n/e","157","430","22","n/e","n/e","n/e","n/e","n/e","n/e","n/e","n/e","n/e","n/e","n/e","0","40","1","38"
"BZN|DK2","30.03.2018 07:00 - 30.03.2018 08:00 (CET/CEST)","540","n/e","n/e","164","432","23","n/e","n/e","n/e","n/e","n/e","n/e","n/e","n/e","n/e","n/e","n/e","6","40","1","32"
"BZN|DK2","30.03.2018 08:00 - 30.03.2018 09:00 (CET/CEST)","540","n/e","n/e","167","431","23","n/e","n/e","n/e","n/e","n/e","n/e","n/e","n/e","n/e","n/e","n/e","31","40","1","28"
"BZN|DK2","30.03.2018 09:00 - 30.03.2018 10:00 (CET/CEST)","542","n/e","n/e","169","416","24","n/e","n/e","n/e","n/e","n/e","n/e","n/e","n/e","n/e","n/e","n/e","72","40","1","27"
"BZN|DK2","30.03.2018 10:00 - 30.03.2018 11:00 (CET/CEST)","542","n/e","n/e","173","435","25","n/e","n/e","n/e","n/e","n/e","n/e","n/e","n/e","n/e","n/e","n/e","114","40","0","17"
"BZN|DK2","30.03.2018 11:00 - 30.03.2018 12:00 (CET/CEST)","541","n/e","n/e","177","446","27","n/e","n/e","n/e","n/e","n/e","n/e","n/e","n/e","n/e","n/e","n/e","135","41","0","12"
"BZN|DK2","30.03.2018 12:00 - 30.03.2018 13:00 (CET/CEST)","540","n/e","n/e","176","395","26","n/e","n/e","n/e","n/e","n/e","n/e","n/e","n/e","n/e","n/e","n/e","148","40","0","11"
"BZN|DK2","30.03.2018 13:00 - 30.03.2018 14:00 (CET/CEST)","542","n/e","n/e","174","392","26","n/e","n/e","n/e","n/e","n/e","n/e","n/e","n/e","n/e","n/e","n/e","154","41","1","14"
"BZN|DK2","30.03.2018 14:00 - 30.03.2018 15:00 (CET/CEST)","542","n/e","n/e","177","412","26","n/e","n/e","n/e","n/e","n/e","n/e","n/e","n/e","n/e","n/e","n/e","157","41","17","26"
"BZN|DK2","30.03.2018 15:00 - 30.03.2018 16:00 (CET/CEST)","516","n/e","n/e","173","431","26","n/e","n/e","n/e","n/e","n/e","n/e","n/e","n/e","n/e","n/e","n/e","139","40","40","42"
"BZN|DK2","30.03.2018 16:00 - 30.03.2018 17:00 (CET/CEST)","491","n/e","n/e","169","446","25","n/e","n/e","n/e","n/e","n/e","n/e","n/e","n/e","n/e","n/e","n/e","111","41","69","64"
"BZN|DK2","30.03.2018 17:00 - 30.03.2018 18:00 (CET/CEST)","455","n/e","n/e","167","403","25","n/e","n/e","n/e","n/e","n/e","n/e","n/e","n/e","n/e","n/e","n/e","62","49","123","102"
"BZN|DK2","30.03.2018 18:00 - 30.03.2018 19:00 (CET/CEST)","452","n/e","n/e","163","395","24","n/e","n/e","n/e","n/e","n/e","n/e","n/e","n/e","n/e","n/e","n/e","28","49","175","137"
"BZN|DK2","30.03.2018 19:00 - 30.03.2018 20:00 (CET/CEST)","453","n/e","n/e","159","392","23","n/e","n/e","n/e","n/e","n/e","n/e","n/e","n/e","n/e","n/e","n/e","4","48","254","133"
"BZN|DK2","30.03.2018 20:00 - 30.03.2018 21:00 (CET/CEST)","455","n/e","n/e","117","438","23","n/e","n/e","n/e","n/e","n/e","n/e","n/e","n/e","n/e","n/e","n/e","0","47","291","158"
"BZN|DK2","30.03.2018 21:00 - 30.03.2018 22:00 (CET/CEST)","454","n/e","n/e","101","448","22","n/e","n/e","n/e","n/e","n/e","n/e","n/e","n/e","n/e","n/e","n/e","0","48","318","189"
"BZN|DK2","30.03.2018 22:00 - 30.03.2018 23:00 (CET/CEST)","457","n/e","n/e","100","420","22","n/e","n/e","n/e","n/e","n/e","n/e","n/e","n/e","n/e","n/e","n/e","0","47","330","207"
"BZN|DK2","30.03.2018 23:00 - 31.03.2018 00:00 (CET/CEST)","492","n/e","n/e","98","413","22","n/e","n/e","n/e","n/e","n/e","n/e","n/e","n/e","n/e","n/e","n/e","0","47","329","207"
"BZN|DK2","31.03.2018 00:00 - 31.03.2018 01:00 (CET/CEST)","513","n/e","n/e","99","415","18","n/e","n/e","n/e","n/e","n/e","n/e","n/e","n/e","n/e","n/e","n/e","0","39","333","217"
"BZN|DK2","31.03.2018 01:00 - 31.03.2018 02:00 (CET/CEST)","473","n/e","n/e","100","358","12","n/e","n/e","n/e","n/e","n/e","n/e","n/e","n/e","n/e","n/e","n/e","0","39","332","219"
"BZN|DK2","31.03.2018 02:00 - 31.03.2018 03:00 (CET/CEST)","468","n/e","n/e","99","319","11","n/e","n/e","n/e","n/e","n/e","n/e","n/e","n/e","n/e","n/e","n/e","0","39","339","247"
"BZN|DK2","31.03.2018 03:00 - 31.03.2018 04:00 (CET/CEST)","465","n/e","n/e","99","316","11","n/e","n/e","n/e","n/e","n/e","n/e","n/e","n/e","n/e","n/e","n/e","0","39","345","262"
"BZN|DK2","31.03.2018 04:00 - 31.03.2018 05:00 (CET/CEST)","417","n/e","n/e","99","308","12","n/e","n/e","n/e","n/e","n/e","n/e","n/e","n/e","n/e","n/e","n/e","0","39","353","275"
"BZN|DK2","31.03.2018 05:00 - 31.03.2018 06:00 (CET/CEST)","419","n/e","n/e","99","303","12","n/e","n/e","n/e","n/e","n/e","n/e","n/e","n/e","n/e","n/e","n/e","0","40","353","298"
"BZN|DK2","31.03.2018 06:00 - 31.03.2018 07:00 (CET/CEST)","468","n/e","n/e","99","306","12","n/e","n/e","n/e","n/e","n/e","n/e","n/e","n/e","n/e","n/e","n/e","0","40","352","292"
"BZN|DK2","31.03.2018 07:00 - 31.03.2018 08:00 (CET/CEST)","471","n/e","n/e","100","362","11","n/e","n/e","n/e","n/e","n/e","n/e","n/e","n/e","n/e","n/e","n/e","6","40","358","317"
"BZN|DK2","31.03.2018 08:00 - 31.03.2018 09:00 (CET/CEST)","469","n/e","n/e","104","385","19","n/e","n/e","n/e","n/e","n/e","n/e","n/e","n/e","n/e","n/e","n/e","16","40","353","321"
"BZN|DK2","31.03.2018 09:00 - 31.03.2018 10:00 (CET/CEST)","466","n/e","n/e","154","389","23","n/e","n/e","n/e","n/e","n/e","n/e","n/e","n/e","n/e","n/e","n/e","23","41","352","311"
"BZN|DK2","31.03.2018 10:00 - 31.03.2018 11:00 (CET/CEST)","469","n/e","n/e","170","386","23","n/e","n/e","n/e","n/e","n/e","n/e","n/e","n/e","n/e","n/e","n/e","32","40","348","334"
"BZN|DK2","31.03.2018 11:00 - 31.03.2018 12:00 (CET/CEST)","473","n/e","n/e","169","386","21","n/e","n/e","n/e","n/e","n/e","n/e","n/e","n/e","n/e","n/e","n/e","40","39","339","322"
"BZN|DK2","31.03.2018 12:00 - 31.03.2018 13:00 (CET/CEST)","467","n/e","n/e","169","397","22","n/e","n/e","n/e","n/e","n/e","n/e","n/e","n/e","n/e","n/e","n/e","41","40","356","324"
"BZN|DK2","31.03.2018 13:00 - 31.03.2018 14:00 (CET/CEST)","462","n/e","n/e","166","348","21","n/e","n/e","n/e","n/e","n/e","n/e","n/e","n/e","n/e","n/e","n/e","40","39","340","307"
"BZN|DK2","31.03.2018 14:00 - 31.03.2018 15:00 (CET/CEST)","465","n/e","n/e","167","337","20","n/e","n/e","n/e","n/e","n/e","n/e","n/e","n/e","n/e","n/e","n/e","37","40","340","310"
"BZN|DK2","31.03.2018 15:00 - 31.03.2018 16:00 (CET/CEST)","470","n/e","n/e","168","304","22","n/e","n/e","n/e","n/e","n/e","n/e","n/e","n/e","n/e","n/e","n/e","35","42","349","336"
"BZN|DK2","31.03.2018 16:00 - 31.03.2018 17:00 (CET/CEST)","469","n/e","n/e","168","312","22","n/e","n/e","n/e","n/e","n/e","n/e","n/e","n/e","n/e","n/e","n/e","25","45","347","340"
"BZN|DK2","31.03.2018 17:00 - 31.03.2018 18:00 (CET/CEST)","471","n/e","n/e","171","373","22","n/e","n/e","n/e","n/e","n/e","n/e","n/e","n/e","n/e","n/e","n/e","17","45","336","308"
"BZN|DK2","31.03.2018 18:00 - 31.03.2018 19:00 (CET/CEST)","469","n/e","n/e","172","398","22","n/e","n/e","n/e","n/e","n/e","n/e","n/e","n/e","n/e","n/e","n/e","7","45","359","299"
"BZN|DK2","31.03.2018 19:00 - 31.03.2018 20:00 (CET/CEST)","460","n/e","n/e","172","397","22","n/e","n/e","n/e","n/e","n/e","n/e","n/e","n/e","n/e","n/e","n/e","1","46","350","272"
"BZN|DK2","31.03.2018 20:00 - 31.03.2018 21:00 (CET/CEST)","468","n/e","n/e","170","404","22","n/e","n/e","n/e","n/e","n/e","n/e","n/e","n/e","n/e","n/e","n/e","0","41","327","226"
"BZN|DK2","31.03.2018 21:00 - 31.03.2018 22:00 (CET/CEST)","465","n/e","n/e","170","441","20","n/e","n/e","n/e","n/e","n/e","n/e","n/e","n/e","n/e","n/e","n/e","0","40","306","190"
"BZN|DK2","31.03.2018 22:00 - 31.03.2018 23:00 (CET/CEST)","470","n/e","n/e","170","433","22","n/e","n/e","n/e","n/e","n/e","n/e","n/e","n/e","n/e","n/e","n/e","0","41","246","184"
"BZN|DK2","31.03.2018 23:00 - 01.04.2018 00:00 (CET/CEST)","472","n/e","n/e","149","429","22","n/e","n/e","n/e","n/e","n/e","n/e","n/e","n/e","n/e","n/e","n/e","0","40","170","186"
"BZN|DK2","01.04.2018 00:00 - 01.04.2018 01:00 (CET/CEST)","485","n/e","n/e","64","426","21","n/e","n/e","n/e","n/e","n/e","n/e","n/e","n/e","n/e","n/e","n/e","0","43","137","176"
"BZN|DK2","01.04.2018 01:00 - 01.04.2018 02:00 (CET/CEST)","483","n/e","n/e","56","435","21","n/e","n/e","n/e","n/e","n/e","n/e","n/e","n/e","n/e","n/e","n/e","0","44","124","148"
"BZN|DK2","01.04.2018 02:00 - 01.04.2018 03:00 (CET/CEST)","480","n/e","n/e","56","421","21","n/e","n/e","n/e","n/e","n/e","n/e","n/e","n/e","n/e","n/e","n/e","0","43","138","146"
"BZN|DK2","01.04.2018 03:00 - 01.04.2018 04:00 (CET/CEST)","449","n/e","n/e","56","433","21","n/e","n/e","n/e","n/e","n/e","n/e","n/e","n/e","n/e","n/e","n/e","0","44","161","154"
"BZN|DK2","01.04.2018 04:00 - 01.04.2018 05:00 (CET/CEST)","432","n/e","n/e","75","439","21","n/e","n/e","n/e","n/e","n/e","n/e","n/e","n/e","n/e","n/e","n/e","0","44","167","179"
"BZN|DK2","01.04.2018 05:00 - 01.04.2018 06:00 (CET/CEST)","429","n/e","n/e","107","436","21","n/e","n/e","n/e","n/e","n/e","n/e","n/e","n/e","n/e","n/e","n/e","0","44","143","200"
"BZN|DK2","01.04.2018 06:00 - 01.04.2018 07:00 (CET/CEST)","429","n/e","n/e","107","434","21","n/e","n/e","n/e","n/e","n/e","n/e","n/e","n/e","n/e","n/e","n/e","0","45","121","211"
"BZN|DK2","01.04.2018 07:00 - 01.04.2018 08:00 (CET/CEST)","426","n/e","n/e","137","435","21","n/e","n/e","n/e","n/e","n/e","n/e","n/e","n/e","n/e","n/e","n/e","2","45","107","212"
"BZN|DK2","01.04.2018 08:00 - 01.04.2018 09:00 (CET/CEST)","430","n/e","n/e","175","438","21","n/e","n/e","n/e","n/e","n/e","n/e","n/e","n/e","n/e","n/e","n/e","10","46","94","214"
"BZN|DK2","01.04.2018 09:00 - 01.04.2018 10:00 (CET/CEST)","488","n/e","n/e","231","436","23","n/e","n/e","n/e","n/e","n/e","n/e","n/e","n/e","n/e","n/e","n/e","15","46","90","214"
"BZN|DK2","01.04.2018 10:00 - 01.04.2018 11:00 (CET/CEST)","531","n/e","n/e","251","463","25","n/e","n/e","n/e","n/e","n/e","n/e","n/e","n/e","n/e","n/e","n/e","22","47","99","212"
"BZN|DK2","01.04.2018 11:00 - 01.04.2018 12:00 (CET/CEST)","445","n/e","n/e","223","443","22","n/e","n/e","n/e","n/e","n/e","n/e","n/e","n/e","n/e","n/e","n/e","39","45","101","199"
"BZN|DK2","01.04.2018 12:00 - 01.04.2018 13:00 (CET/CEST)","439","n/e","n/e","194","437","22","n/e","n/e","n/e","n/e","n/e","n/e","n/e","n/e","n/e","n/e","n/e","44","45","120","207"
"BZN|DK2","01.04.2018 13:00 - 01.04.2018 14:00 (CET/CEST)","449","n/e","n/e","174","444","22","n/e","n/e","n/e","n/e","n/e","n/e","n/e","n/e","n/e","n/e","n/e","46","45","165","253"
"BZN|DK2","01.04.2018 14:00 - 01.04.2018 15:00 (CET/CEST)","477","n/e","n/e","173","417","22","n/e","n/e","n/e","n/e","n/e","n/e","n/e","n/e","n/e","n/e","n/e","49","46","207","279"
"BZN|DK2","01.04.2018 15:00 - 01.04.2018 16:00 (CET/CEST)","473","n/e","n/e","174","396","22","n/e","n/e","n/e","n/e","n/e","n/e","n/e","n/e","n/e","n/e","n/e","38","45","259","283"
"BZN|DK2","01.04.2018 16:00 - 01.04.2018 17:00 (CET/CEST)","476","n/e","n/e","174","393","22","n/e","n/e","n/e","n/e","n/e","n/e","n/e","n/e","n/e","n/e","n/e","32","46","229","247"
"BZN|DK2","01.04.2018 17:00 - 01.04.2018 18:00 (CET/CEST)","477","n/e","n/e","175","409","22","n/e","n/e","n/e","n/e","n/e","n/e","n/e","n/e","n/e","n/e","n/e","23","46","196","222"
"BZN|DK2","01.04.2018 18:00 - 01.04.2018 19:00 (CET/CEST)","474","n/e","n/e","176","419","22","n/e","n/e","n/e","n/e","n/e","n/e","n/e","n/e","n/e","n/e","n/e","16","46","180","203"
"BZN|DK2","01.04.2018 19:00 - 01.04.2018 20:00 (CET/CEST)","473","n/e","n/e","176","419","23","n/e","n/e","n/e","n/e","n/e","n/e","n/e","n/e","n/e","n/e","n/e","5","42","182","181"
"BZN|DK2","01.04.2018 20:00 - 01.04.2018 21:00 (CET/CEST)","471","n/e","n/e","174","409","22","n/e","n/e","n/e","n/e","n/e","n/e","n/e","n/e","n/e","n/e","n/e","0","39","136","145"
"BZN|DK2","01.04.2018 21:00 - 01.04.2018 22:00 (CET/CEST)","472","n/e","n/e","175","415","22","n/e","n/e","n/e","n/e","n/e","n/e","n/e","n/e","n/e","n/e","n/e","0","39","140","153"
"BZN|DK2","01.04.2018 22:00 - 01.04.2018 23:00 (CET/CEST)","474","n/e","n/e","163","413","20","n/e","n/e","n/e","n/e","n/e","n/e","n/e","n/e","n/e","n/e","n/e","0","40","168","148"
"BZN|DK2","01.04.2018 23:00 - 02.04.2018 00:00 (CET/CEST)","470","n/e","n/e","109","410","22","n/e","n/e","n/e","n/e","n/e","n/e","n/e","n/e","n/e","n/e","n/e","0","40","198","149"
"BZN|DK2","02.04.2018 00:00 - 02.04.2018 01:00 (CET/CEST)","539","n/e","n/e","150","420","23","n/e","n/e","n/e","n/e","n/e","n/e","n/e","n/e","n/e","n/e","n/e","0","40","161","153"
"BZN|DK2","02.04.2018 01:00 - 02.04.2018 02:00 (CET/CEST)","547","n/e","n/e","165","435","23","n/e","n/e","n/e","n/e","n/e","n/e","n/e","n/e","n/e","n/e","n/e","0","41","149","157"
"BZN|DK2","02.04.2018 02:00 - 02.04.2018 03:00 (CET/CEST)","544","n/e","n/e","147","435","18","n/e","n/e","n/e","n/e","n/e","n/e","n/e","n/e","n/e","n/e","n/e","0","40","126","154"
"BZN|DK2","02.04.2018 03:00 - 02.04.2018 04:00 (CET/CEST)","472","n/e","n/e","100","393","12","n/e","n/e","n/e","n/e","n/e","n/e","n/e","n/e","n/e","n/e","n/e","0","40","119","141"
"BZN|DK2","02.04.2018 04:00 - 02.04.2018 05:00 (CET/CEST)","474","n/e","n/e","99","412","12","n/e","n/e","n/e","n/e","n/e","n/e","n/e","n/e","n/e","n/e","n/e","0","40","96","118"
"BZN|DK2","02.04.2018 05:00 - 02.04.2018 06:00 (CET/CEST)","479","n/e","n/e","99","418","12","n/e","n/e","n/e","n/e","n/e","n/e","n/e","n/e","n/e","n/e","n/e","0","40","100","110"
"BZN|DK2","02.04.2018 06:00 - 02.04.2018 07:00 (CET/CEST)","476","n/e","n/e","99","420","12","n/e","n/e","n/e","n/e","n/e","n/e","n/e","n/e","n/e","n/e","n/e","0","41","84","89"
"BZN|DK2","02.04.2018 07:00 - 02.04.2018 08:00 (CET/CEST)","477","n/e","n/e","125","423","12","n/e","n/e","n/e","n/e","n/e","n/e","n/e","n/e","n/e","n/e","n/e","11","42","95","93"
"BZN|DK2","02.04.2018 08:00 - 02.04.2018 09:00 (CET/CEST)","478","n/e","n/e","158","417","16","n/e","n/e","n/e","n/e","n/e","n/e","n/e","n/e","n/e","n/e","n/e","45","42","90","82"
"BZN|DK2","02.04.2018 09:00 - 02.04.2018 10:00 (CET/CEST)","483","n/e","n/e","214","419","22","n/e","n/e","n/e","n/e","n/e","n/e","n/e","n/e","n/e","n/e","n/e","92","45","90","81"
"BZN|DK2","02.04.2018 10:00 - 02.04.2018 11:00 (CET/CEST)","536","n/e","n/e","225","414","23","n/e","n/e","n/e","n/e","n/e","n/e","n/e","n/e","n/e","n/e","n/e","133","49","80","72"
"BZN|DK2","02.04.2018 11:00 - 02.04.2018 12:00 (CET/CEST)","521","n/e","n/e","171","397","19","n/e","n/e","n/e","n/e","n/e","n/e","n/e","n/e","n/e","n/e","n/e","162","47","89","82"
"BZN|DK2","02.04.2018 12:00 - 02.04.2018 13:00 (CET/CEST)","517","n/e","n/e","148","407","19","n/e","n/e","n/e","n/e","n/e","n/e","n/e","n/e","n/e","n/e","n/e","179","47","91","104"
"BZN|DK2","02.04.2018 13:00 - 02.04.2018 14:00 (CET/CEST)","518","n/e","n/e","147","410","19","n/e","n/e","n/e","n/e","n/e","n/e","n/e","n/e","n/e","n/e","n/e","181","47","114","99"
"BZN|DK2","02.04.2018 14:00 - 02.04.2018 15:00 (CET/CEST)","490","n/e","n/e","146","406","19","n/e","n/e","n/e","n/e","n/e","n/e","n/e","n/e","n/e","n/e","n/e","181","47","101","91"
"BZN|DK2","02.04.2018 15:00 - 02.04.2018 16:00 (CET/CEST)","474","n/e","n/e","150","419","20","n/e","n/e","n/e","n/e","n/e","n/e","n/e","n/e","n/e","n/e","n/e","165","47","63","81"
"BZN|DK2","02.04.2018 16:00 - 02.04.2018 17:00 (CET/CEST)","473","n/e","n/e","152","429","20","n/e","n/e","n/e","n/e","n/e","n/e","n/e","n/e","n/e","n/e","n/e","128","47","22","59"
"BZN|DK2","02.04.2018 17:00 - 02.04.2018 18:00 (CET/CEST)","474","n/e","n/e","155","415","21","n/e","n/e","n/e","n/e","n/e","n/e","n/e","n/e","n/e","n/e","n/e","71","48","16","37"
"BZN|DK2","02.04.2018 18:00 - 02.04.2018 19:00 (CET/CEST)","474","n/e","n/e","159","451","22","n/e","n/e","n/e","n/e","n/e","n/e","n/e","n/e","n/e","n/e","n/e","29","55","16","22"
"BZN|DK2","02.04.2018 19:00 - 02.04.2018 20:00 (CET/CEST)","459","n/e","n/e","162","459","23","n/e","n/e","n/e","n/e","n/e","n/e","n/e","n/e","n/e","n/e","n/e","4","56","12","28"
"BZN|DK2","02.04.2018 20:00 - 02.04.2018 21:00 (CET/CEST)","461","n/e","n/e","161","461","22","n/e","n/e","n/e","n/e","n/e","n/e","n/e","n/e","n/e","n/e","n/e","0","56","18","46"
"BZN|DK2","02.04.2018 21:00 - 02.04.2018 22:00 (CET/CEST)","461","n/e","n/e","159","443","22","n/e","n/e","n/e","n/e","n/e","n/e","n/e","n/e","n/e","n/e","n/e","0","56","48","57"
"BZN|DK2","02.04.2018 22:00 - 02.04.2018 23:00 (CET/CEST)","461","n/e","n/e","117","415","22","n/e","n/e","n/e","n/e","n/e","n/e","n/e","n/e","n/e","n/e","n/e","0","55","107","82"
"BZN|DK2","02.04.2018 23:00 - 03.04.2018 00:00 (CET/CEST)","460","n/e","n/e","98","397","22","n/e","n/e","n/e","n/e","n/e","n/e","n/e","n/e","n/e","n/e","n/e","0","56","105","83"
"BZN|DK2","03.04.2018 00:00 - 03.04.2018 01:00 (CET/CEST)","482","n/e","n/e","98","359","21","n/e","n/e","n/e","n/e","n/e","n/e","n/e","n/e","n/e","n/e","n/e","0","47","160","72"
"BZN|DK2","03.04.2018 01:00 - 03.04.2018 02:00 (CET/CEST)","476","n/e","n/e","97","335","20","n/e","n/e","n/e","n/e","n/e","n/e","n/e","n/e","n/e","n/e","n/e","0","49","202","100"
"BZN|DK2","03.04.2018 02:00 - 03.04.2018 03:00 (CET/CEST)","476","n/e","n/e","97","298","20","n/e","n/e","n/e","n/e","n/e","n/e","n/e","n/e","n/e","n/e","n/e","0","49","245","145"
"BZN|DK2","03.04.2018 03:00 - 03.04.2018 04:00 (CET/CEST)","431","n/e","n/e","96","257","20","n/e","n/e","n/e","n/e","n/e","n/e","n/e","n/e","n/e","n/e","n/e","0","49","299","205"
"BZN|DK2","03.04.2018 04:00 - 03.04.2018 05:00 (CET/CEST)","353","n/e","n/e","96","308","20","n/e","n/e","n/e","n/e","n/e","n/e","n/e","n/e","n/e","n/e","n/e","0","48","308","258"
"BZN|DK2","03.04.2018 05:00 - 03.04.2018 06:00 (CET/CEST)","394","n/e","n/e","97","279","20","n/e","n/e","n/e","n/e","n/e","n/e","n/e","n/e","n/e","n/e","n/e","0","49","248","254"
"BZN|DK2","03.04.2018 06:00 - 03.04.2018 07:00 (CET/CEST)","402","n/e","n/e","108","393","20","n/e","n/e","n/e","n/e","n/e","n/e","n/e","n/e","n/e","n/e","n/e","0","49","205","227"
"BZN|DK2","03.04.2018 07:00 - 03.04.2018 08:00 (CET/CEST)","412","n/e","n/e","148","416","13","n/e","n/e","n/e","n/e","n/e","n/e","n/e","n/e","n/e","n/e","n/e","1","53","183","195"
"BZN|DK2","03.04.2018 08:00 - 03.04.2018 09:00 (CET/CEST)","433","n/e","n/e","192","414","13","n/e","n/e","n/e","n/e","n/e","n/e","n/e","n/e","n/e","n/e","n/e","6","55","144","144"
"BZN|DK2","03.04.2018 09:00 - 03.04.2018 10:00 (CET/CEST)","383","n/e","n/e","218","370","13","n/e","n/e","n/e","n/e","n/e","n/e","n/e","n/e","n/e","n/e","n/e","11","57","194","118"
"BZN|DK2","03.04.2018 10:00 - 03.04.2018 11:00 (CET/CEST)","333","n/e","n/e","222","402","12","n/e","n/e","n/e","n/e","n/e","n/e","n/e","n/e","n/e","n/e","n/e","17","56","183","118"
"BZN|DK2","03.04.2018 11:00 - 03.04.2018 12:00 (CET/CEST)","318","n/e","n/e","218","401","12","n/e","n/e","n/e","n/e","n/e","n/e","n/e","n/e","n/e","n/e","n/e","25","57","152","109"
"BZN|DK2","03.04.2018 12:00 - 03.04.2018 13:00 (CET/CEST)","315","n/e","n/e","209","399","17","n/e","n/e","n/e","n/e","n/e","n/e","n/e","n/e","n/e","n/e","n/e","37","57","182","110"
"BZN|DK2","03.04.2018 13:00 - 03.04.2018 14:00 (CET/CEST)","303","n/e","n/e","207","400","19","n/e","n/e","n/e","n/e","n/e","n/e","n/e","n/e","n/e","n/e","n/e","40","55","211","105"
"BZN|DK2","03.04.2018 14:00 - 03.04.2018 15:00 (CET/CEST)","298","n/e","n/e","192","401","20","n/e","n/e","n/e","n/e","n/e","n/e","n/e","n/e","n/e","n/e","n/e","42","55","146","86"
"BZN|DK2","03.04.2018 15:00 - 03.04.2018 16:00 (CET/CEST)","304","n/e","n/e","170","403","18","n/e","n/e","n/e","n/e","n/e","n/e","n/e","n/e","n/e","n/e","n/e","38","55","95","72"
"BZN|DK2","03.04.2018 16:00 - 03.04.2018 17:00 (CET/CEST)","333","n/e","n/e","169","411","18","n/e","n/e","n/e","n/e","n/e","n/e","n/e","n/e","n/e","n/e","n/e","28","56","59","57"
"BZN|DK2","03.04.2018 17:00 - 03.04.2018 18:00 (CET/CEST)","431","n/e","n/e","170","394","19","n/e","n/e","n/e","n/e","n/e","n/e","n/e","n/e","n/e","n/e","n/e","19","55","22","61"
"BZN|DK2","03.04.2018 18:00 - 03.04.2018 19:00 (CET/CEST)","467","n/e","n/e","171","416","19","n/e","n/e","n/e","n/e","n/e","n/e","n/e","n/e","n/e","n/e","n/e","8","56","60","82"
"BZN|DK2","03.04.2018 19:00 - 03.04.2018 20:00 (CET/CEST)","466","n/e","n/e","172","405","19","n/e","n/e","n/e","n/e","n/e","n/e","n/e","n/e","n/e","n/e","n/e","1","55","63","103"
"BZN|DK2","03.04.2018 20:00 - 03.04.2018 21:00 (CET/CEST)","471","n/e","n/e","163","402","18","n/e","n/e","n/e","n/e","n/e","n/e","n/e","n/e","n/e","n/e","n/e","0","55","81","134"
"BZN|DK2","03.04.2018 21:00 - 03.04.2018 22:00 (CET/CEST)","471","n/e","n/e","147","410","18","n/e","n/e","n/e","n/e","n/e","n/e","n/e","n/e","n/e","n/e","n/e","0","56","86","131"
"BZN|DK2","03.04.2018 22:00 - 03.04.2018 23:00 (CET/CEST)","474","n/e","n/e","97","402","18","n/e","n/e","n/e","n/e","n/e","n/e","n/e","n/e","n/e","n/e","n/e","0","56","103","164"
"BZN|DK2","03.04.2018 23:00 - 04.04.2018 00:00 (CET/CEST)","473","n/e","n/e","97","379","18","n/e","n/e","n/e","n/e","n/e","n/e","n/e","n/e","n/e","n/e","n/e","0","55","169","181"
"BZN|DK2","04.04.2018 00:00 - 04.04.2018 01:00 (CET/CEST)","438","n/e","n/e","87","302","17","n/e","n/e","n/e","n/e","n/e","n/e","n/e","n/e","n/e","n/e","n/e","0","56","223","167"
"BZN|DK2","04.04.2018 01:00 - 04.04.2018 02:00 (CET/CEST)","478","n/e","n/e","86","356","17","n/e","n/e","n/e","n/e","n/e","n/e","n/e","n/e","n/e","n/e","n/e","0","55","279","148"
"BZN|DK2","04.04.2018 02:00 - 04.04.2018 03:00 (CET/CEST)","436","n/e","n/e","87","341","17","n/e","n/e","n/e","n/e","n/e","n/e","n/e","n/e","n/e","n/e","n/e","0","55","255","197"
"BZN|DK2","04.04.2018 03:00 - 04.04.2018 04:00 (CET/CEST)","339","n/e","n/e","86","274","11","n/e","n/e","n/e","n/e","n/e","n/e","n/e","n/e","n/e","n/e","n/e","0","55","338","214"
"BZN|DK2","04.04.2018 04:00 - 04.04.2018 05:00 (CET/CEST)","392","n/e","n/e","85","259","8","n/e","n/e","n/e","n/e","n/e","n/e","n/e","n/e","n/e","n/e","n/e","0","55","356","285"
"BZN|DK2","04.04.2018 05:00 - 04.04.2018 06:00 (CET/CEST)","390","n/e","n/e","85","258","8","n/e","n/e","n/e","n/e","n/e","n/e","n/e","n/e","n/e","n/e","n/e","0","55","333","300"
"BZN|DK2","04.04.2018 06:00 - 04.04.2018 07:00 (CET/CEST)","434","n/e","n/e","83","329","7","n/e","n/e","n/e","n/e","n/e","n/e","n/e","n/e","n/e","n/e","n/e","0","54","349","309"
"BZN|DK2","04.04.2018 07:00 - 04.04.2018 08:00 (CET/CEST)","440","n/e","n/e","118","414","10","n/e","n/e","n/e","n/e","n/e","n/e","n/e","n/e","n/e","n/e","n/e","7","56","363","294"
"BZN|DK2","04.04.2018 08:00 - 04.04.2018 09:00 (CET/CEST)","439","n/e","n/e","182","429","15","n/e","n/e","n/e","n/e","n/e","n/e","n/e","n/e","n/e","n/e","n/e","30","56","358","314"
"BZN|DK2","04.04.2018 09:00 - 04.04.2018 10:00 (CET/CEST)","434","n/e","n/e","185","442","17","n/e","n/e","n/e","n/e","n/e","n/e","n/e","n/e","n/e","n/e","n/e","67","54","319","285"
"BZN|DK2","04.04.2018 10:00 - 04.04.2018 11:00 (CET/CEST)","448","n/e","n/e","158","441","17","n/e","n/e","n/e","n/e","n/e","n/e","n/e","n/e","n/e","n/e","n/e","105","53","171","272"
"BZN|DK2","04.04.2018 11:00 - 04.04.2018 12:00 (CET/CEST)","426","n/e","n/e","144","444","15","n/e","n/e","n/e","n/e","n/e","n/e","n/e","n/e","n/e","n/e","n/e","146","52","100","243"
"BZN|DK2","04.04.2018 12:00 - 04.04.2018 13:00 (CET/CEST)","421","n/e","n/e","139","416","14","n/e","n/e","n/e","n/e","n/e","n/e","n/e","n/e","n/e","n/e","n/e","176","54","90","203"
"BZN|DK2","04.04.2018 13:00 - 04.04.2018 14:00 (CET/CEST)","389","n/e","n/e","141","422","14","n/e","n/e","n/e","n/e","n/e","n/e","n/e","n/e","n/e","n/e","n/e","158","53","48","123"
"BZN|DK2","04.04.2018 14:00 - 04.04.2018 15:00 (CET/CEST)","441","n/e","n/e","168","418","15","n/e","n/e","n/e","n/e","n/e","n/e","n/e","n/e","n/e","n/e","n/e","141","53","20","56"
"BZN|DK2","04.04.2018 15:00 - 04.04.2018 16:00 (CET/CEST)","395","n/e","n/e","162","419","14","n/e","n/e","n/e","n/e","n/e","n/e","n/e","n/e","n/e","n/e","n/e","126","54","11","23"
"BZN|DK2","04.04.2018 16:00 - 04.04.2018 17:00 (CET/CEST)","410","n/e","n/e","161","417","15","n/e","n/e","n/e","n/e","n/e","n/e","n/e","n/e","n/e","n/e","n/e","109","54","1","27"
"BZN|DK2","04.04.2018 17:00 - 04.04.2018 18:00 (CET/CEST)","431","n/e","n/e","110","409","16","n/e","n/e","n/e","n/e","n/e","n/e","n/e","n/e","n/e","n/e","n/e","55","54","9","22"
"BZN|DK2","04.04.2018 18:00 - 04.04.2018 19:00 (CET/CEST)","365","n/e","n/e","95","418","18","n/e","n/e","n/e","n/e","n/e","n/e","n/e","n/e","n/e","n/e","n/e","22","55","44","26"
"BZN|DK2","04.04.2018 19:00 - 04.04.2018 20:00 (CET/CEST)","287","n/e","n/e","44","421","18","n/e","n/e","n/e","n/e","n/e","n/e","n/e","n/e","n/e","n/e","n/e","3","55","132","52"
"BZN|DK2","04.04.2018 20:00 - 04.04.2018 21:00 (CET/CEST)","301","n/e","n/e","28","427","18","n/e","n/e","n/e","n/e","n/e","n/e","n/e","n/e","n/e","n/e","n/e","0","56","197","90"
"BZN|DK2","04.04.2018 21:00 - 04.04.2018 22:00 (CET/CEST)","301","n/e","n/e","25","438","17","n/e","n/e","n/e","n/e","n/e","n/e","n/e","n/e","n/e","n/e","n/e","0","55","307","156"
"BZN|DK2","04.04.2018 22:00 - 04.04.2018 23:00 (CET/CEST)","360","n/e","n/e","25","449","16","n/e","n/e","n/e","n/e","n/e","n/e","n/e","n/e","n/e","n/e","n/e","0","55","332","176"
"BZN|DK2","04.04.2018 23:00 - 05.04.2018 00:00 (CET/CEST)","357","n/e","n/e","24","450","16","n/e","n/e","n/e","n/e","n/e","n/e","n/e","n/e","n/e","n/e","n/e","0","55","344","188"
"BZN|DK2","05.04.2018 00:00 - 05.04.2018 01:00 (CET/CEST)","295","n/e","n/e","24","442","11","n/e","n/e","n/e","n/e","n/e","n/e","n/e","n/e","n/e","n/e","n/e","0","55","214","142"
"BZN|DK2","05.04.2018 01:00 - 05.04.2018 02:00 (CET/CEST)","285","n/e","n/e","23","438","8","n/e","n/e","n/e","n/e","n/e","n/e","n/e","n/e","n/e","n/e","n/e","0","55","185","201"
"BZN|DK2","05.04.2018 02:00 - 05.04.2018 03:00 (CET/CEST)","268","n/e","n/e","23","426","8","n/e","n/e","n/e","n/e","n/e","n/e","n/e","n/e","n/e","n/e","n/e","0","55","327","253"
"BZN|DK2","05.04.2018 03:00 - 05.04.2018 04:00 (CET/CEST)","268","n/e","n/e","30","393","10","n/e","n/e","n/e","n/e","n/e","n/e","n/e","n/e","n/e","n/e","n/e","0","56","354","264"
"BZN|DK2","05.04.2018 04:00 - 05.04.2018 05:00 (CET/CEST)","303","n/e","n/e","28","303","9","n/e","n/e","n/e","n/e","n/e","n/e","n/e","n/e","n/e","n/e","n/e","0","55","304","224"
"BZN|DK2","05.04.2018 05:00 - 05.04.2018 06:00 (CET/CEST)","388","n/e","n/e","28","347","9","n/e","n/e","n/e","n/e","n/e","n/e","n/e","n/e","n/e","n/e","n/e","0","55","314","169"
"BZN|DK2","05.04.2018 06:00 - 05.04.2018 07:00 (CET/CEST)","428","n/e","n/e","30","396","10","n/e","n/e","n/e","n/e","n/e","n/e","n/e","n/e","n/e","n/e","n/e","0","54","285","123"
"BZN|DK2","05.04.2018 07:00 - 05.04.2018 08:00 (CET/CEST)","468","n/e","n/e","97","398","11","n/e","n/e","n/e","n/e","n/e","n/e","n/e","n/e","n/e","n/e","n/e","12","55","180","113"
"BZN|DK2","05.04.2018 08:00 - 05.04.2018 09:00 (CET/CEST)","472","n/e","n/e","145","455","12","n/e","n/e","n/e","n/e","n/e","n/e","n/e","n/e","n/e","n/e","n/e","33","55","110","77"
"BZN|DK2","05.04.2018 09:00 - 05.04.2018 10:00 (CET/CEST)","428","n/e","n/e","147","423","20","n/e","n/e","n/e","n/e","n/e","n/e","n/e","n/e","n/e","n/e","n/e","44","54","165","71"
"BZN|DK2","05.04.2018 10:00 - 05.04.2018 11:00 (CET/CEST)","381","n/e","n/e","150","433","22","n/e","n/e","n/e","n/e","n/e","n/e","n/e","n/e","n/e","n/e","n/e","42","53","220","95"
"BZN|DK2","05.04.2018 11:00 - 05.04.2018 12:00 (CET/CEST)","392","n/e","n/e","149","407","23","n/e","n/e","n/e","n/e","n/e","n/e","n/e","n/e","n/e","n/e","n/e","55","53","188","171"
"BZN|DK2","05.04.2018 12:00 - 05.04.2018 13:00 (CET/CEST)","386","n/e","n/e","151","411","22","n/e","n/e","n/e","n/e","n/e","n/e","n/e","n/e","n/e","n/e","n/e","74","52","278","229"
"BZN|DK2","05.04.2018 13:00 - 05.04.2018 14:00 (CET/CEST)","363","n/e","n/e","166","371","20","n/e","n/e","n/e","n/e","n/e","n/e","n/e","n/e","n/e","n/e","n/e","66","49","271","273"
"BZN|DK2","05.04.2018 14:00 - 05.04.2018 15:00 (CET/CEST)","300","n/e","n/e","129","229","23","n/e","n/e","n/e","n/e","n/e","n/e","n/e","n/e","n/e","n/e","n/e","65","49","245","303"
"BZN|DK2","05.04.2018 15:00 - 05.04.2018 16:00 (CET/CEST)","289","n/e","n/e","123","251","21","n/e","n/e","n/e","n/e","n/e","n/e","n/e","n/e","n/e","n/e","n/e","72","51","218","378"
"BZN|DK2","05.04.2018 16:00 - 05.04.2018 17:00 (CET/CEST)","298","n/e","n/e","124","244","21","n/e","n/e","n/e","n/e","n/e","n/e","n/e","n/e","n/e","n/e","n/e","49","52","360","451"
"BZN|DK2","05.04.2018 17:00 - 05.04.2018 18:00 (CET/CEST)","409","n/e","n/e","124","233","21","n/e","n/e","n/e","n/e","n/e","n/e","n/e","n/e","n/e","n/e","n/e","16","50","339","477"
"BZN|DK2","05.04.2018 18:00 - 05.04.2018 19:00 (CET/CEST)","407","n/e","n/e","141","251","21","n/e","n/e","n/e","n/e","n/e","n/e","n/e","n/e","n/e","n/e","n/e","6","51","364","503"
"BZN|DK2","05.04.2018 19:00 - 05.04.2018 20:00 (CET/CEST)","450","n/e","n/e","142","311","22","n/e","n/e","n/e","n/e","n/e","n/e","n/e","n/e","n/e","n/e","n/e","3","51","364","476"
"BZN|DK2","05.04.2018 20:00 - 05.04.2018 21:00 (CET/CEST)","471","n/e","n/e","88","403","21","n/e","n/e","n/e","n/e","n/e","n/e","n/e","n/e","n/e","n/e","n/e","0","52","367","494"
"BZN|DK2","05.04.2018 21:00 - 05.04.2018 22:00 (CET/CEST)","426","n/e","n/e","79","442","21","n/e","n/e","n/e","n/e","n/e","n/e","n/e","n/e","n/e","n/e","n/e","0","51","365","493"
"BZN|DK2","05.04.2018 22:00 - 05.04.2018 23:00 (CET/CEST)","397","n/e","n/e","78","438","21","n/e","n/e","n/e","n/e","n/e","n/e","n/e","n/e","n/e","n/e","n/e","0","51","351","470"
"BZN|DK2","05.04.2018 23:00 - 06.04.2018 00:00 (CET/CEST)","385","n/e","n/e","79","352","21","n/e","n/e","n/e","n/e","n/e","n/e","n/e","n/e","n/e","n/e","n/e","0","51","338","441"
"BZN|DK2","06.04.2018 00:00 - 06.04.2018 01:00 (CET/CEST)","347","n/e","n/e","78","343","15","n/e","n/e","n/e","n/e","n/e","n/e","n/e","n/e","n/e","n/e","n/e","0","51","339","446"
"BZN|DK2","06.04.2018 01:00 - 06.04.2018 02:00 (CET/CEST)","405","n/e","n/e","78","312","12","n/e","n/e","n/e","n/e","n/e","n/e","n/e","n/e","n/e","n/e","n/e","0","50","362","457"
"BZN|DK2","06.04.2018 02:00 - 06.04.2018 03:00 (CET/CEST)","389","n/e","n/e","78","301","12","n/e","n/e","n/e","n/e","n/e","n/e","n/e","n/e","n/e","n/e","n/e","0","50","351","461"
"BZN|DK2","06.04.2018 03:00 - 06.04.2018 04:00 (CET/CEST)","385","n/e","n/e","78","259","12","n/e","n/e","n/e","n/e","n/e","n/e","n/e","n/e","n/e","n/e","n/e","0","51","359","475"
"BZN|DK2","06.04.2018 04:00 - 06.04.2018 05:00 (CET/CEST)","383","n/e","n/e","77","247","12","n/e","n/e","n/e","n/e","n/e","n/e","n/e","n/e","n/e","n/e","n/e","0","50","347","479"
"BZN|DK2","06.04.2018 05:00 - 06.04.2018 06:00 (CET/CEST)","387","n/e","n/e","78","329","12","n/e","n/e","n/e","n/e","n/e","n/e","n/e","n/e","n/e","n/e","n/e","0","50","355","471"
"BZN|DK2","06.04.2018 06:00 - 06.04.2018 07:00 (CET/CEST)","439","n/e","n/e","78","426","12","n/e","n/e","n/e","n/e","n/e","n/e","n/e","n/e","n/e","n/e","n/e","1","51","351","470"
"BZN|DK2","06.04.2018 07:00 - 06.04.2018 08:00 (CET/CEST)","470","n/e","n/e","128","423","14","n/e","n/e","n/e","n/e","n/e","n/e","n/e","n/e","n/e","n/e","n/e","19","51","343","461"
"BZN|DK2","06.04.2018 08:00 - 06.04.2018 09:00 (CET/CEST)","471","n/e","n/e","164","363","19","n/e","n/e","n/e","n/e","n/e","n/e","n/e","n/e","n/e","n/e","n/e","60","53","322","443"
"BZN|DK2","06.04.2018 09:00 - 06.04.2018 10:00 (CET/CEST)","474","n/e","n/e","160","364","25","n/e","n/e","n/e","n/e","n/e","n/e","n/e","n/e","n/e","n/e","n/e","113","51","308","411"
"BZN|DK2","06.04.2018 10:00 - 06.04.2018 11:00 (CET/CEST)","477","n/e","n/e","158","329","25","n/e","n/e","n/e","n/e","n/e","n/e","n/e","n/e","n/e","n/e","n/e","163","50","258","356"
"BZN|DK2","06.04.2018 11:00 - 06.04.2018 12:00 (CET/CEST)","477","n/e","n/e","157","303","24","n/e","n/e","n/e","n/e","n/e","n/e","n/e","n/e","n/e","n/e","n/e","197","51","218","352"
"BZN|DK2","06.04.2018 12:00 - 06.04.2018 13:00 (CET/CEST)","477","n/e","n/e","152","274","23","n/e","n/e","n/e","n/e","n/e","n/e","n/e","n/e","n/e","n/e","n/e","216","51","171","316"
"BZN|DK2","06.04.2018 13:00 - 06.04.2018 14:00 (CET/CEST)","478","n/e","n/e","153","322","23","n/e","n/e","n/e","n/e","n/e","n/e","n/e","n/e","n/e","n/e","n/e","218","51","110","289"
"BZN|DK2","06.04.2018 14:00 - 06.04.2018 15:00 (CET/CEST)","478","n/e","n/e","147","308","24","n/e","n/e","n/e","n/e","n/e","n/e","n/e","n/e","n/e","n/e","n/e","205","50","67","215"
"BZN|DK2","06.04.2018 15:00 - 06.04.2018 16:00 (CET/CEST)","478","n/e","n/e","146","296","24","n/e","n/e","n/e","n/e","n/e","n/e","n/e","n/e","n/e","n/e","n/e","186","51","28","147"
"BZN|DK2","06.04.2018 16:00 - 06.04.2018 17:00 (CET/CEST)","480","n/e","n/e","146","301","24","n/e","n/e","n/e","n/e","n/e","n/e","n/e","n/e","n/e","n/e","n/e","145","50","5","90"
"BZN|DK2","06.04.2018 17:00 - 06.04.2018 18:00 (CET/CEST)","476","n/e","n/e","145","293","23","n/e","n/e","n/e","n/e","n/e","n/e","n/e","n/e","n/e","n/e","n/e","86","51","3","49"
"BZN|DK2","06.04.2018 18:00 - 06.04.2018 19:00 (CET/CEST)","475","n/e","n/e","89","280","22","n/e","n/e","n/e","n/e","n/e","n/e","n/e","n/e","n/e","n/e","n/e","36","51","2","26"
"BZN|DK2","06.04.2018 19:00 - 06.04.2018 20:00 (CET/CEST)","432","n/e","n/e","78","289","21","n/e","n/e","n/e","n/e","n/e","n/e","n/e","n/e","n/e","n/e","n/e","7","50","4","21"
"BZN|DK2","06.04.2018 20:00 - 06.04.2018 21:00 (CET/CEST)","433","n/e","n/e","78","302","22","n/e","n/e","n/e","n/e","n/e","n/e","n/e","n/e","n/e","n/e","n/e","0","49","4","35"
"BZN|DK2","06.04.2018 21:00 - 06.04.2018 22:00 (CET/CEST)","413","n/e","n/e","78","324","22","n/e","n/e","n/e","n/e","n/e","n/e","n/e","n/e","n/e","n/e","n/e","0","49","29","51"
"BZN|DK2","06.04.2018 22:00 - 06.04.2018 23:00 (CET/CEST)","412","n/e","n/e","77","304","22","n/e","n/e","n/e","n/e","n/e","n/e","n/e","n/e","n/e","n/e","n/e","0","50","76","87"
"BZN|DK2","06.04.2018 23:00 - 07.04.2018 00:00 (CET/CEST)","378","n/e","n/e","75","214","21","n/e","n/e","n/e","n/e","n/e","n/e","n/e","n/e","n/e","n/e","n/e","0","50","164","144"
"BZN|DK2","07.04.2018 00:00 - 07.04.2018 01:00 (CET/CEST)","371","n/e","n/e","26","178","18","n/e","n/e","n/e","n/e","n/e","n/e","n/e","n/e","n/e","n/e","n/e","0","48","289","189"
"BZN|DK2","07.04.2018 01:00 - 07.04.2018 02:00 (CET/CEST)","384","n/e","n/e","21","200","17","n/e","n/e","n/e","n/e","n/e","n/e","n/e","n/e","n/e","n/e","n/e","0","48","325","230"
"BZN|DK2","07.04.2018 02:00 - 07.04.2018 03:00 (CET/CEST)","324","n/e","n/e","21","187","17","n/e","n/e","n/e","n/e","n/e","n/e","n/e","n/e","n/e","n/e","n/e","0","47","295","272"
"BZN|DK2","07.04.2018 03:00 - 07.04.2018 04:00 (CET/CEST)","310","n/e","n/e","21","193","17","n/e","n/e","n/e","n/e","n/e","n/e","n/e","n/e","n/e","n/e","n/e","0","47","301","306"
"BZN|DK2","07.04.2018 04:00 - 07.04.2018 05:00 (CET/CEST)","321","n/e","n/e","30","202","20","n/e","n/e","n/e","n/e","n/e","n/e","n/e","n/e","n/e","n/e","n/e","0","48","324","336"
"BZN|DK2","07.04.2018 05:00 - 07.04.2018 06:00 (CET/CEST)","322","n/e","n/e","23","165","18","n/e","n/e","n/e","n/e","n/e","n/e","n/e","n/e","n/e","n/e","n/e","0","47","353","338"
"BZN|DK2","07.04.2018 06:00 - 07.04.2018 07:00 (CET/CEST)","320","n/e","n/e","21","157","17","n/e","n/e","n/e","n/e","n/e","n/e","n/e","n/e","n/e","n/e","n/e","1","47","334","361"
"BZN|DK2","07.04.2018 07:00 - 07.04.2018 08:00 (CET/CEST)","320","n/e","n/e","21","150","17","n/e","n/e","n/e","n/e","n/e","n/e","n/e","n/e","n/e","n/e","n/e","19","47","339","385"
"BZN|DK2","07.04.2018 08:00 - 07.04.2018 09:00 (CET/CEST)","332","n/e","n/e","22","156","18","n/e","n/e","n/e","n/e","n/e","n/e","n/e","n/e","n/e","n/e","n/e","53","47","354","398"
"BZN|DK2","07.04.2018 09:00 - 07.04.2018 10:00 (CET/CEST)","326","n/e","n/e","24","155","17","n/e","n/e","n/e","n/e","n/e","n/e","n/e","n/e","n/e","n/e","n/e","100","48","351","417"
"BZN|DK2","07.04.2018 10:00 - 07.04.2018 11:00 (CET/CEST)","326","n/e","n/e","27","158","8","n/e","n/e","n/e","n/e","n/e","n/e","n/e","n/e","n/e","n/e","n/e","147","48","298","436"
"BZN|DK2","07.04.2018 11:00 - 07.04.2018 12:00 (CET/CEST)","325","n/e","n/e","30","163","9","n/e","n/e","n/e","n/e","n/e","n/e","n/e","n/e","n/e","n/e","n/e","180","49","262","410"
"BZN|DK2","07.04.2018 12:00 - 07.04.2018 13:00 (CET/CEST)","325","n/e","n/e","29","166","10","n/e","n/e","n/e","n/e","n/e","n/e","n/e","n/e","n/e","n/e","n/e","195","48","257","396"
"BZN|DK2","07.04.2018 13:00 - 07.04.2018 14:00 (CET/CEST)","321","n/e","n/e","28","192","9","n/e","n/e","n/e","n/e","n/e","n/e","n/e","n/e","n/e","n/e","n/e","199","46","237","392"
"BZN|DK2","07.04.2018 14:00 - 07.04.2018 15:00 (CET/CEST)","332","n/e","n/e","66","209","10","n/e","n/e","n/e","n/e","n/e","n/e","n/e","n/e","n/e","n/e","n/e","181","42","218","352"
"BZN|DK2","07.04.2018 15:00 - 07.04.2018 16:00 (CET/CEST)","359","n/e","n/e","95","272","14","n/e","n/e","n/e","n/e","n/e","n/e","n/e","n/e","n/e","n/e","n/e","155","44","225","294"
"BZN|DK2","07.04.2018 16:00 - 07.04.2018 17:00 (CET/CEST)","339","n/e","n/e","93","294","13","n/e","n/e","n/e","n/e","n/e","n/e","n/e","n/e","n/e","n/e","n/e","120","47","187","223"
"BZN|DK2","07.04.2018 17:00 - 07.04.2018 18:00 (CET/CEST)","384","n/e","n/e","93","395","14","n/e","n/e","n/e","n/e","n/e","n/e","n/e","n/e","n/e","n/e","n/e","75","50","121","159"
"BZN|DK2","07.04.2018 18:00 - 07.04.2018 19:00 (CET/CEST)","426","n/e","n/e","91","432","21","n/e","n/e","n/e","n/e","n/e","n/e","n/e","n/e","n/e","n/e","n/e","35","51","115","117"
"BZN|DK2","07.04.2018 19:00 - 07.04.2018 20:00 (CET/CEST)","440","n/e","n/e","90","426","22","n/e","n/e","n/e","n/e","n/e","n/e","n/e","n/e","n/e","n/e","n/e","8","49","87","121"
"BZN|DK2","07.04.2018 20:00 - 07.04.2018 21:00 (CET/CEST)","442","n/e","n/e","91","430","22","n/e","n/e","n/e","n/e","n/e","n/e","n/e","n/e","n/e","n/e","n/e","0","48","59","139"
"BZN|DK2","07.04.2018 21:00 - 07.04.2018 22:00 (CET/CEST)","413","n/e","n/e","91","414","22","n/e","n/e","n/e","n/e","n/e","n/e","n/e","n/e","n/e","n/e","n/e","0","49","56","160"
"BZN|DK2","07.04.2018 22:00 - 07.04.2018 23:00 (CET/CEST)","393","n/e","n/e","86","309","22","n/e","n/e","n/e","n/e","n/e","n/e","n/e","n/e","n/e","n/e","n/e","0","48","75","195"
"BZN|DK2","07.04.2018 23:00 - 08.04.2018 00:00 (CET/CEST)","384","n/e","n/e","87","313","22","n/e","n/e","n/e","n/e","n/e","n/e","n/e","n/e","n/e","n/e","n/e","0","48","86","193"
"BZN|DK2","08.04.2018 00:00 - 08.04.2018 01:00 (CET/CEST)","380","n/e","n/e","45","291","21","n/e","n/e","n/e","n/e","n/e","n/e","n/e","n/e","n/e","n/e","n/e","0","48","125","185"
"BZN|DK2","08.04.2018 01:00 - 08.04.2018 02:00 (CET/CEST)","332","n/e","n/e","35","263","21","n/e","n/e","n/e","n/e","n/e","n/e","n/e","n/e","n/e","n/e","n/e","0","47","127","189"
"BZN|DK2","08.04.2018 02:00 - 08.04.2018 03:00 (CET/CEST)","297","n/e","n/e","34","270","21","n/e","n/e","n/e","n/e","n/e","n/e","n/e","n/e","n/e","n/e","n/e","0","47","134","165"
"BZN|DK2","08.04.2018 03:00 - 08.04.2018 04:00 (CET/CEST)","305","n/e","n/e","34","289","21","n/e","n/e","n/e","n/e","n/e","n/e","n/e","n/e","n/e","n/e","n/e","0","47","147","170"
"BZN|DK2","08.04.2018 04:00 - 08.04.2018 05:00 (CET/CEST)","378","n/e","n/e","35","290","20","n/e","n/e","n/e","n/e","n/e","n/e","n/e","n/e","n/e","n/e","n/e","0","46","142","191"
"BZN|DK2","08.04.2018 05:00 - 08.04.2018 06:00 (CET/CEST)","410","n/e","n/e","34","295","19","n/e","n/e","n/e","n/e","n/e","n/e","n/e","n/e","n/e","n/e","n/e","0","47","130","180"
"BZN|DK2","08.04.2018 06:00 - 08.04.2018 07:00 (CET/CEST)","415","n/e","n/e","35","330","20","n/e","n/e","n/e","n/e","n/e","n/e","n/e","n/e","n/e","n/e","n/e","1","47","91","138"
"BZN|DK2","08.04.2018 07:00 - 08.04.2018 08:00 (CET/CEST)","414","n/e","n/e","58","301","20","n/e","n/e","n/e","n/e","n/e","n/e","n/e","n/e","n/e","n/e","n/e","20","47","78","108"
"BZN|DK2","08.04.2018 08:00 - 08.04.2018 09:00 (CET/CEST)","413","n/e","n/e","85","312","22","n/e","n/e","n/e","n/e","n/e","n/e","n/e","n/e","n/e","n/e","n/e","63","47","91","104"
"BZN|DK2","08.04.2018 09:00 - 08.04.2018 10:00 (CET/CEST)","384","n/e","n/e","89","337","23","n/e","n/e","n/e","n/e","n/e","n/e","n/e","n/e","n/e","n/e","n/e","115","47","89","114"
"BZN|DK2","08.04.2018 10:00 - 08.04.2018 11:00 (CET/CEST)","377","n/e","n/e","91","337","23","n/e","n/e","n/e","n/e","n/e","n/e","n/e","n/e","n/e","n/e","n/e","159","48","93","108"
"BZN|DK2","08.04.2018 11:00 - 08.04.2018 12:00 (CET/CEST)","383","n/e","n/e","92","359","24","n/e","n/e","n/e","n/e","n/e","n/e","n/e","n/e","n/e","n/e","n/e","189","48","75","97"
"BZN|DK2","08.04.2018 12:00 - 08.04.2018 13:00 (CET/CEST)","387","n/e","n/e","93","349","23","n/e","n/e","n/e","n/e","n/e","n/e","n/e","n/e","n/e","n/e","n/e","204","48","67","102"
"BZN|DK2","08.04.2018 13:00 - 08.04.2018 14:00 (CET/CEST)","293","n/e","n/e","93","307","22","n/e","n/e","n/e","n/e","n/e","n/e","n/e","n/e","n/e","n/e","n/e","208","49","63","97"
"BZN|DK2","08.04.2018 14:00 - 08.04.2018 15:00 (CET/CEST)","287","n/e","n/e","93","394","22","n/e","n/e","n/e","n/e","n/e","n/e","n/e","n/e","n/e","n/e","n/e","200","48","52","96"
"BZN|DK2","08.04.2018 15:00 - 08.04.2018 16:00 (CET/CEST)","267","n/e","n/e","93","405","22","n/e","n/e","n/e","n/e","n/e","n/e","n/e","n/e","n/e","n/e","n/e","178","48","38","89"
"BZN|DK2","08.04.2018 16:00 - 08.04.2018 17:00 (CET/CEST)","268","n/e","n/e","91","411","14","n/e","n/e","n/e","n/e","n/e","n/e","n/e","n/e","n/e","n/e","n/e","140","48","40","83"
"BZN|DK2","08.04.2018 17:00 - 08.04.2018 18:00 (CET/CEST)","262","n/e","n/e","90","408","13","n/e","n/e","n/e","n/e","n/e","n/e","n/e","n/e","n/e","n/e","n/e","87","48","49","78"
"BZN|DK2","08.04.2018 18:00 - 08.04.2018 19:00 (CET/CEST)","259","n/e","n/e","87","405","12","n/e","n/e","n/e","n/e","n/e","n/e","n/e","n/e","n/e","n/e","n/e","37","48","85","76"
"BZN|DK2","08.04.2018 19:00 - 08.04.2018 20:00 (CET/CEST)","270","n/e","n/e","87","417","12","n/e","n/e","n/e","n/e","n/e","n/e","n/e","n/e","n/e","n/e","n/e","7","47","117","86"
"BZN|DK2","08.04.2018 20:00 - 08.04.2018 21:00 (CET/CEST)","311","n/e","n/e","86","415","12","n/e","n/e","n/e","n/e","n/e","n/e","n/e","n/e","n/e","n/e","n/e","0","47","118","114"
"BZN|DK2","08.04.2018 21:00 - 08.04.2018 22:00 (CET/CEST)","290","n/e","n/e","85","407","11","n/e","n/e","n/e","n/e","n/e","n/e","n/e","n/e","n/e","n/e","n/e","0","47","114","153"
"BZN|DK2","08.04.2018 22:00 - 08.04.2018 23:00 (CET/CEST)","285","n/e","n/e","86","385","12","n/e","n/e","n/e","n/e","n/e","n/e","n/e","n/e","n/e","n/e","n/e","0","47","95","167"
"BZN|DK2","08.04.2018 23:00 - 09.04.2018 00:00 (CET/CEST)","289","n/e","n/e","86","317","12","n/e","n/e","n/e","n/e","n/e","n/e","n/e","n/e","n/e","n/e","n/e","0","47","90","147"
"BZN|DK2","09.04.2018 00:00 - 09.04.2018 01:00 (CET/CEST)","303","n/e","n/e","48","251","11","n/e","n/e","n/e","n/e","n/e","n/e","n/e","n/e","n/e","n/e","n/e","0","47","85","135"
"BZN|DK2","09.04.2018 01:00 - 09.04.2018 02:00 (CET/CEST)","292","n/e","n/e","34","232","11","n/e","n/e","n/e","n/e","n/e","n/e","n/e","n/e","n/e","n/e","n/e","0","47","56","122"
"BZN|DK2","09.04.2018 02:00 - 09.04.2018 03:00 (CET/CEST)","312","n/e","n/e","34","228","11","n/e","n/e","n/e","n/e","n/e","n/e","n/e","n/e","n/e","n/e","n/e","0","47","50","101"
"BZN|DK2","09.04.2018 03:00 - 09.04.2018 04:00 (CET/CEST)","317","n/e","n/e","35","225","11","n/e","n/e","n/e","n/e","n/e","n/e","n/e","n/e","n/e","n/e","n/e","0","47","30","81"
"BZN|DK2","09.04.2018 04:00 - 09.04.2018 05:00 (CET/CEST)","327","n/e","n/e","34","230","11","n/e","n/e","n/e","n/e","n/e","n/e","n/e","n/e","n/e","n/e","n/e","0","48","17","72"
"BZN|DK2","09.04.2018 05:00 - 09.04.2018 06:00 (CET/CEST)","389","n/e","n/e","34","228","11","n/e","n/e","n/e","n/e","n/e","n/e","n/e","n/e","n/e","n/e","n/e","0","49","21","63"
"BZN|DK2","09.04.2018 06:00 - 09.04.2018 07:00 (CET/CEST)","385","n/e","n/e","36","359","12","n/e","n/e","n/e","n/e","n/e","n/e","n/e","n/e","n/e","n/e","n/e","2","49","20","53"
"BZN|DK2","09.04.2018 07:00 - 09.04.2018 08:00 (CET/CEST)","427","n/e","n/e","82","426","14","n/e","n/e","n/e","n/e","n/e","n/e","n/e","n/e","n/e","n/e","n/e","20","50","28","43"
"BZN|DK2","09.04.2018 08:00 - 09.04.2018 09:00 (CET/CEST)","556","n/e","n/e","132","433","17","n/e","n/e","n/e","n/e","n/e","n/e","n/e","n/e","n/e","n/e","n/e","39","50","34","45"
"BZN|DK2","09.04.2018 09:00 - 09.04.2018 10:00 (CET/CEST)","561","n/e","n/e","160","422","25","n/e","n/e","n/e","n/e","n/e","n/e","n/e","n/e","n/e","n/e","n/e","62","51","42","36"
"BZN|DK2","09.04.2018 10:00 - 09.04.2018 11:00 (CET/CEST)","547","n/e","n/e","164","426","26","n/e","n/e","n/e","n/e","n/e","n/e","n/e","n/e","n/e","n/e","n/e","103","51","50","26"
"BZN|DK2","09.04.2018 11:00 - 09.04.2018 12:00 (CET/CEST)","487","n/e","n/e","157","423","25","n/e","n/e","n/e","n/e","n/e","n/e","n/e","n/e","n/e","n/e","n/e","161","52","34","13"
"BZN|DK2","09.04.2018 12:00 - 09.04.2018 13:00 (CET/CEST)","472","n/e","n/e","156","407","23","n/e","n/e","n/e","n/e","n/e","n/e","n/e","n/e","n/e","n/e","n/e","182","51","19","10"
"BZN|DK2","09.04.2018 13:00 - 09.04.2018 14:00 (CET/CEST)","461","n/e","n/e","155","402","22","n/e","n/e","n/e","n/e","n/e","n/e","n/e","n/e","n/e","n/e","n/e","179","49","4","17"
"BZN|DK2","09.04.2018 14:00 - 09.04.2018 15:00 (CET/CEST)","471","n/e","n/e","159","425","26","n/e","n/e","n/e","n/e","n/e","n/e","n/e","n/e","n/e","n/e","n/e","159","52","0","26"
"BZN|DK2","09.04.2018 15:00 - 09.04.2018 16:00 (CET/CEST)","468","n/e","n/e","156","418","26","n/e","n/e","n/e","n/e","n/e","n/e","n/e","n/e","n/e","n/e","n/e","145","52","1","36"
"BZN|DK2","09.04.2018 16:00 - 09.04.2018 17:00 (CET/CEST)","488","n/e","n/e","154","411","22","n/e","n/e","n/e","n/e","n/e","n/e","n/e","n/e","n/e","n/e","n/e","107","51","0","27"
"BZN|DK2","09.04.2018 17:00 - 09.04.2018 18:00 (CET/CEST)","509","n/e","n/e","160","423","24","n/e","n/e","n/e","n/e","n/e","n/e","n/e","n/e","n/e","n/e","n/e","69","52","1","44"
"BZN|DK2","09.04.2018 18:00 - 09.04.2018 19:00 (CET/CEST)","516","n/e","n/e","159","422","24","n/e","n/e","n/e","n/e","n/e","n/e","n/e","n/e","n/e","n/e","n/e","29","52","1","73"
"BZN|DK2","09.04.2018 19:00 - 09.04.2018 20:00 (CET/CEST)","516","n/e","n/e","155","417","22","n/e","n/e","n/e","n/e","n/e","n/e","n/e","n/e","n/e","n/e","n/e","5","51","5","89"
"BZN|DK2","09.04.2018 20:00 - 09.04.2018 21:00 (CET/CEST)","445","n/e","n/e","103","410","14","n/e","n/e","n/e","n/e","n/e","n/e","n/e","n/e","n/e","n/e","n/e","0","51","20","107"
"BZN|DK2","09.04.2018 21:00 - 09.04.2018 22:00 (CET/CEST)","352","n/e","n/e","94","338","14","n/e","n/e","n/e","n/e","n/e","n/e","n/e","n/e","n/e","n/e","n/e","0","51","37","137"
"BZN|DK2","09.04.2018 22:00 - 09.04.2018 23:00 (CET/CEST)","326","n/e","n/e","95","334","14","n/e","n/e","n/e","n/e","n/e","n/e","n/e","n/e","n/e","n/e","n/e","0","51","90","146"
"BZN|DK2","09.04.2018 23:00 - 10.04.2018 00:00 (CET/CEST)","267","n/e","n/e","95","272","14","n/e","n/e","n/e","n/e","n/e","n/e","n/e","n/e","n/e","n/e","n/e","0","51","170","142"
"BZN|DK2","10.04.2018 00:00 - 10.04.2018 01:00 (CET/CEST)","292","n/e","n/e","54","267","13","n/e","n/e","n/e","n/e","n/e","n/e","n/e","n/e","n/e","n/e","n/e","0","53","226","145"
"BZN|DK2","10.04.2018 01:00 - 10.04.2018 02:00 (CET/CEST)","301","n/e","n/e","37","222","11","n/e","n/e","n/e","n/e","n/e","n/e","n/e","n/e","n/e","n/e","n/e","0","53","195","148"
"BZN|DK2","10.04.2018 02:00 - 10.04.2018 03:00 (CET/CEST)","308","n/e","n/e","40","232","12","n/e","n/e","n/e","n/e","n/e","n/e","n/e","n/e","n/e","n/e","n/e","0","55","180","133"
"BZN|DK2","10.04.2018 03:00 - 10.04.2018 04:00 (CET/CEST)","321","n/e","n/e","37","239","12","n/e","n/e","n/e","n/e","n/e","n/e","n/e","n/e","n/e","n/e","n/e","0","56","210","141"
"BZN|DK2","10.04.2018 04:00 - 10.04.2018 05:00 (CET/CEST)","321","n/e","n/e","36","245","11","n/e","n/e","n/e","n/e","n/e","n/e","n/e","n/e","n/e","n/e","n/e","0","56","207","147"
"BZN|DK2","10.04.2018 05:00 - 10.04.2018 06:00 (CET/CEST)","342","n/e","n/e","41","275","13","n/e","n/e","n/e","n/e","n/e","n/e","n/e","n/e","n/e","n/e","n/e","0","57","209","159"
"BZN|DK2","10.04.2018 06:00 - 10.04.2018 07:00 (CET/CEST)","385","n/e","n/e","70","392","14","n/e","n/e","n/e","n/e","n/e","n/e","n/e","n/e","n/e","n/e","n/e","1","57","269","200"
"BZN|DK2","10.04.2018 07:00 - 10.04.2018 08:00 (CET/CEST)","435","n/e","n/e","93","332","16","n/e","n/e","n/e","n/e","n/e","n/e","n/e","n/e","n/e","n/e","n/e","13","56","353","263"
"BZN|DK2","10.04.2018 08:00 - 10.04.2018 09:00 (CET/CEST)","459","n/e","n/e","100","417","23","n/e","n/e","n/e","n/e","n/e","n/e","n/e","n/e","n/e","n/e","n/e","33","59","357","312"
"BZN|DK2","10.04.2018 09:00 - 10.04.2018 10:00 (CET/CEST)","471","n/e","n/e","101","423","26","n/e","n/e","n/e","n/e","n/e","n/e","n/e","n/e","n/e","n/e","n/e","59","61","360","386"
"BZN|DK2","10.04.2018 10:00 - 10.04.2018 11:00 (CET/CEST)","465","n/e","n/e","102","328","25","n/e","n/e","n/e","n/e","n/e","n/e","n/e","n/e","n/e","n/e","n/e","93","62","363","417"
"BZN|DK2","10.04.2018 11:00 - 10.04.2018 12:00 (CET/CEST)","409","n/e","n/e","98","253","23","n/e","n/e","n/e","n/e","n/e","n/e","n/e","n/e","n/e","n/e","n/e","121","60","364","430"
"BZN|DK2","10.04.2018 12:00 - 10.04.2018 13:00 (CET/CEST)","449","n/e","n/e","98","305","24","n/e","n/e","n/e","n/e","n/e","n/e","n/e","n/e","n/e","n/e","n/e","138","60","365","458"
"BZN|DK2","10.04.2018 13:00 - 10.04.2018 14:00 (CET/CEST)","433","n/e","n/e","100","324","24","n/e","n/e","n/e","n/e","n/e","n/e","n/e","n/e","n/e","n/e","n/e","140","61","365","473"
"BZN|DK2","10.04.2018 14:00 - 10.04.2018 15:00 (CET/CEST)","315","n/e","n/e","93","291","24","n/e","n/e","n/e","n/e","n/e","n/e","n/e","n/e","n/e","n/e","n/e","131","62","365","471"
"BZN|DK2","10.04.2018 15:00 - 10.04.2018 16:00 (CET/CEST)","304","n/e","n/e","89","243","23","n/e","n/e","n/e","n/e","n/e","n/e","n/e","n/e","n/e","n/e","n/e","129","59","364","486"
"BZN|DK2","10.04.2018 16:00 - 10.04.2018 17:00 (CET/CEST)","320","n/e","n/e","93","275","25","n/e","n/e","n/e","n/e","n/e","n/e","n/e","n/e","n/e","n/e","n/e","112","60","365","516"
"BZN|DK2","10.04.2018 17:00 - 10.04.2018 18:00 (CET/CEST)","435","n/e","n/e","98","337","26","n/e","n/e","n/e","n/e","n/e","n/e","n/e","n/e","n/e","n/e","n/e","70","60","365","516"
"BZN|DK2","10.04.2018 18:00 - 10.04.2018 19:00 (CET/CEST)","410","n/e","n/e","95","346","26","n/e","n/e","n/e","n/e","n/e","n/e","n/e","n/e","n/e","n/e","n/e","34","61","365","502"
"BZN|DK2","10.04.2018 19:00 - 10.04.2018 20:00 (CET/CEST)","409","n/e","n/e","81","326","23","n/e","n/e","n/e","n/e","n/e","n/e","n/e","n/e","n/e","n/e","n/e","8","59","365","492"
"BZN|DK2","10.04.2018 20:00 - 10.04.2018 21:00 (CET/CEST)","412","n/e","n/e","37","305","23","n/e","n/e","n/e","n/e","n/e","n/e","n/e","n/e","n/e","n/e","n/e","0","54","365","491"
"BZN|DK2","10.04.2018 21:00 - 10.04.2018 22:00 (CET/CEST)","369","n/e","n/e","37","265","23","n/e","n/e","n/e","n/e","n/e","n/e","n/e","n/e","n/e","n/e","n/e","0","50","365","501"
"BZN|DK2","10.04.2018 22:00 - 10.04.2018 23:00 (CET/CEST)","352","n/e","n/e","36","286","23","n/e","n/e","n/e","n/e","n/e","n/e","n/e","n/e","n/e","n/e","n/e","0","50","366","496"
"BZN|DK2","10.04.2018 23:00 - 11.04.2018 00:00 (CET/CEST)","288","n/e","n/e","36","261","23","n/e","n/e","n/e","n/e","n/e","n/e","n/e","n/e","n/e","n/e","n/e","0","50","366","490"
"BZN|DK2","11.04.2018 00:00 - 11.04.2018 01:00 (CET/CEST)","278","n/e","n/e","36","269","15","n/e","n/e","n/e","n/e","n/e","n/e","n/e","n/e","n/e","n/e","n/e","0","50","366","491"
"BZN|DK2","11.04.2018 01:00 - 11.04.2018 02:00 (CET/CEST)","277","n/e","n/e","36","248","12","n/e","n/e","n/e","n/e","n/e","n/e","n/e","n/e","n/e","n/e","n/e","0","51","365","485"
"BZN|DK2","11.04.2018 02:00 - 11.04.2018 03:00 (CET/CEST)","277","n/e","n/e","37","239","12","n/e","n/e","n/e","n/e","n/e","n/e","n/e","n/e","n/e","n/e","n/e","0","51","364","467"
"BZN|DK2","11.04.2018 03:00 - 11.04.2018 04:00 (CET/CEST)","278","n/e","n/e","37","249","12","n/e","n/e","n/e","n/e","n/e","n/e","n/e","n/e","n/e","n/e","n/e","0","51","364","448"
"BZN|DK2","11.04.2018 04:00 - 11.04.2018 05:00 (CET/CEST)","280","n/e","n/e","36","235","12","n/e","n/e","n/e","n/e","n/e","n/e","n/e","n/e","n/e","n/e","n/e","0","51","363","445"
"BZN|DK2","11.04.2018 05:00 - 11.04.2018 06:00 (CET/CEST)","280","n/e","n/e","36","239","12","n/e","n/e","n/e","n/e","n/e","n/e","n/e","n/e","n/e","n/e","n/e","0","50","359","425"
"BZN|DK2","11.04.2018 06:00 - 11.04.2018 07:00 (CET/CEST)","280","n/e","n/e","59","263","12","n/e","n/e","n/e","n/e","n/e","n/e","n/e","n/e","n/e","n/e","n/e","2","50","357","417"
"BZN|DK2","11.04.2018 07:00 - 11.04.2018 08:00 (CET/CEST)","278","n/e","n/e","94","289","13","n/e","n/e","n/e","n/e","n/e","n/e","n/e","n/e","n/e","n/e","n/e","19","50","361","412"
"BZN|DK2","11.04.2018 08:00 - 11.04.2018 09:00 (CET/CEST)","281","n/e","n/e","134","332","14","n/e","n/e","n/e","n/e","n/e","n/e","n/e","n/e","n/e","n/e","n/e","57","52","363","427"
"BZN|DK2","11.04.2018 09:00 - 11.04.2018 10:00 (CET/CEST)","283","n/e","n/e","158","400","23","n/e","n/e","n/e","n/e","n/e","n/e","n/e","n/e","n/e","n/e","n/e","101","52","365","442"
"BZN|DK2","11.04.2018 10:00 - 11.04.2018 11:00 (CET/CEST)","279","n/e","n/e","158","390","26","n/e","n/e","n/e","n/e","n/e","n/e","n/e","n/e","n/e","n/e","n/e","145","52","365","439"
"BZN|DK2","11.04.2018 11:00 - 11.04.2018 12:00 (CET/CEST)","277","n/e","n/e","160","279","28","n/e","n/e","n/e","n/e","n/e","n/e","n/e","n/e","n/e","n/e","n/e","182","54","365","434"
"BZN|DK2","11.04.2018 12:00 - 11.04.2018 13:00 (CET/CEST)","276","n/e","n/e","149","262","28","n/e","n/e","n/e","n/e","n/e","n/e","n/e","n/e","n/e","n/e","n/e","203","51","364","422"
"BZN|DK2","11.04.2018 13:00 - 11.04.2018 14:00 (CET/CEST)","276","n/e","n/e","144","260","29","n/e","n/e","n/e","n/e","n/e","n/e","n/e","n/e","n/e","n/e","n/e","211","53","364","434"
"BZN|DK2","11.04.2018 14:00 - 11.04.2018 15:00 (CET/CEST)","277","n/e","n/e","142","208","28","n/e","n/e","n/e","n/e","n/e","n/e","n/e","n/e","n/e","n/e","n/e","202","52","365","436"
"BZN|DK2","11.04.2018 15:00 - 11.04.2018 16:00 (CET/CEST)","277","n/e","n/e","143","214","28","n/e","n/e","n/e","n/e","n/e","n/e","n/e","n/e","n/e","n/e","n/e","177","54","365","435"
"BZN|DK2","11.04.2018 16:00 - 11.04.2018 17:00 (CET/CEST)","278","n/e","n/e","153","222","29","n/e","n/e","n/e","n/e","n/e","n/e","n/e","n/e","n/e","n/e","n/e","141","53","365","450"
"BZN|DK2","11.04.2018 17:00 - 11.04.2018 18:00 (CET/CEST)","277","n/e","n/e","159","254","29","n/e","n/e","n/e","n/e","n/e","n/e","n/e","n/e","n/e","n/e","n/e","94","53","364","461"
"BZN|DK2","11.04.2018 18:00 - 11.04.2018 19:00 (CET/CEST)","277","n/e","n/e","156","243","28","n/e","n/e","n/e","n/e","n/e","n/e","n/e","n/e","n/e","n/e","n/e","44","53","365","475"
"BZN|DK2","11.04.2018 19:00 - 11.04.2018 20:00 (CET/CEST)","278","n/e","n/e","154","238","27","n/e","n/e","n/e","n/e","n/e","n/e","n/e","n/e","n/e","n/e","n/e","10","52","365","447"
"BZN|DK2","11.04.2018 20:00 - 11.04.2018 21:00 (CET/CEST)","279","n/e","n/e","153","277","27","n/e","n/e","n/e","n/e","n/e","n/e","n/e","n/e","n/e","n/e","n/e","0","52","362","408"
"BZN|DK2","11.04.2018 21:00 - 11.04.2018 22:00 (CET/CEST)","278","n/e","n/e","153","291","27","n/e","n/e","n/e","n/e","n/e","n/e","n/e","n/e","n/e","n/e","n/e","0","52","364","439"
"BZN|DK2","11.04.2018 22:00 - 11.04.2018 23:00 (CET/CEST)","279","n/e","n/e","99","280","26","n/e","n/e","n/e","n/e","n/e","n/e","n/e","n/e","n/e","n/e","n/e","0","53","363","413"
"BZN|DK2","11.04.2018 23:00 - 12.04.2018 00:00 (CET/CEST)","276","n/e","n/e","85","258","25","n/e","n/e","n/e","n/e","n/e","n/e","n/e","n/e","n/e","n/e","n/e","0","52","361","405"
"BZN|DK2","12.04.2018 00:00 - 12.04.2018 01:00 (CET/CEST)","282","n/e","n/e","48","238","20","n/e","n/e","n/e","n/e","n/e","n/e","n/e","n/e","n/e","n/e","n/e","0","52","359","400"
"BZN|DK2","12.04.2018 01:00 - 12.04.2018 02:00 (CET/CEST)","283","n/e","n/e","34","235","11","n/e","n/e","n/e","n/e","n/e","n/e","n/e","n/e","n/e","n/e","n/e","0","51","364","391"
"BZN|DK2","12.04.2018 02:00 - 12.04.2018 03:00 (CET/CEST)","282","n/e","n/e","34","232","11","n/e","n/e","n/e","n/e","n/e","n/e","n/e","n/e","n/e","n/e","n/e","0","52","359","386"
"BZN|DK2","12.04.2018 03:00 - 12.04.2018 04:00 (CET/CEST)","283","n/e","n/e","34","233","11","n/e","n/e","n/e","n/e","n/e","n/e","n/e","n/e","n/e","n/e","n/e","0","51","363","357"
"BZN|DK2","12.04.2018 04:00 - 12.04.2018 05:00 (CET/CEST)","278","n/e","n/e","34","234","11","n/e","n/e","n/e","n/e","n/e","n/e","n/e","n/e","n/e","n/e","n/e","0","51","347","349"
"BZN|DK2","12.04.2018 05:00 - 12.04.2018 06:00 (CET/CEST)","276","n/e","n/e","33","290","11","n/e","n/e","n/e","n/e","n/e","n/e","n/e","n/e","n/e","n/e","n/e","0","52","342","366"
"BZN|DK2","12.04.2018 06:00 - 12.04.2018 07:00 (CET/CEST)","280","n/e","n/e","34","369","11","n/e","n/e","n/e","n/e","n/e","n/e","n/e","n/e","n/e","n/e","n/e","1","52","356","395"
"BZN|DK2","12.04.2018 07:00 - 12.04.2018 08:00 (CET/CEST)","280","n/e","n/e","33","326","10","n/e","n/e","n/e","n/e","n/e","n/e","n/e","n/e","n/e","n/e","n/e","7","58","350","405"
"BZN|DK2","12.04.2018 08:00 - 12.04.2018 09:00 (CET/CEST)","283","n/e","n/e","57","358","16","n/e","n/e","n/e","n/e","n/e","n/e","n/e","n/e","n/e","n/e","n/e","35","61","362","414"
"BZN|DK2","12.04.2018 09:00 - 12.04.2018 10:00 (CET/CEST)","279","n/e","n/e","53","364","22","n/e","n/e","n/e","n/e","n/e","n/e","n/e","n/e","n/e","n/e","n/e","86","61","360","427"
"BZN|DK2","12.04.2018 10:00 - 12.04.2018 11:00 (CET/CEST)","280","n/e","n/e","32","340","22","n/e","n/e","n/e","n/e","n/e","n/e","n/e","n/e","n/e","n/e","n/e","133","59","363","415"
"BZN|DK2","12.04.2018 11:00 - 12.04.2018 12:00 (CET/CEST)","282","n/e","n/e","36","312","23","n/e","n/e","n/e","n/e","n/e","n/e","n/e","n/e","n/e","n/e","n/e","177","55","365","487"
"BZN|DK2","12.04.2018 12:00 - 12.04.2018 13:00 (CET/CEST)","282","n/e","n/e","38","252","25","n/e","n/e","n/e","n/e","n/e","n/e","n/e","n/e","n/e","n/e","n/e","185","54","366","520"
"BZN|DK2","12.04.2018 13:00 - 12.04.2018 14:00 (CET/CEST)","279","n/e","n/e","37","244","24","n/e","n/e","n/e","n/e","n/e","n/e","n/e","n/e","n/e","n/e","n/e","210","54","366","536"
"BZN|DK2","12.04.2018 14:00 - 12.04.2018 15:00 (CET/CEST)","283","n/e","n/e","36","260","24","n/e","n/e","n/e","n/e","n/e","n/e","n/e","n/e","n/e","n/e","n/e","200","53","366","542"
"BZN|DK2","12.04.2018 15:00 - 12.04.2018 16:00 (CET/CEST)","284","n/e","n/e","38","260","23","n/e","n/e","n/e","n/e","n/e","n/e","n/e","n/e","n/e","n/e","n/e","167","53","366","534"
"BZN|DK2","12.04.2018 16:00 - 12.04.2018 17:00 (CET/CEST)","283","n/e","n/e","35","255","24","n/e","n/e","n/e","n/e","n/e","n/e","n/e","n/e","n/e","n/e","n/e","121","53","366","535"
"BZN|DK2","12.04.2018 17:00 - 12.04.2018 18:00 (CET/CEST)","286","n/e","n/e","37","263","23","n/e","n/e","n/e","n/e","n/e","n/e","n/e","n/e","n/e","n/e","n/e","67","52","366","534"
"BZN|DK2","12.04.2018 18:00 - 12.04.2018 19:00 (CET/CEST)","284","n/e","n/e","38","278","24","n/e","n/e","n/e","n/e","n/e","n/e","n/e","n/e","n/e","n/e","n/e","28","54","366","535"
"BZN|DK2","12.04.2018 19:00 - 12.04.2018 20:00 (CET/CEST)","284","n/e","n/e","35","328","23","n/e","n/e","n/e","n/e","n/e","n/e","n/e","n/e","n/e","n/e","n/e","8","55","365","539"
"BZN|DK2","12.04.2018 20:00 - 12.04.2018 21:00 (CET/CEST)","283","n/e","n/e","31","279","22","n/e","n/e","n/e","n/e","n/e","n/e","n/e","n/e","n/e","n/e","n/e","0","54","365","534"
"BZN|DK2","12.04.2018 21:00 - 12.04.2018 22:00 (CET/CEST)","283","n/e","n/e","34","338","23","n/e","n/e","n/e","n/e","n/e","n/e","n/e","n/e","n/e","n/e","n/e","0","54","365","537"
"BZN|DK2","12.04.2018 22:00 - 12.04.2018 23:00 (CET/CEST)","280","n/e","n/e","35","289","23","n/e","n/e","n/e","n/e","n/e","n/e","n/e","n/e","n/e","n/e","n/e","0","54","365","532"
"BZN|DK2","12.04.2018 23:00 - 13.04.2018 00:00 (CET/CEST)","277","n/e","n/e","34","256","21","n/e","n/e","n/e","n/e","n/e","n/e","n/e","n/e","n/e","n/e","n/e","0","55","365","530"
"BZN|DK2","13.04.2018 00:00 - 13.04.2018 01:00 (CET/CEST)","284","n/e","n/e","33","223","11","n/e","n/e","n/e","n/e","n/e","n/e","n/e","n/e","n/e","n/e","n/e","0","56","365","514"
"BZN|DK2","13.04.2018 01:00 - 13.04.2018 02:00 (CET/CEST)","283","n/e","n/e","33","252","11","n/e","n/e","n/e","n/e","n/e","n/e","n/e","n/e","n/e","n/e","n/e","0","54","364","502"
"BZN|DK2","13.04.2018 02:00 - 13.04.2018 03:00 (CET/CEST)","283","n/e","n/e","33","248","11","n/e","n/e","n/e","n/e","n/e","n/e","n/e","n/e","n/e","n/e","n/e","0","53","364","491"
"BZN|DK2","13.04.2018 03:00 - 13.04.2018 04:00 (CET/CEST)","282","n/e","n/e","34","250","11","n/e","n/e","n/e","n/e","n/e","n/e","n/e","n/e","n/e","n/e","n/e","0","54","364","484"
"BZN|DK2","13.04.2018 04:00 - 13.04.2018 05:00 (CET/CEST)","280","n/e","n/e","34","249","11","n/e","n/e","n/e","n/e","n/e","n/e","n/e","n/e","n/e","n/e","n/e","0","54","364","496"
"BZN|DK2","13.04.2018 05:00 - 13.04.2018 06:00 (CET/CEST)","283","n/e","n/e","60","258","11","n/e","n/e","n/e","n/e","n/e","n/e","n/e","n/e","n/e","n/e","n/e","0","52","359","488"
"BZN|DK2","13.04.2018 06:00 - 13.04.2018 07:00 (CET/CEST)","282","n/e","n/e","85","399","12","n/e","n/e","n/e","n/e","n/e","n/e","n/e","n/e","n/e","n/e","n/e","3","52","359","484"
"BZN|DK2","13.04.2018 07:00 - 13.04.2018 08:00 (CET/CEST)","283","n/e","n/e","119","446","14","n/e","n/e","n/e","n/e","n/e","n/e","n/e","n/e","n/e","n/e","n/e","19","55","363","484"
"BZN|DK2","13.04.2018 08:00 - 13.04.2018 09:00 (CET/CEST)","280","n/e","n/e","152","437","23","n/e","n/e","n/e","n/e","n/e","n/e","n/e","n/e","n/e","n/e","n/e","45","55","364","478"
"BZN|DK2","13.04.2018 09:00 - 13.04.2018 10:00 (CET/CEST)","278","n/e","n/e","159","393","25","n/e","n/e","n/e","n/e","n/e","n/e","n/e","n/e","n/e","n/e","n/e","79","55","363","502"
"BZN|DK2","13.04.2018 10:00 - 13.04.2018 11:00 (CET/CEST)","283","n/e","n/e","158","322","24","n/e","n/e","n/e","n/e","n/e","n/e","n/e","n/e","n/e","n/e","n/e","109","55","363","489"
"BZN|DK2","13.04.2018 11:00 - 13.04.2018 12:00 (CET/CEST)","283","n/e","n/e","152","328","24","n/e","n/e","n/e","n/e","n/e","n/e","n/e","n/e","n/e","n/e","n/e","134","56","357","497"
"BZN|DK2","13.04.2018 12:00 - 13.04.2018 13:00 (CET/CEST)","281","n/e","n/e","160","338","25","n/e","n/e","n/e","n/e","n/e","n/e","n/e","n/e","n/e","n/e","n/e","160","54","351","504"
"BZN|DK2","13.04.2018 13:00 - 13.04.2018 14:00 (CET/CEST)","284","n/e","n/e","162","400","25","n/e","n/e","n/e","n/e","n/e","n/e","n/e","n/e","n/e","n/e","n/e","166","54","347","489"
"BZN|DK2","13.04.2018 14:00 - 13.04.2018 15:00 (CET/CEST)","285","n/e","n/e","153","413","24","n/e","n/e","n/e","n/e","n/e","n/e","n/e","n/e","n/e","n/e","n/e","170","54","352","482"
"BZN|DK2","13.04.2018 15:00 - 13.04.2018 16:00 (CET/CEST)","282","n/e","n/e","151","400","25","n/e","n/e","n/e","n/e","n/e","n/e","n/e","n/e","n/e","n/e","n/e","154","54","356","465"
"BZN|DK2","13.04.2018 16:00 - 13.04.2018 17:00 (CET/CEST)","279","n/e","n/e","149","343","24","n/e","n/e","n/e","n/e","n/e","n/e","n/e","n/e","n/e","n/e","n/e","116","53","361","446"
"BZN|DK2","13.04.2018 17:00 - 13.04.2018 18:00 (CET/CEST)","282","n/e","n/e","147","340","24","n/e","n/e","n/e","n/e","n/e","n/e","n/e","n/e","n/e","n/e","n/e","63","54","363","455"
"BZN|DK2","13.04.2018 18:00 - 13.04.2018 19:00 (CET/CEST)","282","n/e","n/e","148","358","23","n/e","n/e","n/e","n/e","n/e","n/e","n/e","n/e","n/e","n/e","n/e","31","54","364","440"
"BZN|DK2","13.04.2018 19:00 - 13.04.2018 20:00 (CET/CEST)","284","n/e","n/e","148","324","23","n/e","n/e","n/e","n/e","n/e","n/e","n/e","n/e","n/e","n/e","n/e","7","55","363","398"
"BZN|DK2","13.04.2018 20:00 - 13.04.2018 21:00 (CET/CEST)","283","n/e","n/e","94","297","23","n/e","n/e","n/e","n/e","n/e","n/e","n/e","n/e","n/e","n/e","n/e","0","54","349","397"
"BZN|DK2","13.04.2018 21:00 - 13.04.2018 22:00 (CET/CEST)","297","n/e","n/e","85","295","14","n/e","n/e","n/e","n/e","n/e","n/e","n/e","n/e","n/e","n/e","n/e","0","53","306","394"
"BZN|DK2","13.04.2018 22:00 - 13.04.2018 23:00 (CET/CEST)","299","n/e","n/e","86","283","12","n/e","n/e","n/e","n/e","n/e","n/e","n/e","n/e","n/e","n/e","n/e","0","52","256","372"
"BZN|DK2","13.04.2018 23:00 - 14.04.2018 00:00 (CET/CEST)","282","n/e","n/e","84","280","11","n/e","n/e","n/e","n/e","n/e","n/e","n/e","n/e","n/e","n/e","n/e","0","53","263","311"
"BZN|DK2","14.04.2018 00:00 - 14.04.2018 01:00 (CET/CEST)","288","n/e","n/e","41","245","11","n/e","n/e","n/e","n/e","n/e","n/e","n/e","n/e","n/e","n/e","n/e","0","54","214","234"
"BZN|DK2","14.04.2018 01:00 - 14.04.2018 02:00 (CET/CEST)","267","n/e","n/e","34","241","11","n/e","n/e","n/e","n/e","n/e","n/e","n/e","n/e","n/e","n/e","n/e","0","54","148","221"
"BZN|DK2","14.04.2018 02:00 - 14.04.2018 03:00 (CET/CEST)","266","n/e","n/e","33","231","11","n/e","n/e","n/e","n/e","n/e","n/e","n/e","n/e","n/e","n/e","n/e","0","54","135","168"
"BZN|DK2","14.04.2018 03:00 - 14.04.2018 04:00 (CET/CEST)","267","n/e","n/e","33","227","11","n/e","n/e","n/e","n/e","n/e","n/e","n/e","n/e","n/e","n/e","n/e","0","53","126","190"
"BZN|DK2","14.04.2018 04:00 - 14.04.2018 05:00 (CET/CEST)","293","n/e","n/e","33","240","11","n/e","n/e","n/e","n/e","n/e","n/e","n/e","n/e","n/e","n/e","n/e","0","53","93","164"
"BZN|DK2","14.04.2018 05:00 - 14.04.2018 06:00 (CET/CEST)","298","n/e","n/e","34","239","11","n/e","n/e","n/e","n/e","n/e","n/e","n/e","n/e","n/e","n/e","n/e","0","53","46","127"
"BZN|DK2","14.04.2018 06:00 - 14.04.2018 07:00 (CET/CEST)","307","n/e","n/e","33","227","11","n/e","n/e","n/e","n/e","n/e","n/e","n/e","n/e","n/e","n/e","n/e","2","55","68","113"
"BZN|DK2","14.04.2018 07:00 - 14.04.2018 08:00 (CET/CEST)","316","n/e","n/e","34","252","12","n/e","n/e","n/e","n/e","n/e","n/e","n/e","n/e","n/e","n/e","n/e","15","57","36","75"
"BZN|DK2","14.04.2018 08:00 - 14.04.2018 09:00 (CET/CEST)","322","n/e","n/e","34","320","12","n/e","n/e","n/e","n/e","n/e","n/e","n/e","n/e","n/e","n/e","n/e","24","60","4","62"
"BZN|DK2","14.04.2018 09:00 - 14.04.2018 10:00 (CET/CEST)","321","n/e","n/e","57","309","13","n/e","n/e","n/e","n/e","n/e","n/e","n/e","n/e","n/e","n/e","n/e","38","59","10","69"
"BZN|DK2","14.04.2018 10:00 - 14.04.2018 11:00 (CET/CEST)","318","n/e","n/e","87","317","21","n/e","n/e","n/e","n/e","n/e","n/e","n/e","n/e","n/e","n/e","n/e","56","56","34","66"
"BZN|DK2","14.04.2018 11:00 - 14.04.2018 12:00 (CET/CEST)","260","n/e","n/e","81","305","22","n/e","n/e","n/e","n/e","n/e","n/e","n/e","n/e","n/e","n/e","n/e","86","54","43","83"
"BZN|DK2","14.04.2018 12:00 - 14.04.2018 13:00 (CET/CEST)","208","n/e","n/e","82","303","22","n/e","n/e","n/e","n/e","n/e","n/e","n/e","n/e","n/e","n/e","n/e","91","54","22","94"
"BZN|DK2","14.04.2018 13:00 - 14.04.2018 14:00 (CET/CEST)","250","n/e","n/e","87","311","24","n/e","n/e","n/e","n/e","n/e","n/e","n/e","n/e","n/e","n/e","n/e","78","54","39","106"
"BZN|DK2","14.04.2018 14:00 - 14.04.2018 15:00 (CET/CEST)","251","n/e","n/e","87","307","24","n/e","n/e","n/e","n/e","n/e","n/e","n/e","n/e","n/e","n/e","n/e","69","54","50","105"
"BZN|DK2","14.04.2018 15:00 - 14.04.2018 16:00 (CET/CEST)","251","n/e","n/e","87","302","24","n/e","n/e","n/e","n/e","n/e","n/e","n/e","n/e","n/e","n/e","n/e","49","55","67","102"
"BZN|DK2","14.04.2018 16:00 - 14.04.2018 17:00 (CET/CEST)","261","n/e","n/e","90","295","24","n/e","n/e","n/e","n/e","n/e","n/e","n/e","n/e","n/e","n/e","n/e","26","54","82","117"
"BZN|DK2","14.04.2018 17:00 - 14.04.2018 18:00 (CET/CEST)","317","n/e","n/e","91","284","25","n/e","n/e","n/e","n/e","n/e","n/e","n/e","n/e","n/e","n/e","n/e","14","55","71","128"
"BZN|DK2","14.04.2018 18:00 - 14.04.2018 19:00 (CET/CEST)","321","n/e","n/e","89","339","25","n/e","n/e","n/e","n/e","n/e","n/e","n/e","n/e","n/e","n/e","n/e","5","55","78","138"
"BZN|DK2","14.04.2018 19:00 - 14.04.2018 20:00 (CET/CEST)","319","n/e","n/e","89","335","24","n/e","n/e","n/e","n/e","n/e","n/e","n/e","n/e","n/e","n/e","n/e","1","55","109","159"
"BZN|DK2","14.04.2018 20:00 - 14.04.2018 21:00 (CET/CEST)","321","n/e","n/e","95","305","24","n/e","n/e","n/e","n/e","n/e","n/e","n/e","n/e","n/e","n/e","n/e","0","54","76","163"
"BZN|DK2","14.04.2018 21:00 - 14.04.2018 22:00 (CET/CEST)","321","n/e","n/e","117","395","15","n/e","n/e","n/e","n/e","n/e","n/e","n/e","n/e","n/e","n/e","n/e","0","53","110","137"
"BZN|DK2","14.04.2018 22:00 - 14.04.2018 23:00 (CET/CEST)","321","n/e","n/e","58","376","15","n/e","n/e","n/e","n/e","n/e","n/e","n/e","n/e","n/e","n/e","n/e","0","53","114","131"
"BZN|DK2","14.04.2018 23:00 - 15.04.2018 00:00 (CET/CEST)","320","n/e","n/e","44","360","14","n/e","n/e","n/e","n/e","n/e","n/e","n/e","n/e","n/e","n/e","n/e","0","54","190","157"
"BZN|DK2","15.04.2018 00:00 - 15.04.2018 01:00 (CET/CEST)","319","n/e","n/e","43","259","14","n/e","n/e","n/e","n/e","n/e","n/e","n/e","n/e","n/e","n/e","n/e","0","54","182","163"
"BZN|DK2","15.04.2018 01:00 - 15.04.2018 02:00 (CET/CEST)","319","n/e","n/e","42","250","14","n/e","n/e","n/e","n/e","n/e","n/e","n/e","n/e","n/e","n/e","n/e","0","54","185","154"
"BZN|DK2","15.04.2018 02:00 - 15.04.2018 03:00 (CET/CEST)","320","n/e","n/e","42","251","14","n/e","n/e","n/e","n/e","n/e","n/e","n/e","n/e","n/e","n/e","n/e","0","53","197","161"
"BZN|DK2","15.04.2018 03:00 - 15.04.2018 04:00 (CET/CEST)","311","n/e","n/e","43","253","14","n/e","n/e","n/e","n/e","n/e","n/e","n/e","n/e","n/e","n/e","n/e","0","52","221","156"
"BZN|DK2","15.04.2018 04:00 - 15.04.2018 05:00 (CET/CEST)","312","n/e","n/e","43","259","14","n/e","n/e","n/e","n/e","n/e","n/e","n/e","n/e","n/e","n/e","n/e","0","52","155","100"
"BZN|DK2","15.04.2018 05:00 - 15.04.2018 06:00 (CET/CEST)","317","n/e","n/e","69","252","14","n/e","n/e","n/e","n/e","n/e","n/e","n/e","n/e","n/e","n/e","n/e","0","52","177","104"
"BZN|DK2","15.04.2018 06:00 - 15.04.2018 07:00 (CET/CEST)","318","n/e","n/e","93","255","14","n/e","n/e","n/e","n/e","n/e","n/e","n/e","n/e","n/e","n/e","n/e","0","52","136","103"
"BZN|DK2","15.04.2018 07:00 - 15.04.2018 08:00 (CET/CEST)","322","n/e","n/e","95","284","15","n/e","n/e","n/e","n/e","n/e","n/e","n/e","n/e","n/e","n/e","n/e","5","52","88","83"
"BZN|DK2","15.04.2018 08:00 - 15.04.2018 09:00 (CET/CEST)","314","n/e","n/e","96","297","15","n/e","n/e","n/e","n/e","n/e","n/e","n/e","n/e","n/e","n/e","n/e","12","52","54","76"
"BZN|DK2","15.04.2018 09:00 - 15.04.2018 10:00 (CET/CEST)","320","n/e","n/e","97","326","22","n/e","n/e","n/e","n/e","n/e","n/e","n/e","n/e","n/e","n/e","n/e","24","53","17","53"
"BZN|DK2","15.04.2018 10:00 - 15.04.2018 11:00 (CET/CEST)","321","n/e","n/e","99","316","27","n/e","n/e","n/e","n/e","n/e","n/e","n/e","n/e","n/e","n/e","n/e","41","53","6","38"
"BZN|DK2","15.04.2018 11:00 - 15.04.2018 12:00 (CET/CEST)","320","n/e","n/e","118","345","26","n/e","n/e","n/e","n/e","n/e","n/e","n/e","n/e","n/e","n/e","n/e","52","53","0","28"
"BZN|DK2","15.04.2018 12:00 - 15.04.2018 13:00 (CET/CEST)","319","n/e","n/e","147","361","26","n/e","n/e","n/e","n/e","n/e","n/e","n/e","n/e","n/e","n/e","n/e","48","53","0","15"
"BZN|DK2","15.04.2018 13:00 - 15.04.2018 14:00 (CET/CEST)","320","n/e","n/e","161","362","26","n/e","n/e","n/e","n/e","n/e","n/e","n/e","n/e","n/e","n/e","n/e","43","52","0","10"
"BZN|DK2","15.04.2018 14:00 - 15.04.2018 15:00 (CET/CEST)","318","n/e","n/e","159","366","25","n/e","n/e","n/e","n/e","n/e","n/e","n/e","n/e","n/e","n/e","n/e","36","54","0","11"
"BZN|DK2","15.04.2018 15:00 - 15.04.2018 16:00 (CET/CEST)","317","n/e","n/e","160","369","26","n/e","n/e","n/e","n/e","n/e","n/e","n/e","n/e","n/e","n/e","n/e","34","54","15","16"
"BZN|DK2","15.04.2018 16:00 - 15.04.2018 17:00 (CET/CEST)","313","n/e","n/e","159","370","26","n/e","n/e","n/e","n/e","n/e","n/e","n/e","n/e","n/e","n/e","n/e","33","54","11","22"
"BZN|DK2","15.04.2018 17:00 - 15.04.2018 18:00 (CET/CEST)","311","n/e","n/e","162","376","26","n/e","n/e","n/e","n/e","n/e","n/e","n/e","n/e","n/e","n/e","n/e","28","53","27","19"
"BZN|DK2","15.04.2018 18:00 - 15.04.2018 19:00 (CET/CEST)","314","n/e","n/e","110","364","27","n/e","n/e","n/e","n/e","n/e","n/e","n/e","n/e","n/e","n/e","n/e","15","52","52","27"
"BZN|DK2","15.04.2018 19:00 - 15.04.2018 20:00 (CET/CEST)","313","n/e","n/e","46","423","26","n/e","n/e","n/e","n/e","n/e","n/e","n/e","n/e","n/e","n/e","n/e","4","54","56","30"
"BZN|DK2","15.04.2018 20:00 - 15.04.2018 21:00 (CET/CEST)","312","n/e","n/e","46","445","26","n/e","n/e","n/e","n/e","n/e","n/e","n/e","n/e","n/e","n/e","n/e","0","54","65","33"
"BZN|DK2","15.04.2018 21:00 - 15.04.2018 22:00 (CET/CEST)","310","n/e","n/e","45","409","16","n/e","n/e","n/e","n/e","n/e","n/e","n/e","n/e","n/e","n/e","n/e","0","53","34","32"
"BZN|DK2","15.04.2018 22:00 - 15.04.2018 23:00 (CET/CEST)","312","n/e","n/e","45","363","15","n/e","n/e","n/e","n/e","n/e","n/e","n/e","n/e","n/e","n/e","n/e","0","53","18","26"
"BZN|DK2","15.04.2018 23:00 - 16.04.2018 00:00 (CET/CEST)","300","n/e","n/e","45","302","14","n/e","n/e","n/e","n/e","n/e","n/e","n/e","n/e","n/e","n/e","n/e","0","54","1","16"
"BZN|DK2","16.04.2018 00:00 - 16.04.2018 01:00 (CET/CEST)","304","n/e","n/e","40","256","13","n/e","n/e","n/e","n/e","n/e","n/e","n/e","n/e","n/e","n/e","n/e","0","53","0","15"
"BZN|DK2","16.04.2018 01:00 - 16.04.2018 02:00 (CET/CEST)","310","n/e","n/e","43","264","14","n/e","n/e","n/e","n/e","n/e","n/e","n/e","n/e","n/e","n/e","n/e","0","53","0","18"
"BZN|DK2","16.04.2018 02:00 - 16.04.2018 03:00 (CET/CEST)","314","n/e","n/e","43","275","14","n/e","n/e","n/e","n/e","n/e","n/e","n/e","n/e","n/e","n/e","n/e","0","53","0","22"
"BZN|DK2","16.04.2018 03:00 - 16.04.2018 04:00 (CET/CEST)","328","n/e","n/e","42","263","14","n/e","n/e","n/e","n/e","n/e","n/e","n/e","n/e","n/e","n/e","n/e","0","53","1","23"
"BZN|DK2","16.04.2018 04:00 - 16.04.2018 05:00 (CET/CEST)","308","n/e","n/e","42","326","14","n/e","n/e","n/e","n/e","n/e","n/e","n/e","n/e","n/e","n/e","n/e","0","53","14","25"
"BZN|DK2","16.04.2018 05:00 - 16.04.2018 06:00 (CET/CEST)","338","n/e","n/e","42","346","14","n/e","n/e","n/e","n/e","n/e","n/e","n/e","n/e","n/e","n/e","n/e","0","54","36","32"
"BZN|DK2","16.04.2018 06:00 - 16.04.2018 07:00 (CET/CEST)","403","n/e","n/e","45","351","15","n/e","n/e","n/e","n/e","n/e","n/e","n/e","n/e","n/e","n/e","n/e","1","56","50","29"
"BZN|DK2","16.04.2018 07:00 - 16.04.2018 08:00 (CET/CEST)","498","n/e","n/e","111","393","17","n/e","n/e","n/e","n/e","n/e","n/e","n/e","n/e","n/e","n/e","n/e","11","59","30","32"
"BZN|DK2","16.04.2018 08:00 - 16.04.2018 09:00 (CET/CEST)","589","n/e","n/e","169","468","18","n/e","n/e","n/e","n/e","n/e","n/e","n/e","n/e","n/e","n/e","n/e","23","60","21","23"
"BZN|DK2","16.04.2018 09:00 - 16.04.2018 10:00 (CET/CEST)","532","n/e","n/e","189","488","18","n/e","n/e","n/e","n/e","n/e","n/e","n/e","n/e","n/e","n/e","n/e","39","61","25","19"
"BZN|DK2","16.04.2018 10:00 - 16.04.2018 11:00 (CET/CEST)","534","n/e","n/e","246","512","24","n/e","n/e","n/e","n/e","n/e","n/e","n/e","n/e","n/e","n/e","n/e","72","62","8","19"
"BZN|DK2","16.04.2018 11:00 - 16.04.2018 12:00 (CET/CEST)","540","n/e","n/e","217","474","19","n/e","n/e","n/e","n/e","n/e","n/e","n/e","n/e","n/e","n/e","n/e","112","61","4","11"
"BZN|DK2","16.04.2018 12:00 - 16.04.2018 13:00 (CET/CEST)","523","n/e","n/e","201","475","25","n/e","n/e","n/e","n/e","n/e","n/e","n/e","n/e","n/e","n/e","n/e","128","60","5","12"
"BZN|DK2","16.04.2018 13:00 - 16.04.2018 14:00 (CET/CEST)","503","n/e","n/e","178","474","32","n/e","n/e","n/e","n/e","n/e","n/e","n/e","n/e","n/e","n/e","n/e","132","60","3","11"
"BZN|DK2","16.04.2018 14:00 - 16.04.2018 15:00 (CET/CEST)","478","n/e","n/e","176","464","32","n/e","n/e","n/e","n/e","n/e","n/e","n/e","n/e","n/e","n/e","n/e","118","33","0","11"
"BZN|DK2","16.04.2018 15:00 - 16.04.2018 16:00 (CET/CEST)","464","n/e","n/e","175","465","33","n/e","n/e","n/e","n/e","n/e","n/e","n/e","n/e","n/e","n/e","n/e","104","24","0","7"
"BZN|DK2","16.04.2018 16:00 - 16.04.2018 17:00 (CET/CEST)","512","n/e","n/e","113","452","30","n/e","n/e","n/e","n/e","n/e","n/e","n/e","n/e","n/e","n/e","n/e","92","28","1","7"
"BZN|DK2","16.04.2018 17:00 - 16.04.2018 18:00 (CET/CEST)","554","n/e","n/e","117","451","30","n/e","n/e","n/e","n/e","n/e","n/e","n/e","n/e","n/e","n/e","n/e","70","35","10","7"
"BZN|DK2","16.04.2018 18:00 - 16.04.2018 19:00 (CET/CEST)","537","n/e","n/e","129","437","27","n/e","n/e","n/e","n/e","n/e","n/e","n/e","n/e","n/e","n/e","n/e","40","49","2","9"
"BZN|DK2","16.04.2018 19:00 - 16.04.2018 20:00 (CET/CEST)","536","n/e","n/e","102","436","28","n/e","n/e","n/e","n/e","n/e","n/e","n/e","n/e","n/e","n/e","n/e","13","52","0","12"
"BZN|DK2","16.04.2018 20:00 - 16.04.2018 21:00 (CET/CEST)","534","n/e","n/e","99","452","29","n/e","n/e","n/e","n/e","n/e","n/e","n/e","n/e","n/e","n/e","n/e","1","54","0","12"
"BZN|DK2","16.04.2018 21:00 - 16.04.2018 22:00 (CET/CEST)","553","n/e","n/e","98","437","28","n/e","n/e","n/e","n/e","n/e","n/e","n/e","n/e","n/e","n/e","n/e","0","54","0","20"
"BZN|DK2","16.04.2018 22:00 - 16.04.2018 23:00 (CET/CEST)","484","n/e","n/e","58","437","28","n/e","n/e","n/e","n/e","n/e","n/e","n/e","n/e","n/e","n/e","n/e","0","55","1","27"
"BZN|DK2","16.04.2018 23:00 - 17.04.2018 00:00 (CET/CEST)","411","n/e","n/e","45","408","28","n/e","n/e","n/e","n/e","n/e","n/e","n/e","n/e","n/e","n/e","n/e","0","54","10","39"
"BZN|DK2","17.04.2018 00:00 - 17.04.2018 01:00 (CET/CEST)","341","n/e","n/e","42","395","27","n/e","n/e","n/e","n/e","n/e","n/e","n/e","n/e","n/e","n/e","n/e","0","51","34","41"
"BZN|DK2","17.04.2018 01:00 - 17.04.2018 02:00 (CET/CEST)","321","n/e","n/e","43","338","27","n/e","n/e","n/e","n/e","n/e","n/e","n/e","n/e","n/e","n/e","n/e","0","52","61","41"
"BZN|DK2","17.04.2018 02:00 - 17.04.2018 03:00 (CET/CEST)","326","n/e","n/e","42","312","27","n/e","n/e","n/e","n/e","n/e","n/e","n/e","n/e","n/e","n/e","n/e","0","52","104","57"
"BZN|DK2","17.04.2018 03:00 - 17.04.2018 04:00 (CET/CEST)","330","n/e","n/e","43","320","26","n/e","n/e","n/e","n/e","n/e","n/e","n/e","n/e","n/e","n/e","n/e","0","52","89","48"
"BZN|DK2","17.04.2018 04:00 - 17.04.2018 05:00 (CET/CEST)","324","n/e","n/e","43","303","16","n/e","n/e","n/e","n/e","n/e","n/e","n/e","n/e","n/e","n/e","n/e","0","51","77","39"
"BZN|DK2","17.04.2018 05:00 - 17.04.2018 06:00 (CET/CEST)","354","n/e","n/e","42","317","14","n/e","n/e","n/e","n/e","n/e","n/e","n/e","n/e","n/e","n/e","n/e","0","51","49","33"
"BZN|DK2","17.04.2018 06:00 - 17.04.2018 07:00 (CET/CEST)","442","n/e","n/e","44","391","15","n/e","n/e","n/e","n/e","n/e","n/e","n/e","n/e","n/e","n/e","n/e","2","52","41","35"
"BZN|DK2","17.04.2018 07:00 - 17.04.2018 08:00 (CET/CEST)","532","n/e","n/e","78","435","16","n/e","n/e","n/e","n/e","n/e","n/e","n/e","n/e","n/e","n/e","n/e","11","51","36","31"
"BZN|DK2","17.04.2018 08:00 - 17.04.2018 09:00 (CET/CEST)","460","n/e","n/e","151","443","16","n/e","n/e","n/e","n/e","n/e","n/e","n/e","n/e","n/e","n/e","n/e","25","51","26","38"
"BZN|DK2","17.04.2018 09:00 - 17.04.2018 10:00 (CET/CEST)","440","n/e","n/e","159","434","15","n/e","n/e","n/e","n/e","n/e","n/e","n/e","n/e","n/e","n/e","n/e","47","52","20","23"
"BZN|DK2","17.04.2018 10:00 - 17.04.2018 11:00 (CET/CEST)","413","n/e","n/e","173","436","15","n/e","n/e","n/e","n/e","n/e","n/e","n/e","n/e","n/e","n/e","n/e","63","54","20","25"
"BZN|DK2","17.04.2018 11:00 - 17.04.2018 12:00 (CET/CEST)","372","n/e","n/e","196","443","16","n/e","n/e","n/e","n/e","n/e","n/e","n/e","n/e","n/e","n/e","n/e","93","57","9","34"
"BZN|DK2","17.04.2018 12:00 - 17.04.2018 13:00 (CET/CEST)","357","n/e","n/e","199","446","16","n/e","n/e","n/e","n/e","n/e","n/e","n/e","n/e","n/e","n/e","n/e","139","56","8","48"
"BZN|DK2","17.04.2018 13:00 - 17.04.2018 14:00 (CET/CEST)","417","n/e","n/e","163","456","15","n/e","n/e","n/e","n/e","n/e","n/e","n/e","n/e","n/e","n/e","n/e","179","61","1","43"
"BZN|DK2","17.04.2018 14:00 - 17.04.2018 15:00 (CET/CEST)","418","n/e","n/e","160","444","14","n/e","n/e","n/e","n/e","n/e","n/e","n/e","n/e","n/e","n/e","n/e","171","60","0","53"
"BZN|DK2","17.04.2018 15:00 - 17.04.2018 16:00 (CET/CEST)","491","n/e","n/e","120","418","14","n/e","n/e","n/e","n/e","n/e","n/e","n/e","n/e","n/e","n/e","n/e","150","60","0","47"
"BZN|DK2","17.04.2018 16:00 - 17.04.2018 17:00 (CET/CEST)","445","n/e","n/e","100","425","12","n/e","n/e","n/e","n/e","n/e","n/e","n/e","n/e","n/e","n/e","n/e","119","60","1","41"
"BZN|DK2","17.04.2018 17:00 - 17.04.2018 18:00 (CET/CEST)","433","n/e","n/e","106","423","14","n/e","n/e","n/e","n/e","n/e","n/e","n/e","n/e","n/e","n/e","n/e","73","60","0","39"
"BZN|DK2","17.04.2018 18:00 - 17.04.2018 19:00 (CET/CEST)","550","n/e","n/e","103","437","13","n/e","n/e","n/e","n/e","n/e","n/e","n/e","n/e","n/e","n/e","n/e","37","61","0","28"
"BZN|DK2","17.04.2018 19:00 - 17.04.2018 20:00 (CET/CEST)","559","n/e","n/e","40","423","10","n/e","n/e","n/e","n/e","n/e","n/e","n/e","n/e","n/e","n/e","n/e","9","59","1","21"
"BZN|DK2","17.04.2018 20:00 - 17.04.2018 21:00 (CET/CEST)","469","n/e","n/e","55","405","9","n/e","n/e","n/e","n/e","n/e","n/e","n/e","n/e","n/e","n/e","n/e","0","59","3","21"
"BZN|DK2","17.04.2018 21:00 - 17.04.2018 22:00 (CET/CEST)","408","n/e","n/e","67","400","11","n/e","n/e","n/e","n/e","n/e","n/e","n/e","n/e","n/e","n/e","n/e","0","59","5","36"
"BZN|DK2","17.04.2018 22:00 - 17.04.2018 23:00 (CET/CEST)","415","n/e","n/e","40","397","11","n/e","n/e","n/e","n/e","n/e","n/e","n/e","n/e","n/e","n/e","n/e","0","60","8","51"
"BZN|DK2","17.04.2018 23:00 - 18.04.2018 00:00 (CET/CEST)","309","n/e","n/e","32","337","11","n/e","n/e","n/e","n/e","n/e","n/e","n/e","n/e","n/e","n/e","n/e","0","59","12","62"
"BZN|DK2","18.04.2018 00:00 - 18.04.2018 01:00 (CET/CEST)","283","n/e","n/e","31","274","10","n/e","n/e","n/e","n/e","n/e","n/e","n/e","n/e","n/e","n/e","n/e","0","59","21","93"
"BZN|DK2","18.04.2018 01:00 - 18.04.2018 02:00 (CET/CEST)","263","n/e","n/e","32","226","10","n/e","n/e","n/e","n/e","n/e","n/e","n/e","n/e","n/e","n/e","n/e","0","57","48","128"
"BZN|DK2","18.04.2018 02:00 - 18.04.2018 03:00 (CET/CEST)","264","n/e","n/e","31","231","10","n/e","n/e","n/e","n/e","n/e","n/e","n/e","n/e","n/e","n/e","n/e","0","59","66","173"
"BZN|DK2","18.04.2018 03:00 - 18.04.2018 04:00 (CET/CEST)","265","n/e","n/e","32","235","10","n/e","n/e","n/e","n/e","n/e","n/e","n/e","n/e","n/e","n/e","n/e","0","58","90","202"
"BZN|DK2","18.04.2018 04:00 - 18.04.2018 05:00 (CET/CEST)","268","n/e","n/e","31","225","10","n/e","n/e","n/e","n/e","n/e","n/e","n/e","n/e","n/e","n/e","n/e","0","57","84","207"
"BZN|DK2","18.04.2018 05:00 - 18.04.2018 06:00 (CET/CEST)","375","n/e","n/e","31","218","10","n/e","n/e","n/e","n/e","n/e","n/e","n/e","n/e","n/e","n/e","n/e","0","56","121","220"
"BZN|DK2","18.04.2018 06:00 - 18.04.2018 07:00 (CET/CEST)","377","n/e","n/e","30","243","10","n/e","n/e","n/e","n/e","n/e","n/e","n/e","n/e","n/e","n/e","n/e","4","58","125","220"
"BZN|DK2","18.04.2018 07:00 - 18.04.2018 08:00 (CET/CEST)","355","n/e","n/e","75","347","11","n/e","n/e","n/e","n/e","n/e","n/e","n/e","n/e","n/e","n/e","n/e","24","59","128","203"
"BZN|DK2","18.04.2018 08:00 - 18.04.2018 09:00 (CET/CEST)","343","n/e","n/e","146","406","12","n/e","n/e","n/e","n/e","n/e","n/e","n/e","n/e","n/e","n/e","n/e","48","57","119","161"
"BZN|DK2","18.04.2018 09:00 - 18.04.2018 10:00 (CET/CEST)","261","n/e","n/e","147","415","12","n/e","n/e","n/e","n/e","n/e","n/e","n/e","n/e","n/e","n/e","n/e","99","57","64","113"
"BZN|DK2","18.04.2018 10:00 - 18.04.2018 11:00 (CET/CEST)","249","n/e","n/e","146","392","12","n/e","n/e","n/e","n/e","n/e","n/e","n/e","n/e","n/e","n/e","n/e","153","57","54","80"
"BZN|DK2","18.04.2018 11:00 - 18.04.2018 12:00 (CET/CEST)","255","n/e","n/e","140","398","11","n/e","n/e","n/e","n/e","n/e","n/e","n/e","n/e","n/e","n/e","n/e","186","55","57","80"
"BZN|DK2","18.04.2018 12:00 - 18.04.2018 13:00 (CET/CEST)","239","n/e","n/e","136","382","11","n/e","n/e","n/e","n/e","n/e","n/e","n/e","n/e","n/e","n/e","n/e","198","48","31","101"
"BZN|DK2","18.04.2018 13:00 - 18.04.2018 14:00 (CET/CEST)","264","n/e","n/e","133","334","24","n/e","n/e","n/e","n/e","n/e","n/e","n/e","n/e","n/e","n/e","n/e","201","48","20","125"
"BZN|DK2","18.04.2018 14:00 - 18.04.2018 15:00 (CET/CEST)","281","n/e","n/e","137","312","50","n/e","n/e","n/e","n/e","n/e","n/e","n/e","n/e","n/e","n/e","n/e","178","48","21","156"
"BZN|DK2","18.04.2018 15:00 - 18.04.2018 16:00 (CET/CEST)","280","n/e","n/e","58","298","21","n/e","n/e","n/e","n/e","n/e","n/e","n/e","n/e","n/e","n/e","n/e","135","48","25","189"
"BZN|DK2","18.04.2018 16:00 - 18.04.2018 17:00 (CET/CEST)","295","n/e","n/e","29","317","20","n/e","n/e","n/e","n/e","n/e","n/e","n/e","n/e","n/e","n/e","n/e","115","51","29","197"
"BZN|DK2","18.04.2018 17:00 - 18.04.2018 18:00 (CET/CEST)","346","n/e","n/e","31","343","20","n/e","n/e","n/e","n/e","n/e","n/e","n/e","n/e","n/e","n/e","n/e","84","56","78","160"
"BZN|DK2","18.04.2018 18:00 - 18.04.2018 19:00 (CET/CEST)","248","n/e","n/e","32","399","19","n/e","n/e","n/e","n/e","n/e","n/e","n/e","n/e","n/e","n/e","n/e","41","55","97","121"
"BZN|DK2","18.04.2018 19:00 - 18.04.2018 20:00 (CET/CEST)","198","n/e","n/e","69","378","18","n/e","n/e","n/e","n/e","n/e","n/e","n/e","n/e","n/e","n/e","n/e","12","56","45","85"
"BZN|DK2","18.04.2018 20:00 - 18.04.2018 21:00 (CET/CEST)","228","n/e","n/e","75","384","17","n/e","n/e","n/e","n/e","n/e","n/e","n/e","n/e","n/e","n/e","n/e","1","55","21","49"
"BZN|DK2","18.04.2018 21:00 - 18.04.2018 22:00 (CET/CEST)","219","n/e","n/e","75","379","16","n/e","n/e","n/e","n/e","n/e","n/e","n/e","n/e","n/e","n/e","n/e","0","57","8","35"
"BZN|DK2","18.04.2018 22:00 - 18.04.2018 23:00 (CET/CEST)","221","n/e","n/e","55","389","16","n/e","n/e","n/e","n/e","n/e","n/e","n/e","n/e","n/e","n/e","n/e","0","58","4","29"
"BZN|DK2","18.04.2018 23:00 - 19.04.2018 00:00 (CET/CEST)","175","n/e","n/e","25","370","11","n/e","n/e","n/e","n/e","n/e","n/e","n/e","n/e","n/e","n/e","n/e","0","56","8","23"
"BZN|DK2","19.04.2018 00:00 - 19.04.2018 01:00 (CET/CEST)","140","n/e","n/e","19","268","6","n/e","n/e","n/e","n/e","n/e","n/e","n/e","n/e","n/e","n/e","n/e","0","55","4","20"
"BZN|DK2","19.04.2018 01:00 - 19.04.2018 02:00 (CET/CEST)","125","n/e","n/e","19","218","6","n/e","n/e","n/e","n/e","n/e","n/e","n/e","n/e","n/e","n/e","n/e","0","55","2","17"
"BZN|DK2","19.04.2018 02:00 - 19.04.2018 03:00 (CET/CEST)","138","n/e","n/e","19","244","7","n/e","n/e","n/e","n/e","n/e","n/e","n/e","n/e","n/e","n/e","n/e","0","54","1","15"
"BZN|DK2","19.04.2018 03:00 - 19.04.2018 04:00 (CET/CEST)","137","n/e","n/e","19","247","7","n/e","n/e","n/e","n/e","n/e","n/e","n/e","n/e","n/e","n/e","n/e","0","54","1","12"
"BZN|DK2","19.04.2018 04:00 - 19.04.2018 05:00 (CET/CEST)","122","n/e","n/e","19","256","7","n/e","n/e","n/e","n/e","n/e","n/e","n/e","n/e","n/e","n/e","n/e","0","55","0","9"
"BZN|DK2","19.04.2018 05:00 - 19.04.2018 06:00 (CET/CEST)","115","n/e","n/e","19","265","7","n/e","n/e","n/e","n/e","n/e","n/e","n/e","n/e","n/e","n/e","n/e","0","55","0","7"
"BZN|DK2","19.04.2018 06:00 - 19.04.2018 07:00 (CET/CEST)","171","n/e","n/e","21","364","7","n/e","n/e","n/e","n/e","n/e","n/e","n/e","n/e","n/e","n/e","n/e","6","54","0","7"
"BZN|DK2","19.04.2018 07:00 - 19.04.2018 08:00 (CET/CEST)","152","n/e","n/e","63","382","8","n/e","n/e","n/e","n/e","n/e","n/e","n/e","n/e","n/e","n/e","n/e","32","56","0","6"
"BZN|DK2","19.04.2018 08:00 - 19.04.2018 09:00 (CET/CEST)","135","n/e","n/e","92","411","10","n/e","n/e","n/e","n/e","n/e","n/e","n/e","n/e","n/e","n/e","n/e","76","41","1","8"
"BZN|DK2","19.04.2018 09:00 - 19.04.2018 10:00 (CET/CEST)","106","n/e","n/e","99","425","14","n/e","n/e","n/e","n/e","n/e","n/e","n/e","n/e","n/e","n/e","n/e","124","41","2","7"
"BZN|DK2","19.04.2018 10:00 - 19.04.2018 11:00 (CET/CEST)","105","n/e","n/e","100","426","14","n/e","n/e","n/e","n/e","n/e","n/e","n/e","n/e","n/e","n/e","n/e","161","40","0","9"
"BZN|DK2","19.04.2018 11:00 - 19.04.2018 12:00 (CET/CEST)","130","n/e","n/e","93","413","14","n/e","n/e","n/e","n/e","n/e","n/e","n/e","n/e","n/e","n/e","n/e","185","42","1","11"
"BZN|DK2","19.04.2018 12:00 - 19.04.2018 13:00 (CET/CEST)","147","n/e","n/e","93","341","14","n/e","n/e","n/e","n/e","n/e","n/e","n/e","n/e","n/e","n/e","n/e","199","42","1","12"
"BZN|DK2","19.04.2018 13:00 - 19.04.2018 14:00 (CET/CEST)","149","n/e","n/e","92","323","15","n/e","n/e","n/e","n/e","n/e","n/e","n/e","n/e","n/e","n/e","n/e","202","43","0","14"
"BZN|DK2","19.04.2018 14:00 - 19.04.2018 15:00 (CET/CEST)","145","n/e","n/e","86","385","21","n/e","n/e","n/e","n/e","n/e","n/e","n/e","n/e","n/e","n/e","n/e","194","43","1","16"
"BZN|DK2","19.04.2018 15:00 - 19.04.2018 16:00 (CET/CEST)","170","n/e","n/e","41","372","24","n/e","n/e","n/e","n/e","n/e","n/e","n/e","n/e","n/e","n/e","n/e","175","52","2","17"
"BZN|DK2","19.04.2018 16:00 - 19.04.2018 17:00 (CET/CEST)","144","n/e","n/e","38","360","22","n/e","n/e","n/e","n/e","n/e","n/e","n/e","n/e","n/e","n/e","n/e","139","56","2","22"
"BZN|DK2","19.04.2018 17:00 - 19.04.2018 18:00 (CET/CEST)","226","n/e","n/e","40","370","23","n/e","n/e","n/e","n/e","n/e","n/e","n/e","n/e","n/e","n/e","n/e","91","54","1","24"
"BZN|DK2","19.04.2018 18:00 - 19.04.2018 19:00 (CET/CEST)","250","n/e","n/e","37","394","23","n/e","n/e","n/e","n/e","n/e","n/e","n/e","n/e","n/e","n/e","n/e","45","50","4","26"
"BZN|DK2","19.04.2018 19:00 - 19.04.2018 20:00 (CET/CEST)","238","n/e","n/e","42","390","24","n/e","n/e","n/e","n/e","n/e","n/e","n/e","n/e","n/e","n/e","n/e","13","42","28","32"
"BZN|DK2","19.04.2018 20:00 - 19.04.2018 21:00 (CET/CEST)","167","n/e","n/e","42","378","18","n/e","n/e","n/e","n/e","n/e","n/e","n/e","n/e","n/e","n/e","n/e","1","49","56","52"
"BZN|DK2","19.04.2018 21:00 - 19.04.2018 22:00 (CET/CEST)","208","n/e","n/e","42","360","14","n/e","n/e","n/e","n/e","n/e","n/e","n/e","n/e","n/e","n/e","n/e","0","53","72","88"
"BZN|DK2","19.04.2018 22:00 - 19.04.2018 23:00 (CET/CEST)","191","n/e","n/e","42","283","14","n/e","n/e","n/e","n/e","n/e","n/e","n/e","n/e","n/e","n/e","n/e","0","53","120","131"
"BZN|DK2","19.04.2018 23:00 - 20.04.2018 00:00 (CET/CEST)","150","n/e","n/e","41","264","13","n/e","n/e","n/e","n/e","n/e","n/e","n/e","n/e","n/e","n/e","n/e","0","53","136","148"
"BZN|DK2","20.04.2018 00:00 - 20.04.2018 01:00 (CET/CEST)","105","n/e","n/e","40","245","13","n/e","n/e","n/e","n/e","n/e","n/e","n/e","n/e","n/e","n/e","n/e","0","53","134","136"
"BZN|DK2","20.04.2018 01:00 - 20.04.2018 02:00 (CET/CEST)","118","n/e","n/e","38","252","12","n/e","n/e","n/e","n/e","n/e","n/e","n/e","n/e","n/e","n/e","n/e","0","53","113","127"
"BZN|DK2","20.04.2018 02:00 - 20.04.2018 03:00 (CET/CEST)","120","n/e","n/e","39","247","13","n/e","n/e","n/e","n/e","n/e","n/e","n/e","n/e","n/e","n/e","n/e","0","54","98","120"
"BZN|DK2","20.04.2018 03:00 - 20.04.2018 04:00 (CET/CEST)","132","n/e","n/e","39","245","13","n/e","n/e","n/e","n/e","n/e","n/e","n/e","n/e","n/e","n/e","n/e","0","54","106","109"
"BZN|DK2","20.04.2018 04:00 - 20.04.2018 05:00 (CET/CEST)","134","n/e","n/e","38","243","13","n/e","n/e","n/e","n/e","n/e","n/e","n/e","n/e","n/e","n/e","n/e","0","54","110","118"
"BZN|DK2","20.04.2018 05:00 - 20.04.2018 06:00 (CET/CEST)","106","n/e","n/e","38","302","13","n/e","n/e","n/e","n/e","n/e","n/e","n/e","n/e","n/e","n/e","n/e","0","53","108","123"
"BZN|DK2","20.04.2018 06:00 - 20.04.2018 07:00 (CET/CEST)","112","n/e","n/e","36","334","12","n/e","n/e","n/e","n/e","n/e","n/e","n/e","n/e","n/e","n/e","n/e","6","53","141","133"
"BZN|DK2","20.04.2018 07:00 - 20.04.2018 08:00 (CET/CEST)","135","n/e","n/e","63","358","13","n/e","n/e","n/e","n/e","n/e","n/e","n/e","n/e","n/e","n/e","n/e","32","55","181","131"
"BZN|DK2","20.04.2018 08:00 - 20.04.2018 09:00 (CET/CEST)","138","n/e","n/e","108","394","16","n/e","n/e","n/e","n/e","n/e","n/e","n/e","n/e","n/e","n/e","n/e","78","55","205","123"
"BZN|DK2","20.04.2018 09:00 - 20.04.2018 10:00 (CET/CEST)","174","n/e","n/e","152","454","26","n/e","n/e","n/e","n/e","n/e","n/e","n/e","n/e","n/e","n/e","n/e","127","59","207","133"
"BZN|DK2","20.04.2018 10:00 - 20.04.2018 11:00 (CET/CEST)","217","n/e","n/e","157","415","23","n/e","n/e","n/e","n/e","n/e","n/e","n/e","n/e","n/e","n/e","n/e","166","58","187","146"
"BZN|DK2","20.04.2018 11:00 - 20.04.2018 12:00 (CET/CEST)","158","n/e","n/e","138","344","24","n/e","n/e","n/e","n/e","n/e","n/e","n/e","n/e","n/e","n/e","n/e","189","57","160","162"
"BZN|DK2","20.04.2018 12:00 - 20.04.2018 13:00 (CET/CEST)","158","n/e","n/e","107","294","25","n/e","n/e","n/e","n/e","n/e","n/e","n/e","n/e","n/e","n/e","n/e","201","59","138","180"
"BZN|DK2","20.04.2018 13:00 - 20.04.2018 14:00 (CET/CEST)","106","n/e","n/e","106","313","26","n/e","n/e","n/e","n/e","n/e","n/e","n/e","n/e","n/e","n/e","n/e","204","58","184","174"
"BZN|DK2","20.04.2018 14:00 - 20.04.2018 15:00 (CET/CEST)","21","n/e","n/e","106","313","23","n/e","n/e","n/e","n/e","n/e","n/e","n/e","n/e","n/e","n/e","n/e","195","58","221","200"
"BZN|DK2","20.04.2018 15:00 - 20.04.2018 16:00 (CET/CEST)","21","n/e","n/e","107","296","16","n/e","n/e","n/e","n/e","n/e","n/e","n/e","n/e","n/e","n/e","n/e","177","58","292","242"
"BZN|DK2","20.04.2018 16:00 - 20.04.2018 17:00 (CET/CEST)","21","n/e","n/e","107","296","16","n/e","n/e","n/e","n/e","n/e","n/e","n/e","n/e","n/e","n/e","n/e","141","57","225","271"
"BZN|DK2","20.04.2018 17:00 - 20.04.2018 18:00 (CET/CEST)","21","n/e","n/e","54","319","16","n/e","n/e","n/e","n/e","n/e","n/e","n/e","n/e","n/e","n/e","n/e","92","57","270","336"
"BZN|DK2","20.04.2018 18:00 - 20.04.2018 19:00 (CET/CEST)","19","n/e","n/e","46","370","15","n/e","n/e","n/e","n/e","n/e","n/e","n/e","n/e","n/e","n/e","n/e","45","57","358","366"
"BZN|DK2","20.04.2018 19:00 - 20.04.2018 20:00 (CET/CEST)","18","n/e","n/e","43","342","14","n/e","n/e","n/e","n/e","n/e","n/e","n/e","n/e","n/e","n/e","n/e","13","56","353","356"
"BZN|DK2","20.04.2018 20:00 - 20.04.2018 21:00 (CET/CEST)","12","n/e","n/e","42","345","14","n/e","n/e","n/e","n/e","n/e","n/e","n/e","n/e","n/e","n/e","n/e","1","55","331","344"
"BZN|DK2","20.04.2018 21:00 - 20.04.2018 22:00 (CET/CEST)","8","n/e","n/e","42","320","14","n/e","n/e","n/e","n/e","n/e","n/e","n/e","n/e","n/e","n/e","n/e","0","55","292","302"
"BZN|DK2","20.04.2018 22:00 - 20.04.2018 23:00 (CET/CEST)","5","n/e","n/e","42","309","14","n/e","n/e","n/e","n/e","n/e","n/e","n/e","n/e","n/e","n/e","n/e","0","53","253","251"
"BZN|DK2","20.04.2018 23:00 - 21.04.2018 00:00 (CET/CEST)","5","n/e","n/e","42","317","14","n/e","n/e","n/e","n/e","n/e","n/e","n/e","n/e","n/e","n/e","n/e","0","54","229","206"
"BZN|DK2","21.04.2018 00:00 - 21.04.2018 01:00 (CET/CEST)","5","n/e","n/e","41","306","13","n/e","n/e","n/e","n/e","n/e","n/e","n/e","n/e","n/e","n/e","n/e","0","56","191","197"
"BZN|DK2","21.04.2018 01:00 - 21.04.2018 02:00 (CET/CEST)","5","n/e","n/e","41","249","13","n/e","n/e","n/e","n/e","n/e","n/e","n/e","n/e","n/e","n/e","n/e","0","57","222","188"
"BZN|DK2","21.04.2018 02:00 - 21.04.2018 03:00 (CET/CEST)","5","n/e","n/e","41","254","13","n/e","n/e","n/e","n/e","n/e","n/e","n/e","n/e","n/e","n/e","n/e","0","57","228","173"
"BZN|DK2","21.04.2018 03:00 - 21.04.2018 04:00 (CET/CEST)","5","n/e","n/e","41","245","13","n/e","n/e","n/e","n/e","n/e","n/e","n/e","n/e","n/e","n/e","n/e","0","56","154","134"
"BZN|DK2","21.04.2018 04:00 - 21.04.2018 05:00 (CET/CEST)","5","n/e","n/e","40","251","13","n/e","n/e","n/e","n/e","n/e","n/e","n/e","n/e","n/e","n/e","n/e","0","57","107","122"
"BZN|DK2","21.04.2018 05:00 - 21.04.2018 06:00 (CET/CEST)","5","n/e","n/e","40","261","13","n/e","n/e","n/e","n/e","n/e","n/e","n/e","n/e","n/e","n/e","n/e","0","57","71","118"
"BZN|DK2","21.04.2018 06:00 - 21.04.2018 07:00 (CET/CEST)","5","n/e","n/e","40","240","13","n/e","n/e","n/e","n/e","n/e","n/e","n/e","n/e","n/e","n/e","n/e","6","58","50","112"
"BZN|DK2","21.04.2018 07:00 - 21.04.2018 08:00 (CET/CEST)","5","n/e","n/e","39","249","13","n/e","n/e","n/e","n/e","n/e","n/e","n/e","n/e","n/e","n/e","n/e","36","57","53","108"
"BZN|DK2","21.04.2018 08:00 - 21.04.2018 09:00 (CET/CEST)","6","n/e","n/e","42","251","14","n/e","n/e","n/e","n/e","n/e","n/e","n/e","n/e","n/e","n/e","n/e","83","57","45","120"
"BZN|DK2","21.04.2018 09:00 - 21.04.2018 10:00 (CET/CEST)","9","n/e","n/e","45","220","15","n/e","n/e","n/e","n/e","n/e","n/e","n/e","n/e","n/e","n/e","n/e","135","58","31","128"
"BZN|DK2","21.04.2018 10:00 - 21.04.2018 11:00 (CET/CEST)","10","n/e","n/e","47","220","16","n/e","n/e","n/e","n/e","n/e","n/e","n/e","n/e","n/e","n/e","n/e","175","58","50","133"
"BZN|DK2","21.04.2018 11:00 - 21.04.2018 12:00 (CET/CEST)","11","n/e","n/e","48","222","16","n/e","n/e","n/e","n/e","n/e","n/e","n/e","n/e","n/e","n/e","n/e","200","58","61","138"
"BZN|DK2","21.04.2018 12:00 - 21.04.2018 13:00 (CET/CEST)","17","n/e","n/e","47","225","17","n/e","n/e","n/e","n/e","n/e","n/e","n/e","n/e","n/e","n/e","n/e","213","57","75","146"
"BZN|DK2","21.04.2018 13:00 - 21.04.2018 14:00 (CET/CEST)","19","n/e","n/e","48","228","25","n/e","n/e","n/e","n/e","n/e","n/e","n/e","n/e","n/e","n/e","n/e","212","57","77","158"
"BZN|DK2","21.04.2018 14:00 - 21.04.2018 15:00 (CET/CEST)","20","n/e","n/e","45","229","25","n/e","n/e","n/e","n/e","n/e","n/e","n/e","n/e","n/e","n/e","n/e","202","55","80","166"
"BZN|DK2","21.04.2018 15:00 - 21.04.2018 16:00 (CET/CEST)","23","n/e","n/e","52","243","26","n/e","n/e","n/e","n/e","n/e","n/e","n/e","n/e","n/e","n/e","n/e","176","56","76","167"
"BZN|DK2","21.04.2018 16:00 - 21.04.2018 17:00 (CET/CEST)","90","n/e","n/e","49","225","26","n/e","n/e","n/e","n/e","n/e","n/e","n/e","n/e","n/e","n/e","n/e","146","56","61","150"
"BZN|DK2","21.04.2018 17:00 - 21.04.2018 18:00 (CET/CEST)","117","n/e","n/e","47","236","25","n/e","n/e","n/e","n/e","n/e","n/e","n/e","n/e","n/e","n/e","n/e","99","56","54","127"
"BZN|DK2","21.04.2018 18:00 - 21.04.2018 19:00 (CET/CEST)","103","n/e","n/e","47","225","23","n/e","n/e","n/e","n/e","n/e","n/e","n/e","n/e","n/e","n/e","n/e","48","56","39","93"
"BZN|DK2","21.04.2018 19:00 - 21.04.2018 20:00 (CET/CEST)","128","n/e","n/e","44","224","15","n/e","n/e","n/e","n/e","n/e","n/e","n/e","n/e","n/e","n/e","n/e","15","54","22","58"
"BZN|DK2","21.04.2018 20:00 - 21.04.2018 21:00 (CET/CEST)","140","n/e","n/e","43","213","14","n/e","n/e","n/e","n/e","n/e","n/e","n/e","n/e","n/e","n/e","n/e","1","54","24","61"
"BZN|DK2","21.04.2018 21:00 - 21.04.2018 22:00 (CET/CEST)","141","n/e","n/e","43","227","14","n/e","n/e","n/e","n/e","n/e","n/e","n/e","n/e","n/e","n/e","n/e","0","55","27","57"
"BZN|DK2","21.04.2018 22:00 - 21.04.2018 23:00 (CET/CEST)","140","n/e","n/e","43","206","14","n/e","n/e","n/e","n/e","n/e","n/e","n/e","n/e","n/e","n/e","n/e","0","55","28","54"
"BZN|DK2","21.04.2018 23:00 - 22.04.2018 00:00 (CET/CEST)","154","n/e","n/e","42","213","14","n/e","n/e","n/e","n/e","n/e","n/e","n/e","n/e","n/e","n/e","n/e","0","55","27","53"
"BZN|DK2","22.04.2018 00:00 - 22.04.2018 01:00 (CET/CEST)","164","n/e","n/e","42","218","14","n/e","n/e","n/e","n/e","n/e","n/e","n/e","n/e","n/e","n/e","n/e","0","54","29","43"
"BZN|DK2","22.04.2018 01:00 - 22.04.2018 02:00 (CET/CEST)","178","n/e","n/e","41","207","14","n/e","n/e","n/e","n/e","n/e","n/e","n/e","n/e","n/e","n/e","n/e","0","54","40","34"
"BZN|DK2","22.04.2018 02:00 - 22.04.2018 03:00 (CET/CEST)","179","n/e","n/e","38","209","13","n/e","n/e","n/e","n/e","n/e","n/e","n/e","n/e","n/e","n/e","n/e","0","54","30","21"
"BZN|DK2","22.04.2018 03:00 - 22.04.2018 04:00 (CET/CEST)","185","n/e","n/e","38","216","13","n/e","n/e","n/e","n/e","n/e","n/e","n/e","n/e","n/e","n/e","n/e","0","53","13","15"
"BZN|DK2","22.04.2018 04:00 - 22.04.2018 05:00 (CET/CEST)","172","n/e","n/e","42","227","14","n/e","n/e","n/e","n/e","n/e","n/e","n/e","n/e","n/e","n/e","n/e","0","54","3","8"
"BZN|DK2","22.04.2018 05:00 - 22.04.2018 06:00 (CET/CEST)","172","n/e","n/e","43","219","14","n/e","n/e","n/e","n/e","n/e","n/e","n/e","n/e","n/e","n/e","n/e","0","54","0","6"
"BZN|DK2","22.04.2018 06:00 - 22.04.2018 07:00 (CET/CEST)","189","n/e","n/e","42","223","14","n/e","n/e","n/e","n/e","n/e","n/e","n/e","n/e","n/e","n/e","n/e","8","55","0","4"
"BZN|DK2","22.04.2018 07:00 - 22.04.2018 08:00 (CET/CEST)","159","n/e","n/e","43","230","15","n/e","n/e","n/e","n/e","n/e","n/e","n/e","n/e","n/e","n/e","n/e","35","55","0","4"
"BZN|DK2","22.04.2018 08:00 - 22.04.2018 09:00 (CET/CEST)","160","n/e","n/e","45","212","15","n/e","n/e","n/e","n/e","n/e","n/e","n/e","n/e","n/e","n/e","n/e","75","54","0","3"
"BZN|DK2","22.04.2018 09:00 - 22.04.2018 10:00 (CET/CEST)","181","n/e","n/e","67","219","15","n/e","n/e","n/e","n/e","n/e","n/e","n/e","n/e","n/e","n/e","n/e","120","55","0","4"
"BZN|DK2","22.04.2018 10:00 - 22.04.2018 11:00 (CET/CEST)","188","n/e","n/e","89","223","16","n/e","n/e","n/e","n/e","n/e","n/e","n/e","n/e","n/e","n/e","n/e","155","57","0","4"
"BZN|DK2","22.04.2018 11:00 - 22.04.2018 12:00 (CET/CEST)","187","n/e","n/e","97","228","18","n/e","n/e","n/e","n/e","n/e","n/e","n/e","n/e","n/e","n/e","n/e","183","58","0","4"
"BZN|DK2","22.04.2018 12:00 - 22.04.2018 13:00 (CET/CEST)","187","n/e","n/e","94","233","26","n/e","n/e","n/e","n/e","n/e","n/e","n/e","n/e","n/e","n/e","n/e","201","58","0","6"
"BZN|DK2","22.04.2018 13:00 - 22.04.2018 14:00 (CET/CEST)","187","n/e","n/e","94","226","27","n/e","n/e","n/e","n/e","n/e","n/e","n/e","n/e","n/e","n/e","n/e","203","57","0","11"
"BZN|DK2","22.04.2018 14:00 - 22.04.2018 15:00 (CET/CEST)","177","n/e","n/e","94","228","26","n/e","n/e","n/e","n/e","n/e","n/e","n/e","n/e","n/e","n/e","n/e","192","50","1","15"
"BZN|DK2","22.04.2018 15:00 - 22.04.2018 16:00 (CET/CEST)","178","n/e","n/e","99","237","28","n/e","n/e","n/e","n/e","n/e","n/e","n/e","n/e","n/e","n/e","n/e","164","44","4","22"
"BZN|DK2","22.04.2018 16:00 - 22.04.2018 17:00 (CET/CEST)","178","n/e","n/e","97","244","28","n/e","n/e","n/e","n/e","n/e","n/e","n/e","n/e","n/e","n/e","n/e","128","45","36","32"
"BZN|DK2","22.04.2018 17:00 - 22.04.2018 18:00 (CET/CEST)","177","n/e","n/e","97","246","26","n/e","n/e","n/e","n/e","n/e","n/e","n/e","n/e","n/e","n/e","n/e","87","46","86","42"
"BZN|DK2","22.04.2018 18:00 - 22.04.2018 19:00 (CET/CEST)","180","n/e","n/e","94","248","17","n/e","n/e","n/e","n/e","n/e","n/e","n/e","n/e","n/e","n/e","n/e","49","45","125","63"
"BZN|DK2","22.04.2018 19:00 - 22.04.2018 20:00 (CET/CEST)","183","n/e","n/e","92","252","17","n/e","n/e","n/e","n/e","n/e","n/e","n/e","n/e","n/e","n/e","n/e","15","43","144","71"
"BZN|DK2","22.04.2018 20:00 - 22.04.2018 21:00 (CET/CEST)","182","n/e","n/e","60","220","16","n/e","n/e","n/e","n/e","n/e","n/e","n/e","n/e","n/e","n/e","n/e","1","43","159","111"
"BZN|DK2","22.04.2018 21:00 - 22.04.2018 22:00 (CET/CEST)","182","n/e","n/e","47","216","15","n/e","n/e","n/e","n/e","n/e","n/e","n/e","n/e","n/e","n/e","n/e","0","43","205","169"
"BZN|DK2","22.04.2018 22:00 - 22.04.2018 23:00 (CET/CEST)","187","n/e","n/e","47","208","15","n/e","n/e","n/e","n/e","n/e","n/e","n/e","n/e","n/e","n/e","n/e","0","42","269","219"
"BZN|DK2","22.04.2018 23:00 - 23.04.2018 00:00 (CET/CEST)","187","n/e","n/e","46","215","15","n/e","n/e","n/e","n/e","n/e","n/e","n/e","n/e","n/e","n/e","n/e","0","43","276","261"
"BZN|DK2","23.04.2018 00:00 - 23.04.2018 01:00 (CET/CEST)","181","n/e","n/e","35","196","12","n/e","n/e","n/e","n/e","n/e","n/e","n/e","n/e","n/e","n/e","n/e","0","41","257","301"
"BZN|DK2","23.04.2018 01:00 - 23.04.2018 02:00 (CET/CEST)","176","n/e","n/e","33","186","11","n/e","n/e","n/e","n/e","n/e","n/e","n/e","n/e","n/e","n/e","n/e","0","41","119","236"
"BZN|DK2","23.04.2018 02:00 - 23.04.2018 03:00 (CET/CEST)","177","n/e","n/e","33","205","11","n/e","n/e","n/e","n/e","n/e","n/e","n/e","n/e","n/e","n/e","n/e","0","41","33","179"
"BZN|DK2","23.04.2018 03:00 - 23.04.2018 04:00 (CET/CEST)","177","n/e","n/e","33","203","11","n/e","n/e","n/e","n/e","n/e","n/e","n/e","n/e","n/e","n/e","n/e","0","41","11","96"
"BZN|DK2","23.04.2018 04:00 - 23.04.2018 05:00 (CET/CEST)","176","n/e","n/e","34","198","11","n/e","n/e","n/e","n/e","n/e","n/e","n/e","n/e","n/e","n/e","n/e","0","41","72","134"
"BZN|DK2","23.04.2018 05:00 - 23.04.2018 06:00 (CET/CEST)","180","n/e","n/e","41","227","14","n/e","n/e","n/e","n/e","n/e","n/e","n/e","n/e","n/e","n/e","n/e","0","42","201","213"
"BZN|DK2","23.04.2018 06:00 - 23.04.2018 07:00 (CET/CEST)","189","n/e","n/e","46","313","15","n/e","n/e","n/e","n/e","n/e","n/e","n/e","n/e","n/e","n/e","n/e","3","43","305","248"
"BZN|DK2","23.04.2018 07:00 - 23.04.2018 08:00 (CET/CEST)","192","n/e","n/e","69","266","16","n/e","n/e","n/e","n/e","n/e","n/e","n/e","n/e","n/e","n/e","n/e","21","43","250","225"
"BZN|DK2","23.04.2018 08:00 - 23.04.2018 09:00 (CET/CEST)","192","n/e","n/e","101","243","16","n/e","n/e","n/e","n/e","n/e","n/e","n/e","n/e","n/e","n/e","n/e","54","43","165","240"
"BZN|DK2","23.04.2018 09:00 - 23.04.2018 10:00 (CET/CEST)","193","n/e","n/e","108","225","16","n/e","n/e","n/e","n/e","n/e","n/e","n/e","n/e","n/e","n/e","n/e","80","44","212","259"
"BZN|DK2","23.04.2018 10:00 - 23.04.2018 11:00 (CET/CEST)","194","n/e","n/e","117","230","19","n/e","n/e","n/e","n/e","n/e","n/e","n/e","n/e","n/e","n/e","n/e","95","46","286","263"
"BZN|DK2","23.04.2018 11:00 - 23.04.2018 12:00 (CET/CEST)","180","n/e","n/e","119","267","28","n/e","n/e","n/e","n/e","n/e","n/e","n/e","n/e","n/e","n/e","n/e","153","46","301","310"
"BZN|DK2","23.04.2018 12:00 - 23.04.2018 13:00 (CET/CEST)","177","n/e","n/e","114","306","27","n/e","n/e","n/e","n/e","n/e","n/e","n/e","n/e","n/e","n/e","n/e","187","55","265","344"
"BZN|DK2","23.04.2018 13:00 - 23.04.2018 14:00 (CET/CEST)","174","n/e","n/e","109","249","26","n/e","n/e","n/e","n/e","n/e","n/e","n/e","n/e","n/e","n/e","n/e","188","56","180","390"
"BZN|DK2","23.04.2018 14:00 - 23.04.2018 15:00 (CET/CEST)","180","n/e","n/e","108","215","25","n/e","n/e","n/e","n/e","n/e","n/e","n/e","n/e","n/e","n/e","n/e","177","56","278","427"
"BZN|DK2","23.04.2018 15:00 - 23.04.2018 16:00 (CET/CEST)","190","n/e","n/e","105","212","25","n/e","n/e","n/e","n/e","n/e","n/e","n/e","n/e","n/e","n/e","n/e","142","56","322","449"
"BZN|DK2","23.04.2018 16:00 - 23.04.2018 17:00 (CET/CEST)","189","n/e","n/e","106","218","25","n/e","n/e","n/e","n/e","n/e","n/e","n/e","n/e","n/e","n/e","n/e","119","55","332","475"
"BZN|DK2","23.04.2018 17:00 - 23.04.2018 18:00 (CET/CEST)","182","n/e","n/e","55","219","19","n/e","n/e","n/e","n/e","n/e","n/e","n/e","n/e","n/e","n/e","n/e","82","57","327","485"
"BZN|DK2","23.04.2018 18:00 - 23.04.2018 19:00 (CET/CEST)","183","n/e","n/e","44","220","15","n/e","n/e","n/e","n/e","n/e","n/e","n/e","n/e","n/e","n/e","n/e","43","57","325","454"
"BZN|DK2","23.04.2018 19:00 - 23.04.2018 20:00 (CET/CEST)","183","n/e","n/e","41","222","14","n/e","n/e","n/e","n/e","n/e","n/e","n/e","n/e","n/e","n/e","n/e","12","59","307","452"
"BZN|DK2","23.04.2018 20:00 - 23.04.2018 21:00 (CET/CEST)","181","n/e","n/e","41","237","14","n/e","n/e","n/e","n/e","n/e","n/e","n/e","n/e","n/e","n/e","n/e","1","57","295","378"
"BZN|DK2","23.04.2018 21:00 - 23.04.2018 22:00 (CET/CEST)","182","n/e","n/e","45","274","13","n/e","n/e","n/e","n/e","n/e","n/e","n/e","n/e","n/e","n/e","n/e","0","58","265","318"
"BZN|DK2","23.04.2018 22:00 - 23.04.2018 23:00 (CET/CEST)","181","n/e","n/e","58","280","14","n/e","n/e","n/e","n/e","n/e","n/e","n/e","n/e","n/e","n/e","n/e","0","59","253","322"
"BZN|DK2","23.04.2018 23:00 - 24.04.2018 00:00 (CET/CEST)","177","n/e","n/e","42","257","14","n/e","n/e","n/e","n/e","n/e","n/e","n/e","n/e","n/e","n/e","n/e","0","59","244","329"
"BZN|DK2","24.04.2018 00:00 - 24.04.2018 01:00 (CET/CEST)","180","n/e","n/e","40","235","13","n/e","n/e","n/e","n/e","n/e","n/e","n/e","n/e","n/e","n/e","n/e","0","60","211","319"
"BZN|DK2","24.04.2018 01:00 - 24.04.2018 02:00 (CET/CEST)","164","n/e","n/e","40","228","13","n/e","n/e","n/e","n/e","n/e","n/e","n/e","n/e","n/e","n/e","n/e","0","62","175","272"
"BZN|DK2","24.04.2018 02:00 - 24.04.2018 03:00 (CET/CEST)","155","n/e","n/e","40","213","13","n/e","n/e","n/e","n/e","n/e","n/e","n/e","n/e","n/e","n/e","n/e","0","63","181","237"
"BZN|DK2","24.04.2018 03:00 - 24.04.2018 04:00 (CET/CEST)","157","n/e","n/e","40","221","13","n/e","n/e","n/e","n/e","n/e","n/e","n/e","n/e","n/e","n/e","n/e","0","62","224","249"
"BZN|DK2","24.04.2018 04:00 - 24.04.2018 05:00 (CET/CEST)","167","n/e","n/e","40","218","13","n/e","n/e","n/e","n/e","n/e","n/e","n/e","n/e","n/e","n/e","n/e","0","60","249","247"
"BZN|DK2","24.04.2018 05:00 - 24.04.2018 06:00 (CET/CEST)","170","n/e","n/e","38","208","12","n/e","n/e","n/e","n/e","n/e","n/e","n/e","n/e","n/e","n/e","n/e","0","59","347","261"
"BZN|DK2","24.04.2018 06:00 - 24.04.2018 07:00 (CET/CEST)","182","n/e","n/e","41","210","13","n/e","n/e","n/e","n/e","n/e","n/e","n/e","n/e","n/e","n/e","n/e","1","60","346","286"
"BZN|DK2","24.04.2018 07:00 - 24.04.2018 08:00 (CET/CEST)","201","n/e","n/e","44","209","15","n/e","n/e","n/e","n/e","n/e","n/e","n/e","n/e","n/e","n/e","n/e","12","61","358","312"
"BZN|DK2","24.04.2018 08:00 - 24.04.2018 09:00 (CET/CEST)","281","n/e","n/e","44","208","15","n/e","n/e","n/e","n/e","n/e","n/e","n/e","n/e","n/e","n/e","n/e","30","63","357","381"
"BZN|DK2","24.04.2018 09:00 - 24.04.2018 10:00 (CET/CEST)","273","n/e","n/e","45","212","15","n/e","n/e","n/e","n/e","n/e","n/e","n/e","n/e","n/e","n/e","n/e","41","62","324","436"
"BZN|DK2","24.04.2018 10:00 - 24.04.2018 11:00 (CET/CEST)","245","n/e","n/e","38","200","13","n/e","n/e","n/e","n/e","n/e","n/e","n/e","n/e","n/e","n/e","n/e","44","62","339","479"
"BZN|DK2","24.04.2018 11:00 - 24.04.2018 12:00 (CET/CEST)","225","n/e","n/e","44","209","15","n/e","n/e","n/e","n/e","n/e","n/e","n/e","n/e","n/e","n/e","n/e","45","62","347","480"
"BZN|DK2","24.04.2018 12:00 - 24.04.2018 13:00 (CET/CEST)","198","n/e","n/e","46","211","15","n/e","n/e","n/e","n/e","n/e","n/e","n/e","n/e","n/e","n/e","n/e","106","63","337","487"
"BZN|DK2","24.04.2018 13:00 - 24.04.2018 14:00 (CET/CEST)","201","n/e","n/e","46","212","15","n/e","n/e","n/e","n/e","n/e","n/e","n/e","n/e","n/e","n/e","n/e","138","63","301","526"
"BZN|DK2","24.04.2018 14:00 - 24.04.2018 15:00 (CET/CEST)","201","n/e","n/e","49","214","16","n/e","n/e","n/e","n/e","n/e","n/e","n/e","n/e","n/e","n/e","n/e","160","63","331","546"
"BZN|DK2","24.04.2018 15:00 - 24.04.2018 16:00 (CET/CEST)","203","n/e","n/e","46","209","15","n/e","n/e","n/e","n/e","n/e","n/e","n/e","n/e","n/e","n/e","n/e","148","63","332","554"
"BZN|DK2","24.04.2018 16:00 - 24.04.2018 17:00 (CET/CEST)","197","n/e","n/e","45","206","15","n/e","n/e","n/e","n/e","n/e","n/e","n/e","n/e","n/e","n/e","n/e","111","64","339","523"
"BZN|DK2","24.04.2018 17:00 - 24.04.2018 18:00 (CET/CEST)","190","n/e","n/e","41","201","13","n/e","n/e","n/e","n/e","n/e","n/e","n/e","n/e","n/e","n/e","n/e","70","61","313","495"
"BZN|DK2","24.04.2018 18:00 - 24.04.2018 19:00 (CET/CEST)","201","n/e","n/e","39","246","13","n/e","n/e","n/e","n/e","n/e","n/e","n/e","n/e","n/e","n/e","n/e","42","59","296","481"
"BZN|DK2","24.04.2018 19:00 - 24.04.2018 20:00 (CET/CEST)","214","n/e","n/e","35","333","11","n/e","n/e","n/e","n/e","n/e","n/e","n/e","n/e","n/e","n/e","n/e","18","59","276","434"
"BZN|DK2","24.04.2018 20:00 - 24.04.2018 21:00 (CET/CEST)","189","n/e","n/e","35","356","11","n/e","n/e","n/e","n/e","n/e","n/e","n/e","n/e","n/e","n/e","n/e","1","61","310","343"
"BZN|DK2","24.04.2018 21:00 - 24.04.2018 22:00 (CET/CEST)","182","n/e","n/e","34","376","11","n/e","n/e","n/e","n/e","n/e","n/e","n/e","n/e","n/e","n/e","n/e","0","61","176","316"
"BZN|DK2","24.04.2018 22:00 - 24.04.2018 23:00 (CET/CEST)","181","n/e","n/e","34","376","11","n/e","n/e","n/e","n/e","n/e","n/e","n/e","n/e","n/e","n/e","n/e","0","62","169","291"
"BZN|DK2","24.04.2018 23:00 - 25.04.2018 00:00 (CET/CEST)","169","n/e","n/e","32","251","11","n/e","n/e","n/e","n/e","n/e","n/e","n/e","n/e","n/e","n/e","n/e","0","59","153","253"
"BZN|DK2","25.04.2018 00:00 - 25.04.2018 01:00 (CET/CEST)","159","n/e","n/e","24","198","8","n/e","n/e","n/e","n/e","n/e","n/e","n/e","n/e","n/e","n/e","n/e","0","59","80","193"
"BZN|DK2","25.04.2018 01:00 - 25.04.2018 02:00 (CET/CEST)","160","n/e","n/e","24","195","8","n/e","n/e","n/e","n/e","n/e","n/e","n/e","n/e","n/e","n/e","n/e","0","56","41","125"
"BZN|DK2","25.04.2018 02:00 - 25.04.2018 03:00 (CET/CEST)","159","n/e","n/e","26","205","9","n/e","n/e","n/e","n/e","n/e","n/e","n/e","n/e","n/e","n/e","n/e","0","56","40","84"
"BZN|DK2","25.04.2018 03:00 - 25.04.2018 04:00 (CET/CEST)","162","n/e","n/e","32","229","11","n/e","n/e","n/e","n/e","n/e","n/e","n/e","n/e","n/e","n/e","n/e","0","42","39","59"
"BZN|DK2","25.04.2018 04:00 - 25.04.2018 05:00 (CET/CEST)","160","n/e","n/e","33","224","11","n/e","n/e","n/e","n/e","n/e","n/e","n/e","n/e","n/e","n/e","n/e","0","42","10","40"
"BZN|DK2","25.04.2018 05:00 - 25.04.2018 06:00 (CET/CEST)","173","n/e","n/e","34","218","11","n/e","n/e","n/e","n/e","n/e","n/e","n/e","n/e","n/e","n/e","n/e","0","42","13","53"
"BZN|DK2","25.04.2018 06:00 - 25.04.2018 07:00 (CET/CEST)","184","n/e","n/e","34","222","11","n/e","n/e","n/e","n/e","n/e","n/e","n/e","n/e","n/e","n/e","n/e","2","42","53","66"
"BZN|DK2","25.04.2018 07:00 - 25.04.2018 08:00 (CET/CEST)","254","n/e","n/e","43","325","9","n/e","n/e","n/e","n/e","n/e","n/e","n/e","n/e","n/e","n/e","n/e","5","42","108","87"
"BZN|DK2","25.04.2018 08:00 - 25.04.2018 09:00 (CET/CEST)","310","n/e","n/e","76","366","8","n/e","n/e","n/e","n/e","n/e","n/e","n/e","n/e","n/e","n/e","n/e","7","44","354","70"
"BZN|DK2","25.04.2018 09:00 - 25.04.2018 10:00 (CET/CEST)","303","n/e","n/e","84","363","8","n/e","n/e","n/e","n/e","n/e","n/e","n/e","n/e","n/e","n/e","n/e","26","45","347","60"
"BZN|DK2","25.04.2018 10:00 - 25.04.2018 11:00 (CET/CEST)","243","n/e","n/e","86","368","9","n/e","n/e","n/e","n/e","n/e","n/e","n/e","n/e","n/e","n/e","n/e","47","42","325","66"
"BZN|DK2","25.04.2018 11:00 - 25.04.2018 12:00 (CET/CEST)","202","n/e","n/e","86","378","9","n/e","n/e","n/e","n/e","n/e","n/e","n/e","n/e","n/e","n/e","n/e","77","43","197","148"
"BZN|DK2","25.04.2018 12:00 - 25.04.2018 13:00 (CET/CEST)","204","n/e","n/e","90","411","11","n/e","n/e","n/e","n/e","n/e","n/e","n/e","n/e","n/e","n/e","n/e","115","43","107","173"
"BZN|DK2","25.04.2018 13:00 - 25.04.2018 14:00 (CET/CEST)","198","n/e","n/e","87","413","17","n/e","n/e","n/e","n/e","n/e","n/e","n/e","n/e","n/e","n/e","n/e","128","58","132","163"
"BZN|DK2","25.04.2018 14:00 - 25.04.2018 15:00 (CET/CEST)","181","n/e","n/e","86","317","16","n/e","n/e","n/e","n/e","n/e","n/e","n/e","n/e","n/e","n/e","n/e","157","59","155","173"
"BZN|DK2","25.04.2018 15:00 - 25.04.2018 16:00 (CET/CEST)","191","n/e","n/e","78","253","15","n/e","n/e","n/e","n/e","n/e","n/e","n/e","n/e","n/e","n/e","n/e","155","59","150","200"
"BZN|DK2","25.04.2018 16:00 - 25.04.2018 17:00 (CET/CEST)","195","n/e","n/e","81","206","17","n/e","n/e","n/e","n/e","n/e","n/e","n/e","n/e","n/e","n/e","n/e","111","58","197","322"
"BZN|DK2","25.04.2018 17:00 - 25.04.2018 18:00 (CET/CEST)","197","n/e","n/e","28","185","15","n/e","n/e","n/e","n/e","n/e","n/e","n/e","n/e","n/e","n/e","n/e","81","57","287","376"
"BZN|DK2","25.04.2018 18:00 - 25.04.2018 19:00 (CET/CEST)","192","n/e","n/e","15","185","6","n/e","n/e","n/e","n/e","n/e","n/e","n/e","n/e","n/e","n/e","n/e","43","59","296","449"
"BZN|DK2","25.04.2018 19:00 - 25.04.2018 20:00 (CET/CEST)","194","n/e","n/e","18","190","6","n/e","n/e","n/e","n/e","n/e","n/e","n/e","n/e","n/e","n/e","n/e","14","60","285","406"
"BZN|DK2","25.04.2018 20:00 - 25.04.2018 21:00 (CET/CEST)","191","n/e","n/e","17","245","6","n/e","n/e","n/e","n/e","n/e","n/e","n/e","n/e","n/e","n/e","n/e","1","60","200","318"
"BZN|DK2","25.04.2018 21:00 - 25.04.2018 22:00 (CET/CEST)","197","n/e","n/e","17","261","6","n/e","n/e","n/e","n/e","n/e","n/e","n/e","n/e","n/e","n/e","n/e","0","59","137","257"
"BZN|DK2","25.04.2018 22:00 - 25.04.2018 23:00 (CET/CEST)","196","n/e","n/e","16","195","5","n/e","n/e","n/e","n/e","n/e","n/e","n/e","n/e","n/e","n/e","n/e","0","60","103","233"
"BZN|DK2","25.04.2018 23:00 - 26.04.2018 00:00 (CET/CEST)","213","n/e","n/e","15","188","5","n/e","n/e","n/e","n/e","n/e","n/e","n/e","n/e","n/e","n/e","n/e","0","60","176","246"
"BZN|DK2","26.04.2018 00:00 - 26.04.2018 01:00 (CET/CEST)","171","n/e","n/e","14","193","5","n/e","n/e","n/e","n/e","n/e","n/e","n/e","n/e","n/e","n/e","n/e","0","60","269","250"
"BZN|DK2","26.04.2018 01:00 - 26.04.2018 02:00 (CET/CEST)","165","n/e","n/e","14","191","5","n/e","n/e","n/e","n/e","n/e","n/e","n/e","n/e","n/e","n/e","n/e","0","59","272","256"
"BZN|DK2","26.04.2018 02:00 - 26.04.2018 03:00 (CET/CEST)","189","n/e","n/e","13","189","5","n/e","n/e","n/e","n/e","n/e","n/e","n/e","n/e","n/e","n/e","n/e","0","59","261","253"
"BZN|DK2","26.04.2018 03:00 - 26.04.2018 04:00 (CET/CEST)","228","n/e","n/e","14","188","5","n/e","n/e","n/e","n/e","n/e","n/e","n/e","n/e","n/e","n/e","n/e","0","59","224","213"
"BZN|DK2","26.04.2018 04:00 - 26.04.2018 05:00 (CET/CEST)","239","n/e","n/e","14","187","5","n/e","n/e","n/e","n/e","n/e","n/e","n/e","n/e","n/e","n/e","n/e","0","60","152","160"
"BZN|DK2","26.04.2018 05:00 - 26.04.2018 06:00 (CET/CEST)","251","n/e","n/e","14","189","5","n/e","n/e","n/e","n/e","n/e","n/e","n/e","n/e","n/e","n/e","n/e","0","59","114","143"
"BZN|DK2","26.04.2018 06:00 - 26.04.2018 07:00 (CET/CEST)","312","n/e","n/e","14","202","5","n/e","n/e","n/e","n/e","n/e","n/e","n/e","n/e","n/e","n/e","n/e","7","59","146","141"
"BZN|DK2","26.04.2018 07:00 - 26.04.2018 08:00 (CET/CEST)","322","n/e","n/e","19","303","6","n/e","n/e","n/e","n/e","n/e","n/e","n/e","n/e","n/e","n/e","n/e","26","60","170","158"
"BZN|DK2","26.04.2018 08:00 - 26.04.2018 09:00 (CET/CEST)","334","n/e","n/e","26","371","8","n/e","n/e","n/e","n/e","n/e","n/e","n/e","n/e","n/e","n/e","n/e","53","51","141","164"
"BZN|DK2","26.04.2018 09:00 - 26.04.2018 10:00 (CET/CEST)","292","n/e","n/e","68","380","10","n/e","n/e","n/e","n/e","n/e","n/e","n/e","n/e","n/e","n/e","n/e","82","45","104","169"
"BZN|DK2","26.04.2018 10:00 - 26.04.2018 11:00 (CET/CEST)","215","n/e","n/e","92","348","18","n/e","n/e","n/e","n/e","n/e","n/e","n/e","n/e","n/e","n/e","n/e","109","44","77","178"
"BZN|DK2","26.04.2018 11:00 - 26.04.2018 12:00 (CET/CEST)","178","n/e","n/e","96","305","20","n/e","n/e","n/e","n/e","n/e","n/e","n/e","n/e","n/e","n/e","n/e","122","46","110","205"
"BZN|DK2","26.04.2018 12:00 - 26.04.2018 13:00 (CET/CEST)","175","n/e","n/e","106","228","21","n/e","n/e","n/e","n/e","n/e","n/e","n/e","n/e","n/e","n/e","n/e","148","46","82","245"
"BZN|DK2","26.04.2018 13:00 - 26.04.2018 14:00 (CET/CEST)","171","n/e","n/e","115","207","17","n/e","n/e","n/e","n/e","n/e","n/e","n/e","n/e","n/e","n/e","n/e","129","45","161","332"
"BZN|DK2","26.04.2018 14:00 - 26.04.2018 15:00 (CET/CEST)","176","n/e","n/e","130","231","20","n/e","n/e","n/e","n/e","n/e","n/e","n/e","n/e","n/e","n/e","n/e","84","46","107","322"
"BZN|DK2","26.04.2018 15:00 - 26.04.2018 16:00 (CET/CEST)","180","n/e","n/e","145","245","22","n/e","n/e","n/e","n/e","n/e","n/e","n/e","n/e","n/e","n/e","n/e","93","47","152","335"
"BZN|DK2","26.04.2018 16:00 - 26.04.2018 17:00 (CET/CEST)","178","n/e","n/e","137","277","24","n/e","n/e","n/e","n/e","n/e","n/e","n/e","n/e","n/e","n/e","n/e","102","46","275","362"
"BZN|DK2","26.04.2018 17:00 - 26.04.2018 18:00 (CET/CEST)","247","n/e","n/e","97","237","22","n/e","n/e","n/e","n/e","n/e","n/e","n/e","n/e","n/e","n/e","n/e","82","45","323","398"
"BZN|DK2","26.04.2018 18:00 - 26.04.2018 19:00 (CET/CEST)","329","n/e","n/e","37","288","21","n/e","n/e","n/e","n/e","n/e","n/e","n/e","n/e","n/e","n/e","n/e","42","45","316","384"
"BZN|DK2","26.04.2018 19:00 - 26.04.2018 20:00 (CET/CEST)","321","n/e","n/e","34","414","18","n/e","n/e","n/e","n/e","n/e","n/e","n/e","n/e","n/e","n/e","n/e","14","45","310","386"
"BZN|DK2","26.04.2018 20:00 - 26.04.2018 21:00 (CET/CEST)","319","n/e","n/e","32","340","11","n/e","n/e","n/e","n/e","n/e","n/e","n/e","n/e","n/e","n/e","n/e","1","46","321","371"
"BZN|DK2","26.04.2018 21:00 - 26.04.2018 22:00 (CET/CEST)","319","n/e","n/e","31","291","10","n/e","n/e","n/e","n/e","n/e","n/e","n/e","n/e","n/e","n/e","n/e","0","46","276","330"
"BZN|DK2","26.04.2018 22:00 - 26.04.2018 23:00 (CET/CEST)","314","n/e","n/e","31","303","10","n/e","n/e","n/e","n/e","n/e","n/e","n/e","n/e","n/e","n/e","n/e","0","46","246","337"
"BZN|DK2","26.04.2018 23:00 - 27.04.2018 00:00 (CET/CEST)","318","n/e","n/e","31","240","10","n/e","n/e","n/e","n/e","n/e","n/e","n/e","n/e","n/e","n/e","n/e","0","45","203","298"
"BZN|DK2","27.04.2018 00:00 - 27.04.2018 01:00 (CET/CEST)","320","n/e","n/e","31","234","10","n/e","n/e","n/e","n/e","n/e","n/e","n/e","n/e","n/e","n/e","n/e","0","45","161","288"
"BZN|DK2","27.04.2018 01:00 - 27.04.2018 02:00 (CET/CEST)","319","n/e","n/e","31","242","10","n/e","n/e","n/e","n/e","n/e","n/e","n/e","n/e","n/e","n/e","n/e","0","45","219","305"
"BZN|DK2","27.04.2018 02:00 - 27.04.2018 03:00 (CET/CEST)","315","n/e","n/e","29","241","10","n/e","n/e","n/e","n/e","n/e","n/e","n/e","n/e","n/e","n/e","n/e","0","45","269","313"
"BZN|DK2","27.04.2018 03:00 - 27.04.2018 04:00 (CET/CEST)","322","n/e","n/e","30","257","10","n/e","n/e","n/e","n/e","n/e","n/e","n/e","n/e","n/e","n/e","n/e","0","45","281","301"
"BZN|DK2","27.04.2018 04:00 - 27.04.2018 05:00 (CET/CEST)","313","n/e","n/e","31","238","10","n/e","n/e","n/e","n/e","n/e","n/e","n/e","n/e","n/e","n/e","n/e","0","46","309","301"
"BZN|DK2","27.04.2018 05:00 - 27.04.2018 06:00 (CET/CEST)","312","n/e","n/e","30","249","10","n/e","n/e","n/e","n/e","n/e","n/e","n/e","n/e","n/e","n/e","n/e","0","46","267","279"
"BZN|DK2","27.04.2018 06:00 - 27.04.2018 07:00 (CET/CEST)","321","n/e","n/e","34","333","11","n/e","n/e","n/e","n/e","n/e","n/e","n/e","n/e","n/e","n/e","n/e","7","46","246","263"
"BZN|DK2","27.04.2018 07:00 - 27.04.2018 08:00 (CET/CEST)","316","n/e","n/e","54","354","11","n/e","n/e","n/e","n/e","n/e","n/e","n/e","n/e","n/e","n/e","n/e","26","46","198","270"
"BZN|DK2","27.04.2018 08:00 - 27.04.2018 09:00 (CET/CEST)","309","n/e","n/e","96","399","12","n/e","n/e","n/e","n/e","n/e","n/e","n/e","n/e","n/e","n/e","n/e","60","47","190","293"
"BZN|DK2","27.04.2018 09:00 - 27.04.2018 10:00 (CET/CEST)","291","n/e","n/e","110","430","14","n/e","n/e","n/e","n/e","n/e","n/e","n/e","n/e","n/e","n/e","n/e","116","47","137","285"
"BZN|DK2","27.04.2018 10:00 - 27.04.2018 11:00 (CET/CEST)","291","n/e","n/e","105","344","23","n/e","n/e","n/e","n/e","n/e","n/e","n/e","n/e","n/e","n/e","n/e","155","48","103","272"
"BZN|DK2","27.04.2018 11:00 - 27.04.2018 12:00 (CET/CEST)","293","n/e","n/e","110","294","26","n/e","n/e","n/e","n/e","n/e","n/e","n/e","n/e","n/e","n/e","n/e","176","49","125","249"
"BZN|DK2","27.04.2018 12:00 - 27.04.2018 13:00 (CET/CEST)","244","n/e","n/e","106","278","28","n/e","n/e","n/e","n/e","n/e","n/e","n/e","n/e","n/e","n/e","n/e","172","48","135","233"
"BZN|DK2","27.04.2018 13:00 - 27.04.2018 14:00 (CET/CEST)","175","n/e","n/e","103","266","27","n/e","n/e","n/e","n/e","n/e","n/e","n/e","n/e","n/e","n/e","n/e","158","49","80","216"
"BZN|DK2","27.04.2018 14:00 - 27.04.2018 15:00 (CET/CEST)","167","n/e","n/e","103","261","26","n/e","n/e","n/e","n/e","n/e","n/e","n/e","n/e","n/e","n/e","n/e","161","49","49","190"
"BZN|DK2","27.04.2018 15:00 - 27.04.2018 16:00 (CET/CEST)","168","n/e","n/e","102","254","27","n/e","n/e","n/e","n/e","n/e","n/e","n/e","n/e","n/e","n/e","n/e","142","49","31","160"
"BZN|DK2","27.04.2018 16:00 - 27.04.2018 17:00 (CET/CEST)","176","n/e","n/e","99","251","25","n/e","n/e","n/e","n/e","n/e","n/e","n/e","n/e","n/e","n/e","n/e","106","48","13","114"
"BZN|DK2","27.04.2018 17:00 - 27.04.2018 18:00 (CET/CEST)","193","n/e","n/e","61","261","26","n/e","n/e","n/e","n/e","n/e","n/e","n/e","n/e","n/e","n/e","n/e","75","48","4","75"
"BZN|DK2","27.04.2018 18:00 - 27.04.2018 19:00 (CET/CEST)","280","n/e","n/e","47","330","25","n/e","n/e","n/e","n/e","n/e","n/e","n/e","n/e","n/e","n/e","n/e","38","47","2","39"
"BZN|DK2","27.04.2018 19:00 - 27.04.2018 20:00 (CET/CEST)","287","n/e","n/e","47","336","21","n/e","n/e","n/e","n/e","n/e","n/e","n/e","n/e","n/e","n/e","n/e","12","49","12","30"
"BZN|DK2","27.04.2018 20:00 - 27.04.2018 21:00 (CET/CEST)","297","n/e","n/e","48","340","16","n/e","n/e","n/e","n/e","n/e","n/e","n/e","n/e","n/e","n/e","n/e","1","49","33","21"
"BZN|DK2","27.04.2018 21:00 - 27.04.2018 22:00 (CET/CEST)","301","n/e","n/e","47","356","15","n/e","n/e","n/e","n/e","n/e","n/e","n/e","n/e","n/e","n/e","n/e","0","48","46","26"
"BZN|DK2","27.04.2018 22:00 - 27.04.2018 23:00 (CET/CEST)","229","n/e","n/e","46","331","15","n/e","n/e","n/e","n/e","n/e","n/e","n/e","n/e","n/e","n/e","n/e","0","47","26","21"
"BZN|DK2","27.04.2018 23:00 - 28.04.2018 00:00 (CET/CEST)","182","n/e","n/e","45","257","15","n/e","n/e","n/e","n/e","n/e","n/e","n/e","n/e","n/e","n/e","n/e","0","47","53","22"
"BZN|DK2","28.04.2018 00:00 - 28.04.2018 01:00 (CET/CEST)","177","n/e","n/e","42","242","14","n/e","n/e","n/e","n/e","n/e","n/e","n/e","n/e","n/e","n/e","n/e","0","47","83","23"
"BZN|DK2","28.04.2018 01:00 - 28.04.2018 02:00 (CET/CEST)","176","n/e","n/e","39","232","13","n/e","n/e","n/e","n/e","n/e","n/e","n/e","n/e","n/e","n/e","n/e","0","46","78","38"
"BZN|DK2","28.04.2018 02:00 - 28.04.2018 03:00 (CET/CEST)","180","n/e","n/e","42","244","14","n/e","n/e","n/e","n/e","n/e","n/e","n/e","n/e","n/e","n/e","n/e","0","46","70","45"
"BZN|DK2","28.04.2018 03:00 - 28.04.2018 04:00 (CET/CEST)","179","n/e","n/e","43","250","14","n/e","n/e","n/e","n/e","n/e","n/e","n/e","n/e","n/e","n/e","n/e","0","47","32","50"
"BZN|DK2","28.04.2018 04:00 - 28.04.2018 05:00 (CET/CEST)","175","n/e","n/e","43","243","14","n/e","n/e","n/e","n/e","n/e","n/e","n/e","n/e","n/e","n/e","n/e","0","47","2","40"
"BZN|DK2","28.04.2018 05:00 - 28.04.2018 06:00 (CET/CEST)","173","n/e","n/e","44","245","14","n/e","n/e","n/e","n/e","n/e","n/e","n/e","n/e","n/e","n/e","n/e","0","48","2","33"
"BZN|DK2","28.04.2018 06:00 - 28.04.2018 07:00 (CET/CEST)","178","n/e","n/e","37","238","12","n/e","n/e","n/e","n/e","n/e","n/e","n/e","n/e","n/e","n/e","n/e","7","46","1","36"
"BZN|DK2","28.04.2018 07:00 - 28.04.2018 08:00 (CET/CEST)","175","n/e","n/e","37","244","12","n/e","n/e","n/e","n/e","n/e","n/e","n/e","n/e","n/e","n/e","n/e","36","46","1","32"
"BZN|DK2","28.04.2018 08:00 - 28.04.2018 09:00 (CET/CEST)","181","n/e","n/e","38","269","13","n/e","n/e","n/e","n/e","n/e","n/e","n/e","n/e","n/e","n/e","n/e","84","47","5","16"
"BZN|DK2","28.04.2018 09:00 - 28.04.2018 10:00 (CET/CEST)","172","n/e","n/e","76","284","14","n/e","n/e","n/e","n/e","n/e","n/e","n/e","n/e","n/e","n/e","n/e","135","47","2","9"
"BZN|DK2","28.04.2018 10:00 - 28.04.2018 11:00 (CET/CEST)","173","n/e","n/e","99","303","14","n/e","n/e","n/e","n/e","n/e","n/e","n/e","n/e","n/e","n/e","n/e","171","46","2","9"
"BZN|DK2","28.04.2018 11:00 - 28.04.2018 12:00 (CET/CEST)","173","n/e","n/e","102","338","14","n/e","n/e","n/e","n/e","n/e","n/e","n/e","n/e","n/e","n/e","n/e","192","47","3","11"
"BZN|DK2","28.04.2018 12:00 - 28.04.2018 13:00 (CET/CEST)","169","n/e","n/e","97","341","14","n/e","n/e","n/e","n/e","n/e","n/e","n/e","n/e","n/e","n/e","n/e","193","47","14","26"
"BZN|DK2","28.04.2018 13:00 - 28.04.2018 14:00 (CET/CEST)","171","n/e","n/e","96","338","19","n/e","n/e","n/e","n/e","n/e","n/e","n/e","n/e","n/e","n/e","n/e","177","47","54","43"
"BZN|DK2","28.04.2018 14:00 - 28.04.2018 15:00 (CET/CEST)","176","n/e","n/e","92","276","20","n/e","n/e","n/e","n/e","n/e","n/e","n/e","n/e","n/e","n/e","n/e","130","46","99","61"
"BZN|DK2","28.04.2018 15:00 - 28.04.2018 16:00 (CET/CEST)","179","n/e","n/e","94","286","20","n/e","n/e","n/e","n/e","n/e","n/e","n/e","n/e","n/e","n/e","n/e","80","46","32","94"
"BZN|DK2","28.04.2018 16:00 - 28.04.2018 17:00 (CET/CEST)","176","n/e","n/e","97","284","22","n/e","n/e","n/e","n/e","n/e","n/e","n/e","n/e","n/e","n/e","n/e","44","46","14","94"
"BZN|DK2","28.04.2018 17:00 - 28.04.2018 18:00 (CET/CEST)","174","n/e","n/e","99","313","22","n/e","n/e","n/e","n/e","n/e","n/e","n/e","n/e","n/e","n/e","n/e","34","47","11","86"
"BZN|DK2","28.04.2018 18:00 - 28.04.2018 19:00 (CET/CEST)","165","n/e","n/e","98","302","22","n/e","n/e","n/e","n/e","n/e","n/e","n/e","n/e","n/e","n/e","n/e","24","47","11","75"
"BZN|DK2","28.04.2018 19:00 - 28.04.2018 20:00 (CET/CEST)","159","n/e","n/e","98","300","22","n/e","n/e","n/e","n/e","n/e","n/e","n/e","n/e","n/e","n/e","n/e","10","47","15","59"
"BZN|DK2","28.04.2018 20:00 - 28.04.2018 21:00 (CET/CEST)","163","n/e","n/e","45","395","16","n/e","n/e","n/e","n/e","n/e","n/e","n/e","n/e","n/e","n/e","n/e","1","46","4","53"
"BZN|DK2","28.04.2018 21:00 - 28.04.2018 22:00 (CET/CEST)","159","n/e","n/e","36","399","12","n/e","n/e","n/e","n/e","n/e","n/e","n/e","n/e","n/e","n/e","n/e","0","46","9","51"
"BZN|DK2","28.04.2018 22:00 - 28.04.2018 23:00 (CET/CEST)","160","n/e","n/e","40","392","12","n/e","n/e","n/e","n/e","n/e","n/e","n/e","n/e","n/e","n/e","n/e","0","46","5","62"
"BZN|DK2","28.04.2018 23:00 - 29.04.2018 00:00 (CET/CEST)","160","n/e","n/e","45","346","12","n/e","n/e","n/e","n/e","n/e","n/e","n/e","n/e","n/e","n/e","n/e","0","47","11","63"
"BZN|DK2","29.04.2018 00:00 - 29.04.2018 01:00 (CET/CEST)","157","n/e","n/e","35","226","11","n/e","n/e","n/e","n/e","n/e","n/e","n/e","n/e","n/e","n/e","n/e","0","47","19","68"
"BZN|DK2","29.04.2018 01:00 - 29.04.2018 02:00 (CET/CEST)","155","n/e","n/e","33","212","11","n/e","n/e","n/e","n/e","n/e","n/e","n/e","n/e","n/e","n/e","n/e","0","47","6","69"
"BZN|DK2","29.04.2018 02:00 - 29.04.2018 03:00 (CET/CEST)","159","n/e","n/e","34","223","11","n/e","n/e","n/e","n/e","n/e","n/e","n/e","n/e","n/e","n/e","n/e","0","46","17","57"
"BZN|DK2","29.04.2018 03:00 - 29.04.2018 04:00 (CET/CEST)","161","n/e","n/e","34","226","11","n/e","n/e","n/e","n/e","n/e","n/e","n/e","n/e","n/e","n/e","n/e","0","47","19","37"
"BZN|DK2","29.04.2018 04:00 - 29.04.2018 05:00 (CET/CEST)","160","n/e","n/e","36","217","12","n/e","n/e","n/e","n/e","n/e","n/e","n/e","n/e","n/e","n/e","n/e","0","47","12","21"
"BZN|DK2","29.04.2018 05:00 - 29.04.2018 06:00 (CET/CEST)","157","n/e","n/e","42","221","14","n/e","n/e","n/e","n/e","n/e","n/e","n/e","n/e","n/e","n/e","n/e","0","48","9","23"
"BZN|DK2","29.04.2018 06:00 - 29.04.2018 07:00 (CET/CEST)","159","n/e","n/e","43","224","14","n/e","n/e","n/e","n/e","n/e","n/e","n/e","n/e","n/e","n/e","n/e","7","48","3","14"
"BZN|DK2","29.04.2018 07:00 - 29.04.2018 08:00 (CET/CEST)","161","n/e","n/e","56","244","15","n/e","n/e","n/e","n/e","n/e","n/e","n/e","n/e","n/e","n/e","n/e","25","46","1","9"
"BZN|DK2","29.04.2018 08:00 - 29.04.2018 09:00 (CET/CEST)","164","n/e","n/e","85","249","15","n/e","n/e","n/e","n/e","n/e","n/e","n/e","n/e","n/e","n/e","n/e","54","47","1","7"
"BZN|DK2","29.04.2018 09:00 - 29.04.2018 10:00 (CET/CEST)","165","n/e","n/e","91","249","15","n/e","n/e","n/e","n/e","n/e","n/e","n/e","n/e","n/e","n/e","n/e","94","58","0","8"
"BZN|DK2","29.04.2018 10:00 - 29.04.2018 11:00 (CET/CEST)","165","n/e","n/e","92","242","14","n/e","n/e","n/e","n/e","n/e","n/e","n/e","n/e","n/e","n/e","n/e","129","58","0","8"
"BZN|DK2","29.04.2018 11:00 - 29.04.2018 12:00 (CET/CEST)","166","n/e","n/e","95","252","16","n/e","n/e","n/e","n/e","n/e","n/e","n/e","n/e","n/e","n/e","n/e","175","51","0","9"
"BZN|DK2","29.04.2018 12:00 - 29.04.2018 13:00 (CET/CEST)","165","n/e","n/e","100","271","18","n/e","n/e","n/e","n/e","n/e","n/e","n/e","n/e","n/e","n/e","n/e","200","49","0","9"
"BZN|DK2","29.04.2018 13:00 - 29.04.2018 14:00 (CET/CEST)","178","n/e","n/e","100","294","25","n/e","n/e","n/e","n/e","n/e","n/e","n/e","n/e","n/e","n/e","n/e","202","49","0","10"
"BZN|DK2","29.04.2018 14:00 - 29.04.2018 15:00 (CET/CEST)","169","n/e","n/e","102","268","26","n/e","n/e","n/e","n/e","n/e","n/e","n/e","n/e","n/e","n/e","n/e","186","49","6","14"
"BZN|DK2","29.04.2018 15:00 - 29.04.2018 16:00 (CET/CEST)","171","n/e","n/e","100","269","26","n/e","n/e","n/e","n/e","n/e","n/e","n/e","n/e","n/e","n/e","n/e","162","48","24","21"
"BZN|DK2","29.04.2018 16:00 - 29.04.2018 17:00 (CET/CEST)","171","n/e","n/e","92","247","24","n/e","n/e","n/e","n/e","n/e","n/e","n/e","n/e","n/e","n/e","n/e","113","45","37","28"
"BZN|DK2","29.04.2018 17:00 - 29.04.2018 18:00 (CET/CEST)","170","n/e","n/e","93","251","19","n/e","n/e","n/e","n/e","n/e","n/e","n/e","n/e","n/e","n/e","n/e","42","47","80","41"
"BZN|DK2","29.04.2018 18:00 - 29.04.2018 19:00 (CET/CEST)","165","n/e","n/e","96","265","15","n/e","n/e","n/e","n/e","n/e","n/e","n/e","n/e","n/e","n/e","n/e","15","47","105","76"
"BZN|DK2","29.04.2018 19:00 - 29.04.2018 20:00 (CET/CEST)","164","n/e","n/e","92","241","14","n/e","n/e","n/e","n/e","n/e","n/e","n/e","n/e","n/e","n/e","n/e","6","48","129","98"
"BZN|DK2","29.04.2018 20:00 - 29.04.2018 21:00 (CET/CEST)","164","n/e","n/e","87","241","14","n/e","n/e","n/e","n/e","n/e","n/e","n/e","n/e","n/e","n/e","n/e","1","47","164","116"
"BZN|DK2","29.04.2018 21:00 - 29.04.2018 22:00 (CET/CEST)","165","n/e","n/e","89","265","14","n/e","n/e","n/e","n/e","n/e","n/e","n/e","n/e","n/e","n/e","n/e","0","48","187","147"
"BZN|DK2","29.04.2018 22:00 - 29.04.2018 23:00 (CET/CEST)","165","n/e","n/e","57","267","14","n/e","n/e","n/e","n/e","n/e","n/e","n/e","n/e","n/e","n/e","n/e","0","48","256","173"
"BZN|DK2","29.04.2018 23:00 - 30.04.2018 00:00 (CET/CEST)","167","n/e","n/e","43","226","14","n/e","n/e","n/e","n/e","n/e","n/e","n/e","n/e","n/e","n/e","n/e","0","47","292","190"
"BZN|DK2","30.04.2018 00:00 - 30.04.2018 01:00 (CET/CEST)","167","n/e","n/e","41","248","13","n/e","n/e","n/e","n/e","n/e","n/e","n/e","n/e","n/e","n/e","n/e","0","47","310","214"
"BZN|DK2","30.04.2018 01:00 - 30.04.2018 02:00 (CET/CEST)","166","n/e","n/e","41","233","13","n/e","n/e","n/e","n/e","n/e","n/e","n/e","n/e","n/e","n/e","n/e","0","47","317","213"
"BZN|DK2","30.04.2018 02:00 - 30.04.2018 03:00 (CET/CEST)","164","n/e","n/e","42","231","14","n/e","n/e","n/e","n/e","n/e","n/e","n/e","n/e","n/e","n/e","n/e","0","48","323","239"
"BZN|DK2","30.04.2018 03:00 - 30.04.2018 04:00 (CET/CEST)","163","n/e","n/e","32","210","10","n/e","n/e","n/e","n/e","n/e","n/e","n/e","n/e","n/e","n/e","n/e","0","46","346","245"
"BZN|DK2","30.04.2018 04:00 - 30.04.2018 05:00 (CET/CEST)","161","n/e","n/e","29","191","10","n/e","n/e","n/e","n/e","n/e","n/e","n/e","n/e","n/e","n/e","n/e","0","46","349","316"
"BZN|DK2","30.04.2018 05:00 - 30.04.2018 06:00 (CET/CEST)","162","n/e","n/e","28","193","10","n/e","n/e","n/e","n/e","n/e","n/e","n/e","n/e","n/e","n/e","n/e","0","46","362","388"
"BZN|DK2","30.04.2018 06:00 - 30.04.2018 07:00 (CET/CEST)","164","n/e","n/e","27","206","10","n/e","n/e","n/e","n/e","n/e","n/e","n/e","n/e","n/e","n/e","n/e","11","46","364","462"
"BZN|DK2","30.04.2018 07:00 - 30.04.2018 08:00 (CET/CEST)","165","n/e","n/e","34","236","11","n/e","n/e","n/e","n/e","n/e","n/e","n/e","n/e","n/e","n/e","n/e","38","46","369","492"
"BZN|DK2","30.04.2018 08:00 - 30.04.2018 09:00 (CET/CEST)","162","n/e","n/e","36","221","12","n/e","n/e","n/e","n/e","n/e","n/e","n/e","n/e","n/e","n/e","n/e","74","45","364","515"
"BZN|DK2","30.04.2018 09:00 - 30.04.2018 10:00 (CET/CEST)","153","n/e","n/e","35","214","11","n/e","n/e","n/e","n/e","n/e","n/e","n/e","n/e","n/e","n/e","n/e","132","45","363","538"
"BZN|DK2","30.04.2018 10:00 - 30.04.2018 11:00 (CET/CEST)","156","n/e","n/e","38","244","12","n/e","n/e","n/e","n/e","n/e","n/e","n/e","n/e","n/e","n/e","n/e","166","45","364","544"
"BZN|DK2","30.04.2018 11:00 - 30.04.2018 12:00 (CET/CEST)","173","n/e","n/e","35","300","37","n/e","n/e","n/e","n/e","n/e","n/e","n/e","n/e","n/e","n/e","n/e","179","43","365","527"
"BZN|DK2","30.04.2018 12:00 - 30.04.2018 13:00 (CET/CEST)","157","n/e","n/e","27","222","10","n/e","n/e","n/e","n/e","n/e","n/e","n/e","n/e","n/e","n/e","n/e","162","43","353","526"
"BZN|DK2","30.04.2018 13:00 - 30.04.2018 14:00 (CET/CEST)","158","n/e","n/e","22","208","8","n/e","n/e","n/e","n/e","n/e","n/e","n/e","n/e","n/e","n/e","n/e","125","42","271","484"
"BZN|DK2","30.04.2018 14:00 - 30.04.2018 15:00 (CET/CEST)","158","n/e","n/e","24","222","8","n/e","n/e","n/e","n/e","n/e","n/e","n/e","n/e","n/e","n/e","n/e","78","43","149","365"
"BZN|DK2","30.04.2018 15:00 - 30.04.2018 16:00 (CET/CEST)","159","n/e","n/e","28","224","9","n/e","n/e","n/e","n/e","n/e","n/e","n/e","n/e","n/e","n/e","n/e","56","44","73","272"
"BZN|DK2","30.04.2018 16:00 - 30.04.2018 17:00 (CET/CEST)","164","n/e","n/e","33","230","11","n/e","n/e","n/e","n/e","n/e","n/e","n/e","n/e","n/e","n/e","n/e","42","43","40","216"
"BZN|DK2","30.04.2018 17:00 - 30.04.2018 18:00 (CET/CEST)","169","n/e","n/e","35","251","11","n/e","n/e","n/e","n/e","n/e","n/e","n/e","n/e","n/e","n/e","n/e","17","43","90","229"
"BZN|DK2","30.04.2018 18:00 - 30.04.2018 19:00 (CET/CEST)","171","n/e","n/e","34","224","12","n/e","n/e","n/e","n/e","n/e","n/e","n/e","n/e","n/e","n/e","n/e","3","43","81","238"
"BZN|DK2","30.04.2018 19:00 - 30.04.2018 20:00 (CET/CEST)","171","n/e","n/e","39","231","13","n/e","n/e","n/e","n/e","n/e","n/e","n/e","n/e","n/e","n/e","n/e","2","56","26","128"
"BZN|DK2","30.04.2018 20:00 - 30.04.2018 21:00 (CET/CEST)","168","n/e","n/e","40","271","13","n/e","n/e","n/e","n/e","n/e","n/e","n/e","n/e","n/e","n/e","n/e","0","61","14","91"
"BZN|DK2","30.04.2018 21:00 - 30.04.2018 22:00 (CET/CEST)","169","n/e","n/e","33","265","11","n/e","n/e","n/e","n/e","n/e","n/e","n/e","n/e","n/e","n/e","n/e","0","59","29","69"
"BZN|DK2","30.04.2018 22:00 - 30.04.2018 23:00 (CET/CEST)","190","n/e","n/e","33","254","11","n/e","n/e","n/e","n/e","n/e","n/e","n/e","n/e","n/e","n/e","n/e","0","60","102","101"
"BZN|DK2","30.04.2018 23:00 - 01.05.2018 00:00 (CET/CEST)","178","n/e","n/e","32","220","11","n/e","n/e","n/e","n/e","n/e","n/e","n/e","n/e","n/e","n/e","n/e","0","60","137","111"
"BZN|DK2","01.05.2018 00:00 - 01.05.2018 01:00 (CET/CEST)","167","n/e","n/e","27","216","9","n/e","n/e","n/e","n/e","n/e","n/e","n/e","n/e","n/e","n/e","n/e","0","60","156","126"
"BZN|DK2","01.05.2018 01:00 - 01.05.2018 02:00 (CET/CEST)","185","n/e","n/e","27","212","9","n/e","n/e","n/e","n/e","n/e","n/e","n/e","n/e","n/e","n/e","n/e","0","60","168","137"
"BZN|DK2","01.05.2018 02:00 - 01.05.2018 03:00 (CET/CEST)","223","n/e","n/e","25","208","8","n/e","n/e","n/e","n/e","n/e","n/e","n/e","n/e","n/e","n/e","n/e","0","59","154","187"
"BZN|DK2","01.05.2018 03:00 - 01.05.2018 04:00 (CET/CEST)","225","n/e","n/e","24","221","8","n/e","n/e","n/e","n/e","n/e","n/e","n/e","n/e","n/e","n/e","n/e","0","60","128","135"
"BZN|DK2","01.05.2018 04:00 - 01.05.2018 05:00 (CET/CEST)","223","n/e","n/e","24","208","8","n/e","n/e","n/e","n/e","n/e","n/e","n/e","n/e","n/e","n/e","n/e","0","60","302","179"
"BZN|DK2","01.05.2018 05:00 - 01.05.2018 06:00 (CET/CEST)","187","n/e","n/e","24","216","8","n/e","n/e","n/e","n/e","n/e","n/e","n/e","n/e","n/e","n/e","n/e","1","58","279","213"
"BZN|DK2","01.05.2018 06:00 - 01.05.2018 07:00 (CET/CEST)","187","n/e","n/e","25","222","8","n/e","n/e","n/e","n/e","n/e","n/e","n/e","n/e","n/e","n/e","n/e","9","56","286","224"
"BZN|DK2","01.05.2018 07:00 - 01.05.2018 08:00 (CET/CEST)","191","n/e","n/e","28","249","9","n/e","n/e","n/e","n/e","n/e","n/e","n/e","n/e","n/e","n/e","n/e","29","59","359","241"
"BZN|DK2","01.05.2018 08:00 - 01.05.2018 09:00 (CET/CEST)","194","n/e","n/e","38","312","13","n/e","n/e","n/e","n/e","n/e","n/e","n/e","n/e","n/e","n/e","n/e","34","62","352","307"
"BZN|DK2","01.05.2018 09:00 - 01.05.2018 10:00 (CET/CEST)","211","n/e","n/e","38","337","12","n/e","n/e","n/e","n/e","n/e","n/e","n/e","n/e","n/e","n/e","n/e","46","60","357","352"
"BZN|DK2","01.05.2018 10:00 - 01.05.2018 11:00 (CET/CEST)","202","n/e","n/e","40","369","13","n/e","n/e","n/e","n/e","n/e","n/e","n/e","n/e","n/e","n/e","n/e","58","58","365","395"
"BZN|DK2","01.05.2018 11:00 - 01.05.2018 12:00 (CET/CEST)","164","n/e","n/e","41","372","14","n/e","n/e","n/e","n/e","n/e","n/e","n/e","n/e","n/e","n/e","n/e","64","57","373","440"
"BZN|DK2","01.05.2018 12:00 - 01.05.2018 13:00 (CET/CEST)","162","n/e","n/e","41","381","13","n/e","n/e","n/e","n/e","n/e","n/e","n/e","n/e","n/e","n/e","n/e","59","62","374","475"
"BZN|DK2","01.05.2018 13:00 - 01.05.2018 14:00 (CET/CEST)","172","n/e","n/e","42","358","14","n/e","n/e","n/e","n/e","n/e","n/e","n/e","n/e","n/e","n/e","n/e","51","61","374","475"
"BZN|DK2","01.05.2018 14:00 - 01.05.2018 15:00 (CET/CEST)","179","n/e","n/e","39","347","13","n/e","n/e","n/e","n/e","n/e","n/e","n/e","n/e","n/e","n/e","n/e","35","61","373","484"
"BZN|DK2","01.05.2018 15:00 - 01.05.2018 16:00 (CET/CEST)","177","n/e","n/e","39","353","13","n/e","n/e","n/e","n/e","n/e","n/e","n/e","n/e","n/e","n/e","n/e","23","62","372","486"
"BZN|DK2","01.05.2018 16:00 - 01.05.2018 17:00 (CET/CEST)","183","n/e","n/e","39","369","13","n/e","n/e","n/e","n/e","n/e","n/e","n/e","n/e","n/e","n/e","n/e","18","62","372","491"
"BZN|DK2","01.05.2018 17:00 - 01.05.2018 18:00 (CET/CEST)","237","n/e","n/e","41","341","13","n/e","n/e","n/e","n/e","n/e","n/e","n/e","n/e","n/e","n/e","n/e","17","62","372","486"
"BZN|DK2","01.05.2018 18:00 - 01.05.2018 19:00 (CET/CEST)","330","n/e","n/e","41","329","14","n/e","n/e","n/e","n/e","n/e","n/e","n/e","n/e","n/e","n/e","n/e","13","62","371","461"
"BZN|DK2","01.05.2018 19:00 - 01.05.2018 20:00 (CET/CEST)","338","n/e","n/e","41","319","13","n/e","n/e","n/e","n/e","n/e","n/e","n/e","n/e","n/e","n/e","n/e","7","63","371","425"
"BZN|DK2","01.05.2018 20:00 - 01.05.2018 21:00 (CET/CEST)","306","n/e","n/e","37","325","12","n/e","n/e","n/e","n/e","n/e","n/e","n/e","n/e","n/e","n/e","n/e","1","61","370","419"
"BZN|DK2","01.05.2018 21:00 - 01.05.2018 22:00 (CET/CEST)","278","n/e","n/e","38","328","13","n/e","n/e","n/e","n/e","n/e","n/e","n/e","n/e","n/e","n/e","n/e","0","61","369","433"
"BZN|DK2","01.05.2018 22:00 - 01.05.2018 23:00 (CET/CEST)","281","n/e","n/e","40","276","13","n/e","n/e","n/e","n/e","n/e","n/e","n/e","n/e","n/e","n/e","n/e","0","61","349","440"
"BZN|DK2","01.05.2018 23:00 - 02.05.2018 00:00 (CET/CEST)","274","n/e","n/e","38","263","13","n/e","n/e","n/e","n/e","n/e","n/e","n/e","n/e","n/e","n/e","n/e","0","62","319","439"
"BZN|DK2","02.05.2018 00:00 - 02.05.2018 01:00 (CET/CEST)","271","n/e","n/e","34","242","11","n/e","n/e","n/e","n/e","n/e","n/e","n/e","n/e","n/e","n/e","n/e","0","60","325","397"
"BZN|DK2","02.05.2018 01:00 - 02.05.2018 02:00 (CET/CEST)","264","n/e","n/e","34","248","11","n/e","n/e","n/e","n/e","n/e","n/e","n/e","n/e","n/e","n/e","n/e","0","61","294","373"
"BZN|DK2","02.05.2018 02:00 - 02.05.2018 03:00 (CET/CEST)","265","n/e","n/e","35","243","12","n/e","n/e","n/e","n/e","n/e","n/e","n/e","n/e","n/e","n/e","n/e","0","61","196","313"
"BZN|DK2","02.05.2018 03:00 - 02.05.2018 04:00 (CET/CEST)","272","n/e","n/e","35","260","18","n/e","n/e","n/e","n/e","n/e","n/e","n/e","n/e","n/e","n/e","n/e","0","61","125","236"
"BZN|DK2","02.05.2018 04:00 - 02.05.2018 05:00 (CET/CEST)","269","n/e","n/e","36","268","20","n/e","n/e","n/e","n/e","n/e","n/e","n/e","n/e","n/e","n/e","n/e","0","61","69","142"
"BZN|DK2","02.05.2018 05:00 - 02.05.2018 06:00 (CET/CEST)","270","n/e","n/e","36","297","22","n/e","n/e","n/e","n/e","n/e","n/e","n/e","n/e","n/e","n/e","n/e","1","61","25","87"
"BZN|DK2","02.05.2018 06:00 - 02.05.2018 07:00 (CET/CEST)","270","n/e","n/e","39","345","23","n/e","n/e","n/e","n/e","n/e","n/e","n/e","n/e","n/e","n/e","n/e","13","61","42","63"
"BZN|DK2","02.05.2018 07:00 - 02.05.2018 08:00 (CET/CEST)","271","n/e","n/e","64","359","24","n/e","n/e","n/e","n/e","n/e","n/e","n/e","n/e","n/e","n/e","n/e","46","61","67","63"
"BZN|DK2","02.05.2018 08:00 - 02.05.2018 09:00 (CET/CEST)","265","n/e","n/e","97","388","26","n/e","n/e","n/e","n/e","n/e","n/e","n/e","n/e","n/e","n/e","n/e","93","56","85","92"
"BZN|DK2","02.05.2018 09:00 - 02.05.2018 10:00 (CET/CEST)","253","n/e","n/e","111","376","27","n/e","n/e","n/e","n/e","n/e","n/e","n/e","n/e","n/e","n/e","n/e","139","28","58","121"
"BZN|DK2","02.05.2018 10:00 - 02.05.2018 11:00 (CET/CEST)","251","n/e","n/e","116","324","29","n/e","n/e","n/e","n/e","n/e","n/e","n/e","n/e","n/e","n/e","n/e","185","31","47","182"
"BZN|DK2","02.05.2018 11:00 - 02.05.2018 12:00 (CET/CEST)","259","n/e","n/e","116","261","28","n/e","n/e","n/e","n/e","n/e","n/e","n/e","n/e","n/e","n/e","n/e","208","36","49","237"
"BZN|DK2","02.05.2018 12:00 - 02.05.2018 13:00 (CET/CEST)","255","n/e","n/e","109","239","26","n/e","n/e","n/e","n/e","n/e","n/e","n/e","n/e","n/e","n/e","n/e","218","40","86","241"
"BZN|DK2","02.05.2018 13:00 - 02.05.2018 14:00 (CET/CEST)","259","n/e","n/e","110","239","19","n/e","n/e","n/e","n/e","n/e","n/e","n/e","n/e","n/e","n/e","n/e","217","35","126","244"
"BZN|DK2","02.05.2018 14:00 - 02.05.2018 15:00 (CET/CEST)","260","n/e","n/e","110","244","16","n/e","n/e","n/e","n/e","n/e","n/e","n/e","n/e","n/e","n/e","n/e","206","36","80","239"
"BZN|DK2","02.05.2018 15:00 - 02.05.2018 16:00 (CET/CEST)","258","n/e","n/e","51","236","14","n/e","n/e","n/e","n/e","n/e","n/e","n/e","n/e","n/e","n/e","n/e","191","42","45","235"
"BZN|DK2","02.05.2018 16:00 - 02.05.2018 17:00 (CET/CEST)","268","n/e","n/e","32","226","11","n/e","n/e","n/e","n/e","n/e","n/e","n/e","n/e","n/e","n/e","n/e","161","41","58","228"
"BZN|DK2","02.05.2018 17:00 - 02.05.2018 18:00 (CET/CEST)","277","n/e","n/e","34","216","11","n/e","n/e","n/e","n/e","n/e","n/e","n/e","n/e","n/e","n/e","n/e","113","40","93","212"
"BZN|DK2","02.05.2018 18:00 - 02.05.2018 19:00 (CET/CEST)","311","n/e","n/e","76","355","13","n/e","n/e","n/e","n/e","n/e","n/e","n/e","n/e","n/e","n/e","n/e","62","43","82","205"
"BZN|DK2","02.05.2018 19:00 - 02.05.2018 20:00 (CET/CEST)","282","n/e","n/e","81","432","14","n/e","n/e","n/e","n/e","n/e","n/e","n/e","n/e","n/e","n/e","n/e","24","45","159","176"
"BZN|DK2","02.05.2018 20:00 - 02.05.2018 21:00 (CET/CEST)","280","n/e","n/e","54","404","13","n/e","n/e","n/e","n/e","n/e","n/e","n/e","n/e","n/e","n/e","n/e","5","45","233","138"
"BZN|DK2","02.05.2018 21:00 - 02.05.2018 22:00 (CET/CEST)","281","n/e","n/e","40","349","13","n/e","n/e","n/e","n/e","n/e","n/e","n/e","n/e","n/e","n/e","n/e","0","45","181","177"
"BZN|DK2","02.05.2018 22:00 - 02.05.2018 23:00 (CET/CEST)","336","n/e","n/e","40","360","13","n/e","n/e","n/e","n/e","n/e","n/e","n/e","n/e","n/e","n/e","n/e","0","45","126","202"
"BZN|DK2","02.05.2018 23:00 - 03.05.2018 00:00 (CET/CEST)","298","n/e","n/e","40","348","13","n/e","n/e","n/e","n/e","n/e","n/e","n/e","n/e","n/e","n/e","n/e","0","44","99","187"
"BZN|DK2","03.05.2018 00:00 - 03.05.2018 01:00 (CET/CEST)","236","n/e","n/e","39","299","13","n/e","n/e","n/e","n/e","n/e","n/e","n/e","n/e","n/e","n/e","n/e","0","44","63","189"
"BZN|DK2","03.05.2018 01:00 - 03.05.2018 02:00 (CET/CEST)","186","n/e","n/e","39","283","13","n/e","n/e","n/e","n/e","n/e","n/e","n/e","n/e","n/e","n/e","n/e","0","44","43","171"
"BZN|DK2","03.05.2018 02:00 - 03.05.2018 03:00 (CET/CEST)","185","n/e","n/e","39","254","13","n/e","n/e","n/e","n/e","n/e","n/e","n/e","n/e","n/e","n/e","n/e","0","45","41","138"
"BZN|DK2","03.05.2018 03:00 - 03.05.2018 04:00 (CET/CEST)","184","n/e","n/e","40","259","13","n/e","n/e","n/e","n/e","n/e","n/e","n/e","n/e","n/e","n/e","n/e","0","45","36","131"
"BZN|DK2","03.05.2018 04:00 - 03.05.2018 05:00 (CET/CEST)","188","n/e","n/e","38","243","12","n/e","n/e","n/e","n/e","n/e","n/e","n/e","n/e","n/e","n/e","n/e","0","45","39","114"
"BZN|DK2","03.05.2018 05:00 - 03.05.2018 06:00 (CET/CEST)","234","n/e","n/e","38","250","13","n/e","n/e","n/e","n/e","n/e","n/e","n/e","n/e","n/e","n/e","n/e","0","45","30","104"
"BZN|DK2","03.05.2018 06:00 - 03.05.2018 07:00 (CET/CEST)","273","n/e","n/e","36","244","12","n/e","n/e","n/e","n/e","n/e","n/e","n/e","n/e","n/e","n/e","n/e","8","45","50","118"
"BZN|DK2","03.05.2018 07:00 - 03.05.2018 08:00 (CET/CEST)","273","n/e","n/e","41","301","13","n/e","n/e","n/e","n/e","n/e","n/e","n/e","n/e","n/e","n/e","n/e","36","45","98","133"
"BZN|DK2","03.05.2018 08:00 - 03.05.2018 09:00 (CET/CEST)","275","n/e","n/e","42","287","14","n/e","n/e","n/e","n/e","n/e","n/e","n/e","n/e","n/e","n/e","n/e","83","43","117","154"
"BZN|DK2","03.05.2018 09:00 - 03.05.2018 10:00 (CET/CEST)","269","n/e","n/e","43","259","20","n/e","n/e","n/e","n/e","n/e","n/e","n/e","n/e","n/e","n/e","n/e","101","41","167","225"
"BZN|DK2","03.05.2018 10:00 - 03.05.2018 11:00 (CET/CEST)","262","n/e","n/e","52","237","26","n/e","n/e","n/e","n/e","n/e","n/e","n/e","n/e","n/e","n/e","n/e","102","42","257","281"
"BZN|DK2","03.05.2018 11:00 - 03.05.2018 12:00 (CET/CEST)","223","n/e","n/e","52","265","27","n/e","n/e","n/e","n/e","n/e","n/e","n/e","n/e","n/e","n/e","n/e","121","42","233","277"
"BZN|DK2","03.05.2018 12:00 - 03.05.2018 13:00 (CET/CEST)","168","n/e","n/e","48","255","26","n/e","n/e","n/e","n/e","n/e","n/e","n/e","n/e","n/e","n/e","n/e","185","43","192","289"
"BZN|DK2","03.05.2018 13:00 - 03.05.2018 14:00 (CET/CEST)","256","n/e","n/e","60","256","19","n/e","n/e","n/e","n/e","n/e","n/e","n/e","n/e","n/e","n/e","n/e","205","44","127","338"
"BZN|DK2","03.05.2018 14:00 - 03.05.2018 15:00 (CET/CEST)","269","n/e","n/e","83","273","16","n/e","n/e","n/e","n/e","n/e","n/e","n/e","n/e","n/e","n/e","n/e","202","46","67","302"
"BZN|DK2","03.05.2018 15:00 - 03.05.2018 16:00 (CET/CEST)","267","n/e","n/e","89","246","16","n/e","n/e","n/e","n/e","n/e","n/e","n/e","n/e","n/e","n/e","n/e","183","46","53","260"
"BZN|DK2","03.05.2018 16:00 - 03.05.2018 17:00 (CET/CEST)","266","n/e","n/e","98","244","15","n/e","n/e","n/e","n/e","n/e","n/e","n/e","n/e","n/e","n/e","n/e","147","45","60","227"
"BZN|DK2","03.05.2018 17:00 - 03.05.2018 18:00 (CET/CEST)","267","n/e","n/e","101","243","16","n/e","n/e","n/e","n/e","n/e","n/e","n/e","n/e","n/e","n/e","n/e","113","45","64","213"
"BZN|DK2","03.05.2018 18:00 - 03.05.2018 19:00 (CET/CEST)","283","n/e","n/e","146","374","17","n/e","n/e","n/e","n/e","n/e","n/e","n/e","n/e","n/e","n/e","n/e","65","45","73","198"
"BZN|DK2","03.05.2018 19:00 - 03.05.2018 20:00 (CET/CEST)","326","n/e","n/e","156","456","18","n/e","n/e","n/e","n/e","n/e","n/e","n/e","n/e","n/e","n/e","n/e","24","46","81","190"
"BZN|DK2","03.05.2018 20:00 - 03.05.2018 21:00 (CET/CEST)","301","n/e","n/e","127","446","17","n/e","n/e","n/e","n/e","n/e","n/e","n/e","n/e","n/e","n/e","n/e","4","46","84","130"
"BZN|DK2","03.05.2018 21:00 - 03.05.2018 22:00 (CET/CEST)","321","n/e","n/e","111","453","17","n/e","n/e","n/e","n/e","n/e","n/e","n/e","n/e","n/e","n/e","n/e","0","46","56","110"
"BZN|DK2","03.05.2018 22:00 - 03.05.2018 23:00 (CET/CEST)","298","n/e","n/e","92","432","16","n/e","n/e","n/e","n/e","n/e","n/e","n/e","n/e","n/e","n/e","n/e","0","45","44","102"
"BZN|DK2","03.05.2018 23:00 - 04.05.2018 00:00 (CET/CEST)","179","n/e","n/e","44","352","14","n/e","n/e","n/e","n/e","n/e","n/e","n/e","n/e","n/e","n/e","n/e","0","45","50","74"
"BZN|DK2","04.05.2018 00:00 - 04.05.2018 01:00 (CET/CEST)","187","n/e","n/e","41","254","13","n/e","n/e","n/e","n/e","n/e","n/e","n/e","n/e","n/e","n/e","n/e","0","44","46","70"
"BZN|DK2","04.05.2018 01:00 - 04.05.2018 02:00 (CET/CEST)","190","n/e","n/e","40","243","13","n/e","n/e","n/e","n/e","n/e","n/e","n/e","n/e","n/e","n/e","n/e","0","44","43","57"
"BZN|DK2","04.05.2018 02:00 - 04.05.2018 03:00 (CET/CEST)","188","n/e","n/e","41","252","13","n/e","n/e","n/e","n/e","n/e","n/e","n/e","n/e","n/e","n/e","n/e","0","44","23","41"
"BZN|DK2","04.05.2018 03:00 - 04.05.2018 04:00 (CET/CEST)","187","n/e","n/e","39","252","13","n/e","n/e","n/e","n/e","n/e","n/e","n/e","n/e","n/e","n/e","n/e","0","43","9","27"
"BZN|DK2","04.05.2018 04:00 - 04.05.2018 05:00 (CET/CEST)","189","n/e","n/e","37","241","12","n/e","n/e","n/e","n/e","n/e","n/e","n/e","n/e","n/e","n/e","n/e","0","41","1","15"
"BZN|DK2","04.05.2018 05:00 - 04.05.2018 06:00 (CET/CEST)","239","n/e","n/e","43","276","13","n/e","n/e","n/e","n/e","n/e","n/e","n/e","n/e","n/e","n/e","n/e","1","43","0","11"
"BZN|DK2","04.05.2018 06:00 - 04.05.2018 07:00 (CET/CEST)","291","n/e","n/e","81","399","17","n/e","n/e","n/e","n/e","n/e","n/e","n/e","n/e","n/e","n/e","n/e","15","45","0","7"
"BZN|DK2","04.05.2018 07:00 - 04.05.2018 08:00 (CET/CEST)","309","n/e","n/e","176","445","29","n/e","n/e","n/e","n/e","n/e","n/e","n/e","n/e","n/e","n/e","n/e","48","46","0","6"
"BZN|DK2","04.05.2018 08:00 - 04.05.2018 09:00 (CET/CEST)","281","n/e","n/e","200","451","30","n/e","n/e","n/e","n/e","n/e","n/e","n/e","n/e","n/e","n/e","n/e","96","46","0","6"
"BZN|DK2","04.05.2018 09:00 - 04.05.2018 10:00 (CET/CEST)","243","n/e","n/e","206","408","30","n/e","n/e","n/e","n/e","n/e","n/e","n/e","n/e","n/e","n/e","n/e","142","46","0","8"
"BZN|DK2","04.05.2018 10:00 - 04.05.2018 11:00 (CET/CEST)","267","n/e","n/e","196","371","28","n/e","n/e","n/e","n/e","n/e","n/e","n/e","n/e","n/e","n/e","n/e","155","45","1","10"
"BZN|DK2","04.05.2018 11:00 - 04.05.2018 12:00 (CET/CEST)","267","n/e","n/e","171","372","29","n/e","n/e","n/e","n/e","n/e","n/e","n/e","n/e","n/e","n/e","n/e","125","45","1","10"
"BZN|DK2","04.05.2018 12:00 - 04.05.2018 13:00 (CET/CEST)","257","n/e","n/e","173","319","28","n/e","n/e","n/e","n/e","n/e","n/e","n/e","n/e","n/e","n/e","n/e","149","46","3","12"
"BZN|DK2","04.05.2018 13:00 - 04.05.2018 14:00 (CET/CEST)","285","n/e","n/e","174","308","28","n/e","n/e","n/e","n/e","n/e","n/e","n/e","n/e","n/e","n/e","n/e","200","46","4","15"
"BZN|DK2","04.05.2018 14:00 - 04.05.2018 15:00 (CET/CEST)","283","n/e","n/e","80","288","28","n/e","n/e","n/e","n/e","n/e","n/e","n/e","n/e","n/e","n/e","n/e","209","45","4","19"
"BZN|DK2","04.05.2018 15:00 - 04.05.2018 16:00 (CET/CEST)","280","n/e","n/e","54","278","27","n/e","n/e","n/e","n/e","n/e","n/e","n/e","n/e","n/e","n/e","n/e","198","44","7","24"
"BZN|DK2","04.05.2018 16:00 - 04.05.2018 17:00 (CET/CEST)","281","n/e","n/e","52","266","17","n/e","n/e","n/e","n/e","n/e","n/e","n/e","n/e","n/e","n/e","n/e","170","44","18","23"
"BZN|DK2","04.05.2018 17:00 - 04.05.2018 18:00 (CET/CEST)","280","n/e","n/e","52","302","17","n/e","n/e","n/e","n/e","n/e","n/e","n/e","n/e","n/e","n/e","n/e","118","46","13","18"
"BZN|DK2","04.05.2018 18:00 - 04.05.2018 19:00 (CET/CEST)","275","n/e","n/e","49","422","17","n/e","n/e","n/e","n/e","n/e","n/e","n/e","n/e","n/e","n/e","n/e","65","43","6","14"
"BZN|DK2","04.05.2018 19:00 - 04.05.2018 20:00 (CET/CEST)","275","n/e","n/e","47","407","16","n/e","n/e","n/e","n/e","n/e","n/e","n/e","n/e","n/e","n/e","n/e","25","43","0","12"
"BZN|DK2","04.05.2018 20:00 - 04.05.2018 21:00 (CET/CEST)","271","n/e","n/e","41","379","14","n/e","n/e","n/e","n/e","n/e","n/e","n/e","n/e","n/e","n/e","n/e","4","43","0","12"
"BZN|DK2","04.05.2018 21:00 - 04.05.2018 22:00 (CET/CEST)","272","n/e","n/e","41","362","14","n/e","n/e","n/e","n/e","n/e","n/e","n/e","n/e","n/e","n/e","n/e","0","43","0","9"
"BZN|DK2","04.05.2018 22:00 - 04.05.2018 23:00 (CET/CEST)","272","n/e","n/e","41","300","13","n/e","n/e","n/e","n/e","n/e","n/e","n/e","n/e","n/e","n/e","n/e","0","43","0","8"
"BZN|DK2","04.05.2018 23:00 - 05.05.2018 00:00 (CET/CEST)","221","n/e","n/e","41","274","14","n/e","n/e","n/e","n/e","n/e","n/e","n/e","n/e","n/e","n/e","n/e","0","43","0","9"
"BZN|DK2","05.05.2018 00:00 - 05.05.2018 01:00 (CET/CEST)","216","n/e","n/e","39","235","13","n/e","n/e","n/e","n/e","n/e","n/e","n/e","n/e","n/e","n/e","n/e","0","43","0","11"
"BZN|DK2","05.05.2018 01:00 - 05.05.2018 02:00 (CET/CEST)","173","n/e","n/e","37","216","12","n/e","n/e","n/e","n/e","n/e","n/e","n/e","n/e","n/e","n/e","n/e","0","43","1","13"
"BZN|DK2","05.05.2018 02:00 - 05.05.2018 03:00 (CET/CEST)","177","n/e","n/e","38","225","12","n/e","n/e","n/e","n/e","n/e","n/e","n/e","n/e","n/e","n/e","n/e","0","42","0","15"
"BZN|DK2","05.05.2018 03:00 - 05.05.2018 04:00 (CET/CEST)","182","n/e","n/e","38","234","13","n/e","n/e","n/e","n/e","n/e","n/e","n/e","n/e","n/e","n/e","n/e","0","42","0","14"
"BZN|DK2","05.05.2018 04:00 - 05.05.2018 05:00 (CET/CEST)","183","n/e","n/e","38","230","13","n/e","n/e","n/e","n/e","n/e","n/e","n/e","n/e","n/e","n/e","n/e","0","42","0","14"
"BZN|DK2","05.05.2018 05:00 - 05.05.2018 06:00 (CET/CEST)","168","n/e","n/e","38","221","13","n/e","n/e","n/e","n/e","n/e","n/e","n/e","n/e","n/e","n/e","n/e","2","42","0","14"
"BZN|DK2","05.05.2018 06:00 - 05.05.2018 07:00 (CET/CEST)","168","n/e","n/e","39","216","12","n/e","n/e","n/e","n/e","n/e","n/e","n/e","n/e","n/e","n/e","n/e","19","42","0","14"
"BZN|DK2","05.05.2018 07:00 - 05.05.2018 08:00 (CET/CEST)","185","n/e","n/e","38","234","13","n/e","n/e","n/e","n/e","n/e","n/e","n/e","n/e","n/e","n/e","n/e","49","42","0","9"
"BZN|DK2","05.05.2018 08:00 - 05.05.2018 09:00 (CET/CEST)","188","n/e","n/e","42","243","14","n/e","n/e","n/e","n/e","n/e","n/e","n/e","n/e","n/e","n/e","n/e","88","42","0","8"
"BZN|DK2","05.05.2018 09:00 - 05.05.2018 10:00 (CET/CEST)","189","n/e","n/e","46","259","15","n/e","n/e","n/e","n/e","n/e","n/e","n/e","n/e","n/e","n/e","n/e","140","43","0","8"
"BZN|DK2","05.05.2018 10:00 - 05.05.2018 11:00 (CET/CEST)","182","n/e","n/e","47","235","16","n/e","n/e","n/e","n/e","n/e","n/e","n/e","n/e","n/e","n/e","n/e","175","44","0","7"
"BZN|DK2","05.05.2018 11:00 - 05.05.2018 12:00 (CET/CEST)","179","n/e","n/e","51","237","17","n/e","n/e","n/e","n/e","n/e","n/e","n/e","n/e","n/e","n/e","n/e","183","45","0","9"
"BZN|DK2","05.05.2018 12:00 - 05.05.2018 13:00 (CET/CEST)","184","n/e","n/e","50","247","16","n/e","n/e","n/e","n/e","n/e","n/e","n/e","n/e","n/e","n/e","n/e","208","45","0","10"
"BZN|DK2","05.05.2018 13:00 - 05.05.2018 14:00 (CET/CEST)","184","n/e","n/e","50","245","16","n/e","n/e","n/e","n/e","n/e","n/e","n/e","n/e","n/e","n/e","n/e","217","46","1","14"
"BZN|DK2","05.05.2018 14:00 - 05.05.2018 15:00 (CET/CEST)","184","n/e","n/e","50","247","16","n/e","n/e","n/e","n/e","n/e","n/e","n/e","n/e","n/e","n/e","n/e","210","46","2","16"
"BZN|DK2","05.05.2018 15:00 - 05.05.2018 16:00 (CET/CEST)","186","n/e","n/e","50","257","16","n/e","n/e","n/e","n/e","n/e","n/e","n/e","n/e","n/e","n/e","n/e","193","45","1","12"
"BZN|DK2","05.05.2018 16:00 - 05.05.2018 17:00 (CET/CEST)","198","n/e","n/e","49","256","19","n/e","n/e","n/e","n/e","n/e","n/e","n/e","n/e","n/e","n/e","n/e","162","46","1","11"
"BZN|DK2","05.05.2018 17:00 - 05.05.2018 18:00 (CET/CEST)","205","n/e","n/e","47","261","26","n/e","n/e","n/e","n/e","n/e","n/e","n/e","n/e","n/e","n/e","n/e","113","44","2","12"
"BZN|DK2","05.05.2018 18:00 - 05.05.2018 19:00 (CET/CEST)","188","n/e","n/e","48","256","28","n/e","n/e","n/e","n/e","n/e","n/e","n/e","n/e","n/e","n/e","n/e","60","46","3","12"
"BZN|DK2","05.05.2018 19:00 - 05.05.2018 20:00 (CET/CEST)","177","n/e","n/e","45","244","27","n/e","n/e","n/e","n/e","n/e","n/e","n/e","n/e","n/e","n/e","n/e","22","45","5","15"
"BZN|DK2","05.05.2018 20:00 - 05.05.2018 21:00 (CET/CEST)","171","n/e","n/e","43","229","26","n/e","n/e","n/e","n/e","n/e","n/e","n/e","n/e","n/e","n/e","n/e","4","45","8","11"
"BZN|DK2","05.05.2018 21:00 - 05.05.2018 22:00 (CET/CEST)","177","n/e","n/e","39","239","25","n/e","n/e","n/e","n/e","n/e","n/e","n/e","n/e","n/e","n/e","n/e","0","45","4","11"
"BZN|DK2","05.05.2018 22:00 - 05.05.2018 23:00 (CET/CEST)","174","n/e","n/e","38","236","25","n/e","n/e","n/e","n/e","n/e","n/e","n/e","n/e","n/e","n/e","n/e","0","44","2","14"
"BZN|DK2","05.05.2018 23:00 - 06.05.2018 00:00 (CET/CEST)","166","n/e","n/e","38","222","24","n/e","n/e","n/e","n/e","n/e","n/e","n/e","n/e","n/e","n/e","n/e","0","44","1","14"
"BZN|DK2","06.05.2018 00:00 - 06.05.2018 01:00 (CET/CEST)","165","n/e","n/e","37","223","12","n/e","n/e","n/e","n/e","n/e","n/e","n/e","n/e","n/e","n/e","n/e","0","44","5","12"
"BZN|DK2","06.05.2018 01:00 - 06.05.2018 02:00 (CET/CEST)","172","n/e","n/e","33","228","11","n/e","n/e","n/e","n/e","n/e","n/e","n/e","n/e","n/e","n/e","n/e","0","44","3","11"
"BZN|DK2","06.05.2018 02:00 - 06.05.2018 03:00 (CET/CEST)","175","n/e","n/e","33","226","11","n/e","n/e","n/e","n/e","n/e","n/e","n/e","n/e","n/e","n/e","n/e","0","43","6","13"
"BZN|DK2","06.05.2018 03:00 - 06.05.2018 04:00 (CET/CEST)","176","n/e","n/e","33","228","11","n/e","n/e","n/e","n/e","n/e","n/e","n/e","n/e","n/e","n/e","n/e","0","43","10","15"
"BZN|DK2","06.05.2018 04:00 - 06.05.2018 05:00 (CET/CEST)","177","n/e","n/e","33","228","11","n/e","n/e","n/e","n/e","n/e","n/e","n/e","n/e","n/e","n/e","n/e","0","43","4","12"
"BZN|DK2","06.05.2018 05:00 - 06.05.2018 06:00 (CET/CEST)","170","n/e","n/e","30","208","10","n/e","n/e","n/e","n/e","n/e","n/e","n/e","n/e","n/e","n/e","n/e","1","43","0","13"
"BZN|DK2","06.05.2018 06:00 - 06.05.2018 07:00 (CET/CEST)","177","n/e","n/e","23","208","8","n/e","n/e","n/e","n/e","n/e","n/e","n/e","n/e","n/e","n/e","n/e","15","42","3","11"
"BZN|DK2","06.05.2018 07:00 - 06.05.2018 08:00 (CET/CEST)","182","n/e","n/e","26","221","8","n/e","n/e","n/e","n/e","n/e","n/e","n/e","n/e","n/e","n/e","n/e","47","42","1","11"
"BZN|DK2","06.05.2018 08:00 - 06.05.2018 09:00 (CET/CEST)","180","n/e","n/e","31","229","10","n/e","n/e","n/e","n/e","n/e","n/e","n/e","n/e","n/e","n/e","n/e","96","43","0","6"
"BZN|DK2","06.05.2018 09:00 - 06.05.2018 10:00 (CET/CEST)","177","n/e","n/e","43","235","14","n/e","n/e","n/e","n/e","n/e","n/e","n/e","n/e","n/e","n/e","n/e","145","44","0","6"
"BZN|DK2","06.05.2018 10:00 - 06.05.2018 11:00 (CET/CEST)","178","n/e","n/e","45","244","15","n/e","n/e","n/e","n/e","n/e","n/e","n/e","n/e","n/e","n/e","n/e","181","45","0","10"
"BZN|DK2","06.05.2018 11:00 - 06.05.2018 12:00 (CET/CEST)","175","n/e","n/e","43","232","14","n/e","n/e","n/e","n/e","n/e","n/e","n/e","n/e","n/e","n/e","n/e","203","45","0","15"
"BZN|DK2","06.05.2018 12:00 - 06.05.2018 13:00 (CET/CEST)","173","n/e","n/e","36","231","13","n/e","n/e","n/e","n/e","n/e","n/e","n/e","n/e","n/e","n/e","n/e","215","43","0","21"
"BZN|DK2","06.05.2018 13:00 - 06.05.2018 14:00 (CET/CEST)","175","n/e","n/e","34","233","11","n/e","n/e","n/e","n/e","n/e","n/e","n/e","n/e","n/e","n/e","n/e","216","43","1","24"
"BZN|DK2","06.05.2018 14:00 - 06.05.2018 15:00 (CET/CEST)","170","n/e","n/e","34","225","11","n/e","n/e","n/e","n/e","n/e","n/e","n/e","n/e","n/e","n/e","n/e","209","44","1","24"
"BZN|DK2","06.05.2018 15:00 - 06.05.2018 16:00 (CET/CEST)","169","n/e","n/e","42","249","14","n/e","n/e","n/e","n/e","n/e","n/e","n/e","n/e","n/e","n/e","n/e","192","44","2","25"
"BZN|DK2","06.05.2018 16:00 - 06.05.2018 17:00 (CET/CEST)","168","n/e","n/e","43","247","14","n/e","n/e","n/e","n/e","n/e","n/e","n/e","n/e","n/e","n/e","n/e","161","45","6","25"
"BZN|DK2","06.05.2018 17:00 - 06.05.2018 18:00 (CET/CEST)","173","n/e","n/e","44","256","15","n/e","n/e","n/e","n/e","n/e","n/e","n/e","n/e","n/e","n/e","n/e","111","45","17","26"
"BZN|DK2","06.05.2018 18:00 - 06.05.2018 19:00 (CET/CEST)","166","n/e","n/e","42","244","14","n/e","n/e","n/e","n/e","n/e","n/e","n/e","n/e","n/e","n/e","n/e","61","45","33","28"
"BZN|DK2","06.05.2018 19:00 - 06.05.2018 20:00 (CET/CEST)","164","n/e","n/e","40","234","13","n/e","n/e","n/e","n/e","n/e","n/e","n/e","n/e","n/e","n/e","n/e","23","44","40","29"
"BZN|DK2","06.05.2018 20:00 - 06.05.2018 21:00 (CET/CEST)","160","n/e","n/e","37","221","13","n/e","n/e","n/e","n/e","n/e","n/e","n/e","n/e","n/e","n/e","n/e","5","44","48","27"
"BZN|DK2","06.05.2018 21:00 - 06.05.2018 22:00 (CET/CEST)","165","n/e","n/e","32","224","11","n/e","n/e","n/e","n/e","n/e","n/e","n/e","n/e","n/e","n/e","n/e","0","43","43","34"
"BZN|DK2","06.05.2018 22:00 - 06.05.2018 23:00 (CET/CEST)","160","n/e","n/e","36","221","12","n/e","n/e","n/e","n/e","n/e","n/e","n/e","n/e","n/e","n/e","n/e","0","43","59","60"
"BZN|DK2","06.05.2018 23:00 - 07.05.2018 00:00 (CET/CEST)","160","n/e","n/e","34","218","11","n/e","n/e","n/e","n/e","n/e","n/e","n/e","n/e","n/e","n/e","n/e","0","42","70","91"
"BZN|DK2","07.05.2018 00:00 - 07.05.2018 01:00 (CET/CEST)","162","n/e","n/e","25","204","8","n/e","n/e","n/e","n/e","n/e","n/e","n/e","n/e","n/e","n/e","n/e","0","42","82","98"
"BZN|DK2","07.05.2018 01:00 - 07.05.2018 02:00 (CET/CEST)","163","n/e","n/e","24","208","8","n/e","n/e","n/e","n/e","n/e","n/e","n/e","n/e","n/e","n/e","n/e","0","41","51","95"
"BZN|DK2","07.05.2018 02:00 - 07.05.2018 03:00 (CET/CEST)","165","n/e","n/e","24","214","8","n/e","n/e","n/e","n/e","n/e","n/e","n/e","n/e","n/e","n/e","n/e","0","40","40","101"
"BZN|DK2","07.05.2018 03:00 - 07.05.2018 04:00 (CET/CEST)","164","n/e","n/e","24","218","8","n/e","n/e","n/e","n/e","n/e","n/e","n/e","n/e","n/e","n/e","n/e","0","40","51","103"
"BZN|DK2","07.05.2018 04:00 - 07.05.2018 05:00 (CET/CEST)","167","n/e","n/e","26","223","9","n/e","n/e","n/e","n/e","n/e","n/e","n/e","n/e","n/e","n/e","n/e","0","41","47","105"
"BZN|DK2","07.05.2018 05:00 - 07.05.2018 06:00 (CET/CEST)","172","n/e","n/e","34","236","11","n/e","n/e","n/e","n/e","n/e","n/e","n/e","n/e","n/e","n/e","n/e","2","41","30","87"
"BZN|DK2","07.05.2018 06:00 - 07.05.2018 07:00 (CET/CEST)","179","n/e","n/e","40","274","13","n/e","n/e","n/e","n/e","n/e","n/e","n/e","n/e","n/e","n/e","n/e","17","42","8","71"
"BZN|DK2","07.05.2018 07:00 - 07.05.2018 08:00 (CET/CEST)","179","n/e","n/e","55","278","14","n/e","n/e","n/e","n/e","n/e","n/e","n/e","n/e","n/e","n/e","n/e","52","41","8","42"
"BZN|DK2","07.05.2018 08:00 - 07.05.2018 09:00 (CET/CEST)","201","n/e","n/e","121","332","16","n/e","n/e","n/e","n/e","n/e","n/e","n/e","n/e","n/e","n/e","n/e","104","36","6","21"
"BZN|DK2","07.05.2018 09:00 - 07.05.2018 10:00 (CET/CEST)","188","n/e","n/e","140","296","15","n/e","n/e","n/e","n/e","n/e","n/e","n/e","n/e","n/e","n/e","n/e","157","46","1","14"
"BZN|DK2","07.05.2018 10:00 - 07.05.2018 11:00 (CET/CEST)","190","n/e","n/e","125","356","15","n/e","n/e","n/e","n/e","n/e","n/e","n/e","n/e","n/e","n/e","n/e","196","52","0","13"
"BZN|DK2","07.05.2018 11:00 - 07.05.2018 12:00 (CET/CEST)","194","n/e","n/e","106","262","15","n/e","n/e","n/e","n/e","n/e","n/e","n/e","n/e","n/e","n/e","n/e","217","57","0","12"
"BZN|DK2","07.05.2018 12:00 - 07.05.2018 13:00 (CET/CEST)","190","n/e","n/e","105","240","15","n/e","n/e","n/e","n/e","n/e","n/e","n/e","n/e","n/e","n/e","n/e","228","58","0","15"
"BZN|DK2","07.05.2018 13:00 - 07.05.2018 14:00 (CET/CEST)","189","n/e","n/e","104","234","20","n/e","n/e","n/e","n/e","n/e","n/e","n/e","n/e","n/e","n/e","n/e","231","59","1","15"
"BZN|DK2","07.05.2018 14:00 - 07.05.2018 15:00 (CET/CEST)","192","n/e","n/e","53","236","22","n/e","n/e","n/e","n/e","n/e","n/e","n/e","n/e","n/e","n/e","n/e","225","61","7","24"
"BZN|DK2","07.05.2018 15:00 - 07.05.2018 16:00 (CET/CEST)","132","n/e","n/e","46","232","21","n/e","n/e","n/e","n/e","n/e","n/e","n/e","n/e","n/e","n/e","n/e","207","62","28","32"
"BZN|DK2","07.05.2018 16:00 - 07.05.2018 17:00 (CET/CEST)","107","n/e","n/e","46","252","25","n/e","n/e","n/e","n/e","n/e","n/e","n/e","n/e","n/e","n/e","n/e","176","61","49","42"
"BZN|DK2","07.05.2018 17:00 - 07.05.2018 18:00 (CET/CEST)","173","n/e","n/e","47","278","28","n/e","n/e","n/e","n/e","n/e","n/e","n/e","n/e","n/e","n/e","n/e","124","61","47","40"
"BZN|DK2","07.05.2018 18:00 - 07.05.2018 19:00 (CET/CEST)","203","n/e","n/e","47","340","27","n/e","n/e","n/e","n/e","n/e","n/e","n/e","n/e","n/e","n/e","n/e","67","61","76","45"
"BZN|DK2","07.05.2018 19:00 - 07.05.2018 20:00 (CET/CEST)","203","n/e","n/e","47","406","27","n/e","n/e","n/e","n/e","n/e","n/e","n/e","n/e","n/e","n/e","n/e","26","62","112","46"
"BZN|DK2","07.05.2018 20:00 - 07.05.2018 21:00 (CET/CEST)","189","n/e","n/e","43","360","27","n/e","n/e","n/e","n/e","n/e","n/e","n/e","n/e","n/e","n/e","n/e","5","62","134","43"
"BZN|DK2","07.05.2018 21:00 - 07.05.2018 22:00 (CET/CEST)","192","n/e","n/e","42","253","18","n/e","n/e","n/e","n/e","n/e","n/e","n/e","n/e","n/e","n/e","n/e","0","62","91","60"
"BZN|DK2","07.05.2018 22:00 - 07.05.2018 23:00 (CET/CEST)","186","n/e","n/e","40","234","13","n/e","n/e","n/e","n/e","n/e","n/e","n/e","n/e","n/e","n/e","n/e","0","61","76","81"
"BZN|DK2","07.05.2018 23:00 - 08.05.2018 00:00 (CET/CEST)","125","n/e","n/e","33","218","11","n/e","n/e","n/e","n/e","n/e","n/e","n/e","n/e","n/e","n/e","n/e","0","61","93","102"
"BZN|DK2","08.05.2018 00:00 - 08.05.2018 01:00 (CET/CEST)","24","n/e","n/e","36","237","12","n/e","n/e","n/e","n/e","n/e","n/e","n/e","n/e","n/e","n/e","n/e","0","60","107","109"
"BZN|DK2","08.05.2018 01:00 - 08.05.2018 02:00 (CET/CEST)","12","n/e","n/e","37","230","12","n/e","n/e","n/e","n/e","n/e","n/e","n/e","n/e","n/e","n/e","n/e","0","61","84","118"
"BZN|DK2","08.05.2018 02:00 - 08.05.2018 03:00 (CET/CEST)","12","n/e","n/e","34","303","11","n/e","n/e","n/e","n/e","n/e","n/e","n/e","n/e","n/e","n/e","n/e","0","57","65","133"
"BZN|DK2","08.05.2018 03:00 - 08.05.2018 04:00 (CET/CEST)","13","n/e","n/e","48","347","12","n/e","n/e","n/e","n/e","n/e","n/e","n/e","n/e","n/e","n/e","n/e","0","55","48","117"
"BZN|DK2","08.05.2018 04:00 - 08.05.2018 05:00 (CET/CEST)","12","n/e","n/e","38","243","12","n/e","n/e","n/e","n/e","n/e","n/e","n/e","n/e","n/e","n/e","n/e","0","54","31","99"
"BZN|DK2","08.05.2018 05:00 - 08.05.2018 06:00 (CET/CEST)","13","n/e","n/e","38","243","13","n/e","n/e","n/e","n/e","n/e","n/e","n/e","n/e","n/e","n/e","n/e","0","55","21","85"
"BZN|DK2","08.05.2018 06:00 - 08.05.2018 07:00 (CET/CEST)","13","n/e","n/e","40","252","13","n/e","n/e","n/e","n/e","n/e","n/e","n/e","n/e","n/e","n/e","n/e","0","55","15","75"
"BZN|DK2","08.05.2018 07:00 - 08.05.2018 08:00 (CET/CEST)","12","n/e","n/e","44","253","14","n/e","n/e","n/e","n/e","n/e","n/e","n/e","n/e","n/e","n/e","n/e","27","56","22","52"
"BZN|DK2","08.05.2018 08:00 - 08.05.2018 09:00 (CET/CEST)","12","n/e","n/e","42","240","15","n/e","n/e","n/e","n/e","n/e","n/e","n/e","n/e","n/e","n/e","n/e","105","56","21","22"
"BZN|DK2","08.05.2018 09:00 - 08.05.2018 10:00 (CET/CEST)","14","n/e","n/e","45","242","14","n/e","n/e","n/e","n/e","n/e","n/e","n/e","n/e","n/e","n/e","n/e","156","57","18","23"
"BZN|DK2","08.05.2018 10:00 - 08.05.2018 11:00 (CET/CEST)","16","n/e","n/e","45","257","15","n/e","n/e","n/e","n/e","n/e","n/e","n/e","n/e","n/e","n/e","n/e","194","56","20","26"
"BZN|DK2","08.05.2018 11:00 - 08.05.2018 12:00 (CET/CEST)","14","n/e","n/e","45","256","14","n/e","n/e","n/e","n/e","n/e","n/e","n/e","n/e","n/e","n/e","n/e","216","56","30","37"
"BZN|DK2","08.05.2018 12:00 - 08.05.2018 13:00 (CET/CEST)","16","n/e","n/e","45","239","15","n/e","n/e","n/e","n/e","n/e","n/e","n/e","n/e","n/e","n/e","n/e","224","55","45","76"
"BZN|DK2","08.05.2018 13:00 - 08.05.2018 14:00 (CET/CEST)","14","n/e","n/e","45","246","15","n/e","n/e","n/e","n/e","n/e","n/e","n/e","n/e","n/e","n/e","n/e","230","55","123","170"
"BZN|DK2","08.05.2018 14:00 - 08.05.2018 15:00 (CET/CEST)","15","n/e","n/e","47","240","15","n/e","n/e","n/e","n/e","n/e","n/e","n/e","n/e","n/e","n/e","n/e","226","56","186","247"
"BZN|DK2","08.05.2018 15:00 - 08.05.2018 16:00 (CET/CEST)","15","n/e","n/e","48","254","16","n/e","n/e","n/e","n/e","n/e","n/e","n/e","n/e","n/e","n/e","n/e","214","57","253","246"
"BZN|DK2","08.05.2018 16:00 - 08.05.2018 17:00 (CET/CEST)","15","n/e","n/e","47","256","15","n/e","n/e","n/e","n/e","n/e","n/e","n/e","n/e","n/e","n/e","n/e","182","59","309","278"
"BZN|DK2","08.05.2018 17:00 - 08.05.2018 18:00 (CET/CEST)","15","n/e","n/e","47","241","15","n/e","n/e","n/e","n/e","n/e","n/e","n/e","n/e","n/e","n/e","n/e","128","60","332","302"
"BZN|DK2","08.05.2018 18:00 - 08.05.2018 19:00 (CET/CEST)","15","n/e","n/e","45","312","15","n/e","n/e","n/e","n/e","n/e","n/e","n/e","n/e","n/e","n/e","n/e","70","59","324","308"
"BZN|DK2","08.05.2018 19:00 - 08.05.2018 20:00 (CET/CEST)","14","n/e","n/e","38","347","12","n/e","n/e","n/e","n/e","n/e","n/e","n/e","n/e","n/e","n/e","n/e","27","60","288","270"
"BZN|DK2","08.05.2018 20:00 - 08.05.2018 21:00 (CET/CEST)","15","n/e","n/e","38","382","12","n/e","n/e","n/e","n/e","n/e","n/e","n/e","n/e","n/e","n/e","n/e","6","61","233","262"
"BZN|DK2","08.05.2018 21:00 - 08.05.2018 22:00 (CET/CEST)","15","n/e","n/e","49","411","13","n/e","n/e","n/e","n/e","n/e","n/e","n/e","n/e","n/e","n/e","n/e","0","61","183","253"
"BZN|DK2","08.05.2018 22:00 - 08.05.2018 23:00 (CET/CEST)","15","n/e","n/e","39","407","13","n/e","n/e","n/e","n/e","n/e","n/e","n/e","n/e","n/e","n/e","n/e","0","60","185","245"
"BZN|DK2","08.05.2018 23:00 - 09.05.2018 00:00 (CET/CEST)","8","n/e","n/e","38","367","12","n/e","n/e","n/e","n/e","n/e","n/e","n/e","n/e","n/e","n/e","n/e","0","53","219","235"
"BZN|DK2","09.05.2018 00:00 - 09.05.2018 01:00 (CET/CEST)","5","n/e","n/e","37","249","12","n/e","n/e","n/e","n/e","n/e","n/e","n/e","n/e","n/e","n/e","n/e","0","52","148","227"
"BZN|DK2","09.05.2018 01:00 - 09.05.2018 02:00 (CET/CEST)","4","n/e","n/e","37","240","12","n/e","n/e","n/e","n/e","n/e","n/e","n/e","n/e","n/e","n/e","n/e","0","51","95","209"
"BZN|DK2","09.05.2018 02:00 - 09.05.2018 03:00 (CET/CEST)","5","n/e","n/e","37","230","12","n/e","n/e","n/e","n/e","n/e","n/e","n/e","n/e","n/e","n/e","n/e","0","51","64","192"
"BZN|DK2","09.05.2018 03:00 - 09.05.2018 04:00 (CET/CEST)","5","n/e","n/e","37","234","12","n/e","n/e","n/e","n/e","n/e","n/e","n/e","n/e","n/e","n/e","n/e","0","51","54","165"
"BZN|DK2","09.05.2018 04:00 - 09.05.2018 05:00 (CET/CEST)","5","n/e","n/e","37","236","12","n/e","n/e","n/e","n/e","n/e","n/e","n/e","n/e","n/e","n/e","n/e","0","52","53","147"
"BZN|DK2","09.05.2018 05:00 - 09.05.2018 06:00 (CET/CEST)","5","n/e","n/e","41","316","13","n/e","n/e","n/e","n/e","n/e","n/e","n/e","n/e","n/e","n/e","n/e","2","53","76","144"
"BZN|DK2","09.05.2018 06:00 - 09.05.2018 07:00 (CET/CEST)","5","n/e","n/e","83","407","12","n/e","n/e","n/e","n/e","n/e","n/e","n/e","n/e","n/e","n/e","n/e","17","54","66","130"
"BZN|DK2","09.05.2018 07:00 - 09.05.2018 08:00 (CET/CEST)","6","n/e","n/e","98","414","13","n/e","n/e","n/e","n/e","n/e","n/e","n/e","n/e","n/e","n/e","n/e","52","55","64","81"
"BZN|DK2","09.05.2018 08:00 - 09.05.2018 09:00 (CET/CEST)","12","n/e","n/e","50","413","119","n/e","n/e","n/e","n/e","n/e","n/e","n/e","n/e","n/e","n/e","n/e","103","55","58","57"
"BZN|DK2","09.05.2018 09:00 - 09.05.2018 10:00 (CET/CEST)","17","n/e","n/e","55","421","268","n/e","n/e","n/e","n/e","n/e","n/e","n/e","n/e","n/e","n/e","n/e","155","56","47","54"
"BZN|DK2","09.05.2018 10:00 - 09.05.2018 11:00 (CET/CEST)","18","n/e","n/e","50","374","139","n/e","n/e","n/e","n/e","n/e","n/e","n/e","n/e","n/e","n/e","n/e","197","55","58","61"
"BZN|DK2","09.05.2018 11:00 - 09.05.2018 12:00 (CET/CEST)","19","n/e","n/e","54","402","17","n/e","n/e","n/e","n/e","n/e","n/e","n/e","n/e","n/e","n/e","n/e","222","51","91","93"
"BZN|DK2","09.05.2018 12:00 - 09.05.2018 13:00 (CET/CEST)","18","n/e","n/e","48","400","13","n/e","n/e","n/e","n/e","n/e","n/e","n/e","n/e","n/e","n/e","n/e","235","47","119","150"
"BZN|DK2","09.05.2018 13:00 - 09.05.2018 14:00 (CET/CEST)","18","n/e","n/e","46","403","14","n/e","n/e","n/e","n/e","n/e","n/e","n/e","n/e","n/e","n/e","n/e","240","39","149","233"
"BZN|DK2","09.05.2018 14:00 - 09.05.2018 15:00 (CET/CEST)","18","n/e","n/e","95","411","16","n/e","n/e","n/e","n/e","n/e","n/e","n/e","n/e","n/e","n/e","n/e","227","37","208","280"
"BZN|DK2","09.05.2018 15:00 - 09.05.2018 16:00 (CET/CEST)","19","n/e","n/e","105","398","17","n/e","n/e","n/e","n/e","n/e","n/e","n/e","n/e","n/e","n/e","n/e","211","38","278","344"
"BZN|DK2","09.05.2018 16:00 - 09.05.2018 17:00 (CET/CEST)","20","n/e","n/e","55","389","16","n/e","n/e","n/e","n/e","n/e","n/e","n/e","n/e","n/e","n/e","n/e","179","40","334","424"
"BZN|DK2","09.05.2018 17:00 - 09.05.2018 18:00 (CET/CEST)","22","n/e","n/e","46","428","14","n/e","n/e","n/e","n/e","n/e","n/e","n/e","n/e","n/e","n/e","n/e","126","42","340","407"
"BZN|DK2","09.05.2018 18:00 - 09.05.2018 19:00 (CET/CEST)","16","n/e","n/e","41","428","13","n/e","n/e","n/e","n/e","n/e","n/e","n/e","n/e","n/e","n/e","n/e","70","49","265","374"
"BZN|DK2","09.05.2018 19:00 - 09.05.2018 20:00 (CET/CEST)","13","n/e","n/e","39","421","13","n/e","n/e","n/e","n/e","n/e","n/e","n/e","n/e","n/e","n/e","n/e","27","47","218","319"
"BZN|DK2","09.05.2018 20:00 - 09.05.2018 21:00 (CET/CEST)","13","n/e","n/e","36","283","11","n/e","n/e","n/e","n/e","n/e","n/e","n/e","n/e","n/e","n/e","n/e","6","46","195","320"
"BZN|DK2","09.05.2018 21:00 - 09.05.2018 22:00 (CET/CEST)","13","n/e","n/e","35","249","12","n/e","n/e","n/e","n/e","n/e","n/e","n/e","n/e","n/e","n/e","n/e","0","47","195","303"
"BZN|DK2","09.05.2018 22:00 - 09.05.2018 23:00 (CET/CEST)","13","n/e","n/e","36","247","12","n/e","n/e","n/e","n/e","n/e","n/e","n/e","n/e","n/e","n/e","n/e","0","47","166","283"
"BZN|DK2","09.05.2018 23:00 - 10.05.2018 00:00 (CET/CEST)","13","n/e","n/e","36","248","12","n/e","n/e","n/e","n/e","n/e","n/e","n/e","n/e","n/e","n/e","n/e","0","46","122","252"
"BZN|DK2","10.05.2018 00:00 - 10.05.2018 01:00 (CET/CEST)","12","n/e","n/e","35","235","12","n/e","n/e","n/e","n/e","n/e","n/e","n/e","n/e","n/e","n/e","n/e","0","34","96","233"
"BZN|DK2","10.05.2018 01:00 - 10.05.2018 02:00 (CET/CEST)","13","n/e","n/e","36","219","12","n/e","n/e","n/e","n/e","n/e","n/e","n/e","n/e","n/e","n/e","n/e","0","31","97","212"
"BZN|DK2","10.05.2018 02:00 - 10.05.2018 03:00 (CET/CEST)","12","n/e","n/e","35","226","12","n/e","n/e","n/e","n/e","n/e","n/e","n/e","n/e","n/e","n/e","n/e","0","32","98","188"
"BZN|DK2","10.05.2018 03:00 - 10.05.2018 04:00 (CET/CEST)","11","n/e","n/e","36","226","12","n/e","n/e","n/e","n/e","n/e","n/e","n/e","n/e","n/e","n/e","n/e","0","32","92","174"
"BZN|DK2","10.05.2018 04:00 - 10.05.2018 05:00 (CET/CEST)","12","n/e","n/e","35","223","12","n/e","n/e","n/e","n/e","n/e","n/e","n/e","n/e","n/e","n/e","n/e","0","35","72","161"
"BZN|DK2","10.05.2018 05:00 - 10.05.2018 06:00 (CET/CEST)","12","n/e","n/e","36","225","12","n/e","n/e","n/e","n/e","n/e","n/e","n/e","n/e","n/e","n/e","n/e","0","35","53","132"
"BZN|DK2","10.05.2018 06:00 - 10.05.2018 07:00 (CET/CEST)","10","n/e","n/e","37","223","12","n/e","n/e","n/e","n/e","n/e","n/e","n/e","n/e","n/e","n/e","n/e","17","40","67","120"
"BZN|DK2","10.05.2018 07:00 - 10.05.2018 08:00 (CET/CEST)","5","n/e","n/e","36","224","12","n/e","n/e","n/e","n/e","n/e","n/e","n/e","n/e","n/e","n/e","n/e","52","47","52","104"
"BZN|DK2","10.05.2018 08:00 - 10.05.2018 09:00 (CET/CEST)","5","n/e","n/e","39","228","14","n/e","n/e","n/e","n/e","n/e","n/e","n/e","n/e","n/e","n/e","n/e","98","58","43","77"
"BZN|DK2","10.05.2018 09:00 - 10.05.2018 10:00 (CET/CEST)","5","n/e","n/e","40","216","22","n/e","n/e","n/e","n/e","n/e","n/e","n/e","n/e","n/e","n/e","n/e","144","59","34","71"
"BZN|DK2","10.05.2018 10:00 - 10.05.2018 11:00 (CET/CEST)","5","n/e","n/e","41","224","24","n/e","n/e","n/e","n/e","n/e","n/e","n/e","n/e","n/e","n/e","n/e","172","58","80","76"
"BZN|DK2","10.05.2018 11:00 - 10.05.2018 12:00 (CET/CEST)","5","n/e","n/e","40","218","24","n/e","n/e","n/e","n/e","n/e","n/e","n/e","n/e","n/e","n/e","n/e","186","59","106","137"
"BZN|DK2","10.05.2018 12:00 - 10.05.2018 13:00 (CET/CEST)","5","n/e","n/e","39","227","22","n/e","n/e","n/e","n/e","n/e","n/e","n/e","n/e","n/e","n/e","n/e","193","56","137","159"
"BZN|DK2","10.05.2018 13:00 - 10.05.2018 14:00 (CET/CEST)","6","n/e","n/e","40","220","13","n/e","n/e","n/e","n/e","n/e","n/e","n/e","n/e","n/e","n/e","n/e","220","56","147","180"
"BZN|DK2","10.05.2018 14:00 - 10.05.2018 15:00 (CET/CEST)","8","n/e","n/e","42","217","14","n/e","n/e","n/e","n/e","n/e","n/e","n/e","n/e","n/e","n/e","n/e","223","57","125","273"
"BZN|DK2","10.05.2018 15:00 - 10.05.2018 16:00 (CET/CEST)","9","n/e","n/e","40","219","13","n/e","n/e","n/e","n/e","n/e","n/e","n/e","n/e","n/e","n/e","n/e","209","61","79","304"
"BZN|DK2","10.05.2018 16:00 - 10.05.2018 17:00 (CET/CEST)","8","n/e","n/e","39","235","13","n/e","n/e","n/e","n/e","n/e","n/e","n/e","n/e","n/e","n/e","n/e","175","61","62","226"
"BZN|DK2","10.05.2018 17:00 - 10.05.2018 18:00 (CET/CEST)","11","n/e","n/e","35","227","11","n/e","n/e","n/e","n/e","n/e","n/e","n/e","n/e","n/e","n/e","n/e","117","59","49","216"
"BZN|DK2","10.05.2018 18:00 - 10.05.2018 19:00 (CET/CEST)","14","n/e","n/e","32","232","10","n/e","n/e","n/e","n/e","n/e","n/e","n/e","n/e","n/e","n/e","n/e","48","59","211","214"
"BZN|DK2","10.05.2018 19:00 - 10.05.2018 20:00 (CET/CEST)","14","n/e","n/e","32","218","11","n/e","n/e","n/e","n/e","n/e","n/e","n/e","n/e","n/e","n/e","n/e","11","60","159","147"
"BZN|DK2","10.05.2018 20:00 - 10.05.2018 21:00 (CET/CEST)","14","n/e","n/e","35","270","12","n/e","n/e","n/e","n/e","n/e","n/e","n/e","n/e","n/e","n/e","n/e","1","61","94","108"
"BZN|DK2","10.05.2018 21:00 - 10.05.2018 22:00 (CET/CEST)","14","n/e","n/e","34","271","11","n/e","n/e","n/e","n/e","n/e","n/e","n/e","n/e","n/e","n/e","n/e","0","61","111","108"
"BZN|DK2","10.05.2018 22:00 - 10.05.2018 23:00 (CET/CEST)","15","n/e","n/e","33","222","11","n/e","n/e","n/e","n/e","n/e","n/e","n/e","n/e","n/e","n/e","n/e","0","61","121","161"
"BZN|DK2","10.05.2018 23:00 - 11.05.2018 00:00 (CET/CEST)","14","n/e","n/e","32","209","11","n/e","n/e","n/e","n/e","n/e","n/e","n/e","n/e","n/e","n/e","n/e","0","61","135","152"
"BZN|DK2","11.05.2018 00:00 - 11.05.2018 01:00 (CET/CEST)","8","n/e","n/e","23","180","8","n/e","n/e","n/e","n/e","n/e","n/e","n/e","n/e","n/e","n/e","n/e","0","58","142","152"
"BZN|DK2","11.05.2018 01:00 - 11.05.2018 02:00 (CET/CEST)","8","n/e","n/e","22","181","8","n/e","n/e","n/e","n/e","n/e","n/e","n/e","n/e","n/e","n/e","n/e","0","59","108","147"
"BZN|DK2","11.05.2018 02:00 - 11.05.2018 03:00 (CET/CEST)","8","n/e","n/e","23","185","8","n/e","n/e","n/e","n/e","n/e","n/e","n/e","n/e","n/e","n/e","n/e","0","58","199","176"
"BZN|DK2","11.05.2018 03:00 - 11.05.2018 04:00 (CET/CEST)","8","n/e","n/e","23","187","8","n/e","n/e","n/e","n/e","n/e","n/e","n/e","n/e","n/e","n/e","n/e","0","58","298","150"
"BZN|DK2","11.05.2018 04:00 - 11.05.2018 05:00 (CET/CEST)","8","n/e","n/e","24","186","8","n/e","n/e","n/e","n/e","n/e","n/e","n/e","n/e","n/e","n/e","n/e","0","58","184","62"
"BZN|DK2","11.05.2018 05:00 - 11.05.2018 06:00 (CET/CEST)","8","n/e","n/e","27","195","9","n/e","n/e","n/e","n/e","n/e","n/e","n/e","n/e","n/e","n/e","n/e","1","55","123","55"
"BZN|DK2","11.05.2018 06:00 - 11.05.2018 07:00 (CET/CEST)","9","n/e","n/e","70","344","13","n/e","n/e","n/e","n/e","n/e","n/e","n/e","n/e","n/e","n/e","n/e","7","57","98","85"
"BZN|DK2","11.05.2018 07:00 - 11.05.2018 08:00 (CET/CEST)","9","n/e","n/e","58","395","13","n/e","n/e","n/e","n/e","n/e","n/e","n/e","n/e","n/e","n/e","n/e","17","55","53","31"
"BZN|DK2","11.05.2018 08:00 - 11.05.2018 09:00 (CET/CEST)","12","n/e","n/e","54","414","14","n/e","n/e","n/e","n/e","n/e","n/e","n/e","n/e","n/e","n/e","n/e","39","56","49","68"
"BZN|DK2","11.05.2018 09:00 - 11.05.2018 10:00 (CET/CEST)","16","n/e","n/e","43","400","14","n/e","n/e","n/e","n/e","n/e","n/e","n/e","n/e","n/e","n/e","n/e","70","58","46","68"
"BZN|DK2","11.05.2018 10:00 - 11.05.2018 11:00 (CET/CEST)","17","n/e","n/e","53","401","17","n/e","n/e","n/e","n/e","n/e","n/e","n/e","n/e","n/e","n/e","n/e","140","52","48","51"
"BZN|DK2","11.05.2018 11:00 - 11.05.2018 12:00 (CET/CEST)","21","n/e","n/e","46","389","15","n/e","n/e","n/e","n/e","n/e","n/e","n/e","n/e","n/e","n/e","n/e","158","47","40","39"
"BZN|DK2","11.05.2018 12:00 - 11.05.2018 13:00 (CET/CEST)","19","n/e","n/e","51","413","16","n/e","n/e","n/e","n/e","n/e","n/e","n/e","n/e","n/e","n/e","n/e","160","47","52","39"
"BZN|DK2","11.05.2018 13:00 - 11.05.2018 14:00 (CET/CEST)","19","n/e","n/e","47","336","15","n/e","n/e","n/e","n/e","n/e","n/e","n/e","n/e","n/e","n/e","n/e","142","42","29","28"
"BZN|DK2","11.05.2018 14:00 - 11.05.2018 15:00 (CET/CEST)","19","n/e","n/e","48","323","15","n/e","n/e","n/e","n/e","n/e","n/e","n/e","n/e","n/e","n/e","n/e","146","44","30","24"
"BZN|DK2","11.05.2018 15:00 - 11.05.2018 16:00 (CET/CEST)","19","n/e","n/e","52","272","17","n/e","n/e","n/e","n/e","n/e","n/e","n/e","n/e","n/e","n/e","n/e","146","44","35","21"
"BZN|DK2","11.05.2018 16:00 - 11.05.2018 17:00 (CET/CEST)","17","n/e","n/e","55","356","22","n/e","n/e","n/e","n/e","n/e","n/e","n/e","n/e","n/e","n/e","n/e","131","44","20","20"
"BZN|DK2","11.05.2018 17:00 - 11.05.2018 18:00 (CET/CEST)","17","n/e","n/e","51","388","26","n/e","n/e","n/e","n/e","n/e","n/e","n/e","n/e","n/e","n/e","n/e","101","44","7","15"
"BZN|DK2","11.05.2018 18:00 - 11.05.2018 19:00 (CET/CEST)","19","n/e","n/e","52","420","27","n/e","n/e","n/e","n/e","n/e","n/e","n/e","n/e","n/e","n/e","n/e","64","44","0","12"
"BZN|DK2","11.05.2018 19:00 - 11.05.2018 20:00 (CET/CEST)","18","n/e","n/e","50","418","26","n/e","n/e","n/e","n/e","n/e","n/e","n/e","n/e","n/e","n/e","n/e","28","44","0","7"
"BZN|DK2","11.05.2018 20:00 - 11.05.2018 21:00 (CET/CEST)","19","n/e","n/e","52","425","26","n/e","n/e","n/e","n/e","n/e","n/e","n/e","n/e","n/e","n/e","n/e","7","43","0","8"
"BZN|DK2","11.05.2018 21:00 - 11.05.2018 22:00 (CET/CEST)","19","n/e","n/e","52","425","17","n/e","n/e","n/e","n/e","n/e","n/e","n/e","n/e","n/e","n/e","n/e","0","43","0","8"
"BZN|DK2","11.05.2018 22:00 - 11.05.2018 23:00 (CET/CEST)","19","n/e","n/e","62","426","17","n/e","n/e","n/e","n/e","n/e","n/e","n/e","n/e","n/e","n/e","n/e","0","43","0","6"
"BZN|DK2","11.05.2018 23:00 - 12.05.2018 00:00 (CET/CEST)","19","n/e","n/e","62","407","17","n/e","n/e","n/e","n/e","n/e","n/e","n/e","n/e","n/e","n/e","n/e","0","43","0","6"
"BZN|DK2","12.05.2018 00:00 - 12.05.2018 01:00 (CET/CEST)","11","n/e","n/e","55","312","16","n/e","n/e","n/e","n/e","n/e","n/e","n/e","n/e","n/e","n/e","n/e","0","42","0","6"
"BZN|DK2","12.05.2018 01:00 - 12.05.2018 02:00 (CET/CEST)","10","n/e","n/e","52","280","14","n/e","n/e","n/e","n/e","n/e","n/e","n/e","n/e","n/e","n/e","n/e","0","41","0","7"
"BZN|DK2","12.05.2018 02:00 - 12.05.2018 03:00 (CET/CEST)","10","n/e","n/e","43","237","14","n/e","n/e","n/e","n/e","n/e","n/e","n/e","n/e","n/e","n/e","n/e","0","40","1","7"
"BZN|DK2","12.05.2018 03:00 - 12.05.2018 04:00 (CET/CEST)","10","n/e","n/e","43","224","14","n/e","n/e","n/e","n/e","n/e","n/e","n/e","n/e","n/e","n/e","n/e","0","40","1","8"
"BZN|DK2","12.05.2018 04:00 - 12.05.2018 05:00 (CET/CEST)","10","n/e","n/e","43","220","14","n/e","n/e","n/e","n/e","n/e","n/e","n/e","n/e","n/e","n/e","n/e","0","41","1","8"
"BZN|DK2","12.05.2018 05:00 - 12.05.2018 06:00 (CET/CEST)","9","n/e","n/e","42","217","14","n/e","n/e","n/e","n/e","n/e","n/e","n/e","n/e","n/e","n/e","n/e","2","40","1","11"
"BZN|DK2","12.05.2018 06:00 - 12.05.2018 07:00 (CET/CEST)","9","n/e","n/e","44","229","14","n/e","n/e","n/e","n/e","n/e","n/e","n/e","n/e","n/e","n/e","n/e","17","41","1","12"
"BZN|DK2","12.05.2018 07:00 - 12.05.2018 08:00 (CET/CEST)","10","n/e","n/e","44","226","14","n/e","n/e","n/e","n/e","n/e","n/e","n/e","n/e","n/e","n/e","n/e","49","41","2","11"
"BZN|DK2","12.05.2018 08:00 - 12.05.2018 09:00 (CET/CEST)","13","n/e","n/e","47","222","15","n/e","n/e","n/e","n/e","n/e","n/e","n/e","n/e","n/e","n/e","n/e","98","42","1","7"
"BZN|DK2","12.05.2018 09:00 - 12.05.2018 10:00 (CET/CEST)","18","n/e","n/e","48","234","16","n/e","n/e","n/e","n/e","n/e","n/e","n/e","n/e","n/e","n/e","n/e","149","42","0","6"
"BZN|DK2","12.05.2018 10:00 - 12.05.2018 11:00 (CET/CEST)","16","n/e","n/e","51","230","16","n/e","n/e","n/e","n/e","n/e","n/e","n/e","n/e","n/e","n/e","n/e","187","43","4","7"
"BZN|DK2","12.05.2018 11:00 - 12.05.2018 12:00 (CET/CEST)","14","n/e","n/e","52","232","17","n/e","n/e","n/e","n/e","n/e","n/e","n/e","n/e","n/e","n/e","n/e","209","43","17","11"
"BZN|DK2","12.05.2018 12:00 - 12.05.2018 13:00 (CET/CEST)","14","n/e","n/e","52","230","16","n/e","n/e","n/e","n/e","n/e","n/e","n/e","n/e","n/e","n/e","n/e","216","42","13","15"
"BZN|DK2","12.05.2018 13:00 - 12.05.2018 14:00 (CET/CEST)","14","n/e","n/e","49","224","16","n/e","n/e","n/e","n/e","n/e","n/e","n/e","n/e","n/e","n/e","n/e","209","42","7","15"
"BZN|DK2","12.05.2018 14:00 - 12.05.2018 15:00 (CET/CEST)","13","n/e","n/e","50","217","16","n/e","n/e","n/e","n/e","n/e","n/e","n/e","n/e","n/e","n/e","n/e","175","42","10","20"
"BZN|DK2","12.05.2018 15:00 - 12.05.2018 16:00 (CET/CEST)","13","n/e","n/e","52","222","15","n/e","n/e","n/e","n/e","n/e","n/e","n/e","n/e","n/e","n/e","n/e","140","41","5","25"
"BZN|DK2","12.05.2018 16:00 - 12.05.2018 17:00 (CET/CEST)","13","n/e","n/e","47","228","19","n/e","n/e","n/e","n/e","n/e","n/e","n/e","n/e","n/e","n/e","n/e","102","42","6","28"
"BZN|DK2","12.05.2018 17:00 - 12.05.2018 18:00 (CET/CEST)","14","n/e","n/e","49","223","23","n/e","n/e","n/e","n/e","n/e","n/e","n/e","n/e","n/e","n/e","n/e","67","41","13","32"
"BZN|DK2","12.05.2018 18:00 - 12.05.2018 19:00 (CET/CEST)","13","n/e","n/e","48","231","24","n/e","n/e","n/e","n/e","n/e","n/e","n/e","n/e","n/e","n/e","n/e","37","43","26","28"
"BZN|DK2","12.05.2018 19:00 - 12.05.2018 20:00 (CET/CEST)","14","n/e","n/e","46","261","21","n/e","n/e","n/e","n/e","n/e","n/e","n/e","n/e","n/e","n/e","n/e","17","41","40","25"
"BZN|DK2","12.05.2018 20:00 - 12.05.2018 21:00 (CET/CEST)","13","n/e","n/e","39","196","21","n/e","n/e","n/e","n/e","n/e","n/e","n/e","n/e","n/e","n/e","n/e","3","42","53","27"
"BZN|DK2","12.05.2018 21:00 - 12.05.2018 22:00 (CET/CEST)","13","n/e","n/e","38","194","15","n/e","n/e","n/e","n/e","n/e","n/e","n/e","n/e","n/e","n/e","n/e","0","41","65","34"
"BZN|DK2","12.05.2018 22:00 - 12.05.2018 23:00 (CET/CEST)","13","n/e","n/e","42","220","14","n/e","n/e","n/e","n/e","n/e","n/e","n/e","n/e","n/e","n/e","n/e","0","42","94","54"
"BZN|DK2","12.05.2018 23:00 - 13.05.2018 00:00 (CET/CEST)","11","n/e","n/e","38","182","13","n/e","n/e","n/e","n/e","n/e","n/e","n/e","n/e","n/e","n/e","n/e","0","42","83","73"
"BZN|DK2","13.05.2018 00:00 - 13.05.2018 01:00 (CET/CEST)","8","n/e","n/e","33","191","11","n/e","n/e","n/e","n/e","n/e","n/e","n/e","n/e","n/e","n/e","n/e","0","41","58","80"
"BZN|DK2","13.05.2018 01:00 - 13.05.2018 02:00 (CET/CEST)","4","n/e","n/e","33","181","11","n/e","n/e","n/e","n/e","n/e","n/e","n/e","n/e","n/e","n/e","n/e","0","41","27","75"
"BZN|DK2","13.05.2018 02:00 - 13.05.2018 03:00 (CET/CEST)","4","n/e","n/e","32","172","11","n/e","n/e","n/e","n/e","n/e","n/e","n/e","n/e","n/e","n/e","n/e","0","42","41","62"
"BZN|DK2","13.05.2018 03:00 - 13.05.2018 04:00 (CET/CEST)","4","n/e","n/e","29","177","10","n/e","n/e","n/e","n/e","n/e","n/e","n/e","n/e","n/e","n/e","n/e","0","43","71","63"
"BZN|DK2","13.05.2018 04:00 - 13.05.2018 05:00 (CET/CEST)","4","n/e","n/e","29","167","10","n/e","n/e","n/e","n/e","n/e","n/e","n/e","n/e","n/e","n/e","n/e","0","43","91","87"
"BZN|DK2","13.05.2018 05:00 - 13.05.2018 06:00 (CET/CEST)","4","n/e","n/e","29","164","10","n/e","n/e","n/e","n/e","n/e","n/e","n/e","n/e","n/e","n/e","n/e","3","44","115","113"
"BZN|DK2","13.05.2018 06:00 - 13.05.2018 07:00 (CET/CEST)","4","n/e","n/e","30","169","9","n/e","n/e","n/e","n/e","n/e","n/e","n/e","n/e","n/e","n/e","n/e","17","46","146","89"
"BZN|DK2","13.05.2018 07:00 - 13.05.2018 08:00 (CET/CEST)","4","n/e","n/e","30","176","10","n/e","n/e","n/e","n/e","n/e","n/e","n/e","n/e","n/e","n/e","n/e","43","47","185","86"
"BZN|DK2","13.05.2018 08:00 - 13.05.2018 09:00 (CET/CEST)","4","n/e","n/e","33","190","11","n/e","n/e","n/e","n/e","n/e","n/e","n/e","n/e","n/e","n/e","n/e","88","44","149","96"
"BZN|DK2","13.05.2018 09:00 - 13.05.2018 10:00 (CET/CEST)","5","n/e","n/e","46","215","15","n/e","n/e","n/e","n/e","n/e","n/e","n/e","n/e","n/e","n/e","n/e","144","45","150","95"
"BZN|DK2","13.05.2018 10:00 - 13.05.2018 11:00 (CET/CEST)","9","n/e","n/e","48","219","16","n/e","n/e","n/e","n/e","n/e","n/e","n/e","n/e","n/e","n/e","n/e","186","46","146","91"
"BZN|DK2","13.05.2018 11:00 - 13.05.2018 12:00 (CET/CEST)","10","n/e","n/e","49","219","23","n/e","n/e","n/e","n/e","n/e","n/e","n/e","n/e","n/e","n/e","n/e","209","46","138","97"
"BZN|DK2","13.05.2018 12:00 - 13.05.2018 13:00 (CET/CEST)","10","n/e","n/e","41","208","26","n/e","n/e","n/e","n/e","n/e","n/e","n/e","n/e","n/e","n/e","n/e","225","44","170","137"
"BZN|DK2","13.05.2018 13:00 - 13.05.2018 14:00 (CET/CEST)","9","n/e","n/e","38","200","24","n/e","n/e","n/e","n/e","n/e","n/e","n/e","n/e","n/e","n/e","n/e","229","44","192","207"
"BZN|DK2","13.05.2018 14:00 - 13.05.2018 15:00 (CET/CEST)","10","n/e","n/e","41","203","26","n/e","n/e","n/e","n/e","n/e","n/e","n/e","n/e","n/e","n/e","n/e","221","44","237","276"
"BZN|DK2","13.05.2018 15:00 - 13.05.2018 16:00 (CET/CEST)","10","n/e","n/e","39","196","26","n/e","n/e","n/e","n/e","n/e","n/e","n/e","n/e","n/e","n/e","n/e","202","44","276","330"
"BZN|DK2","13.05.2018 16:00 - 13.05.2018 17:00 (CET/CEST)","10","n/e","n/e","39","187","25","n/e","n/e","n/e","n/e","n/e","n/e","n/e","n/e","n/e","n/e","n/e","170","44","316","356"
"BZN|DK2","13.05.2018 17:00 - 13.05.2018 18:00 (CET/CEST)","7","n/e","n/e","38","188","24","n/e","n/e","n/e","n/e","n/e","n/e","n/e","n/e","n/e","n/e","n/e","126","45","330","389"
"BZN|DK2","13.05.2018 18:00 - 13.05.2018 19:00 (CET/CEST)","6","n/e","n/e","45","198","26","n/e","n/e","n/e","n/e","n/e","n/e","n/e","n/e","n/e","n/e","n/e","71","46","358","369"
"BZN|DK2","13.05.2018 19:00 - 13.05.2018 20:00 (CET/CEST)","5","n/e","n/e","45","205","15","n/e","n/e","n/e","n/e","n/e","n/e","n/e","n/e","n/e","n/e","n/e","29","48","358","355"
"BZN|DK2","13.05.2018 20:00 - 13.05.2018 21:00 (CET/CEST)","5","n/e","n/e","44","195","14","n/e","n/e","n/e","n/e","n/e","n/e","n/e","n/e","n/e","n/e","n/e","7","48","358","316"
"BZN|DK2","13.05.2018 21:00 - 13.05.2018 22:00 (CET/CEST)","5","n/e","n/e","42","204","14","n/e","n/e","n/e","n/e","n/e","n/e","n/e","n/e","n/e","n/e","n/e","0","49","338","308"
"BZN|DK2","13.05.2018 22:00 - 13.05.2018 23:00 (CET/CEST)","5","n/e","n/e","43","199","14","n/e","n/e","n/e","n/e","n/e","n/e","n/e","n/e","n/e","n/e","n/e","0","49","319","306"
"BZN|DK2","13.05.2018 23:00 - 14.05.2018 00:00 (CET/CEST)","5","n/e","n/e","40","194","13","n/e","n/e","n/e","n/e","n/e","n/e","n/e","n/e","n/e","n/e","n/e","0","48","313","308"
"BZN|DK2","14.05.2018 00:00 - 14.05.2018 01:00 (CET/CEST)","4","n/e","n/e","31","204","10","n/e","n/e","n/e","n/e","n/e","n/e","n/e","n/e","n/e","n/e","n/e","0","47","274","302"
"BZN|DK2","14.05.2018 01:00 - 14.05.2018 02:00 (CET/CEST)","4","n/e","n/e","30","182","10","n/e","n/e","n/e","n/e","n/e","n/e","n/e","n/e","n/e","n/e","n/e","0","43","230","254"
"BZN|DK2","14.05.2018 02:00 - 14.05.2018 03:00 (CET/CEST)","4","n/e","n/e","30","186","10","n/e","n/e","n/e","n/e","n/e","n/e","n/e","n/e","n/e","n/e","n/e","0","41","191","233"
"BZN|DK2","14.05.2018 03:00 - 14.05.2018 04:00 (CET/CEST)","4","n/e","n/e","30","182","10","n/e","n/e","n/e","n/e","n/e","n/e","n/e","n/e","n/e","n/e","n/e","0","42","169","225"
"BZN|DK2","14.05.2018 04:00 - 14.05.2018 05:00 (CET/CEST)","4","n/e","n/e","30","181","10","n/e","n/e","n/e","n/e","n/e","n/e","n/e","n/e","n/e","n/e","n/e","0","42","146","186"
"BZN|DK2","14.05.2018 05:00 - 14.05.2018 06:00 (CET/CEST)","4","n/e","n/e","33","186","11","n/e","n/e","n/e","n/e","n/e","n/e","n/e","n/e","n/e","n/e","n/e","3","43","132","175"
"BZN|DK2","14.05.2018 06:00 - 14.05.2018 07:00 (CET/CEST)","6","n/e","n/e","38","230","12","n/e","n/e","n/e","n/e","n/e","n/e","n/e","n/e","n/e","n/e","n/e","19","46","145","142"
"BZN|DK2","14.05.2018 07:00 - 14.05.2018 08:00 (CET/CEST)","15","n/e","n/e","42","241","14","n/e","n/e","n/e","n/e","n/e","n/e","n/e","n/e","n/e","n/e","n/e","54","46","156","102"
"BZN|DK2","14.05.2018 08:00 - 14.05.2018 09:00 (CET/CEST)","19","n/e","n/e","63","375","18","n/e","n/e","n/e","n/e","n/e","n/e","n/e","n/e","n/e","n/e","n/e","104","48","179","80"
"BZN|DK2","14.05.2018 09:00 - 14.05.2018 10:00 (CET/CEST)","20","n/e","n/e","128","447","22","n/e","n/e","n/e","n/e","n/e","n/e","n/e","n/e","n/e","n/e","n/e","155","49","175","66"
"BZN|DK2","14.05.2018 10:00 - 14.05.2018 11:00 (CET/CEST)","20","n/e","n/e","139","451","25","n/e","n/e","n/e","n/e","n/e","n/e","n/e","n/e","n/e","n/e","n/e","190","48","160","74"
"BZN|DK2","14.05.2018 11:00 - 14.05.2018 12:00 (CET/CEST)","20","n/e","n/e","109","442","32","n/e","n/e","n/e","n/e","n/e","n/e","n/e","n/e","n/e","n/e","n/e","213","48","147","82"
"BZN|DK2","14.05.2018 12:00 - 14.05.2018 13:00 (CET/CEST)","22","n/e","n/e","85","408","29","n/e","n/e","n/e","n/e","n/e","n/e","n/e","n/e","n/e","n/e","n/e","226","47","162","100"
"BZN|DK2","14.05.2018 13:00 - 14.05.2018 14:00 (CET/CEST)","22","n/e","n/e","101","371","29","n/e","n/e","n/e","n/e","n/e","n/e","n/e","n/e","n/e","n/e","n/e","229","46","155","112"
"BZN|DK2","14.05.2018 14:00 - 14.05.2018 15:00 (CET/CEST)","23","n/e","n/e","108","306","29","n/e","n/e","n/e","n/e","n/e","n/e","n/e","n/e","n/e","n/e","n/e","223","42","211","116"
"BZN|DK2","14.05.2018 15:00 - 14.05.2018 16:00 (CET/CEST)","22","n/e","n/e","102","334","28","n/e","n/e","n/e","n/e","n/e","n/e","n/e","n/e","n/e","n/e","n/e","201","41","177","119"
"BZN|DK2","14.05.2018 16:00 - 14.05.2018 17:00 (CET/CEST)","20","n/e","n/e","104","365","29","n/e","n/e","n/e","n/e","n/e","n/e","n/e","n/e","n/e","n/e","n/e","170","42","143","101"
"BZN|DK2","14.05.2018 17:00 - 14.05.2018 18:00 (CET/CEST)","19","n/e","n/e","104","356","26","n/e","n/e","n/e","n/e","n/e","n/e","n/e","n/e","n/e","n/e","n/e","117","44","135","71"
"BZN|DK2","14.05.2018 18:00 - 14.05.2018 19:00 (CET/CEST)","17","n/e","n/e","102","315","16","n/e","n/e","n/e","n/e","n/e","n/e","n/e","n/e","n/e","n/e","n/e","67","46","106","46"
"BZN|DK2","14.05.2018 19:00 - 14.05.2018 20:00 (CET/CEST)","16","n/e","n/e","94","301","14","n/e","n/e","n/e","n/e","n/e","n/e","n/e","n/e","n/e","n/e","n/e","29","54","90","45"
"BZN|DK2","14.05.2018 20:00 - 14.05.2018 21:00 (CET/CEST)","11","n/e","n/e","40","228","12","n/e","n/e","n/e","n/e","n/e","n/e","n/e","n/e","n/e","n/e","n/e","7","57","121","56"
"BZN|DK2","14.05.2018 21:00 - 14.05.2018 22:00 (CET/CEST)","10","n/e","n/e","38","220","13","n/e","n/e","n/e","n/e","n/e","n/e","n/e","n/e","n/e","n/e","n/e","0","57","116","67"
"BZN|DK2","14.05.2018 22:00 - 14.05.2018 23:00 (CET/CEST)","10","n/e","n/e","38","246","13","n/e","n/e","n/e","n/e","n/e","n/e","n/e","n/e","n/e","n/e","n/e","0","59","120","75"
"BZN|DK2","14.05.2018 23:00 - 15.05.2018 00:00 (CET/CEST)","10","n/e","n/e","39","246","13","n/e","n/e","n/e","n/e","n/e","n/e","n/e","n/e","n/e","n/e","n/e","0","59","70","80"
"BZN|DK2","15.05.2018 00:00 - 15.05.2018 01:00 (CET/CEST)","10","n/e","n/e","39","208","13","n/e","n/e","n/e","n/e","n/e","n/e","n/e","n/e","n/e","n/e","n/e","0","54","73","89"
"BZN|DK2","15.05.2018 01:00 - 15.05.2018 02:00 (CET/CEST)","9","n/e","n/e","39","207","13","n/e","n/e","n/e","n/e","n/e","n/e","n/e","n/e","n/e","n/e","n/e","0","51","89","91"
"BZN|DK2","15.05.2018 02:00 - 15.05.2018 03:00 (CET/CEST)","7","n/e","n/e","39","205","13","n/e","n/e","n/e","n/e","n/e","n/e","n/e","n/e","n/e","n/e","n/e","0","53","103","108"
"BZN|DK2","15.05.2018 03:00 - 15.05.2018 04:00 (CET/CEST)","5","n/e","n/e","39","206","13","n/e","n/e","n/e","n/e","n/e","n/e","n/e","n/e","n/e","n/e","n/e","0","54","107","105"
"BZN|DK2","15.05.2018 04:00 - 15.05.2018 05:00 (CET/CEST)","5","n/e","n/e","38","206","13","n/e","n/e","n/e","n/e","n/e","n/e","n/e","n/e","n/e","n/e","n/e","0","54","93","110"
"BZN|DK2","15.05.2018 05:00 - 15.05.2018 06:00 (CET/CEST)","5","n/e","n/e","39","207","13","n/e","n/e","n/e","n/e","n/e","n/e","n/e","n/e","n/e","n/e","n/e","3","55","78","100"
"BZN|DK2","15.05.2018 06:00 - 15.05.2018 07:00 (CET/CEST)","10","n/e","n/e","39","234","13","n/e","n/e","n/e","n/e","n/e","n/e","n/e","n/e","n/e","n/e","n/e","19","59","88","102"
"BZN|DK2","15.05.2018 07:00 - 15.05.2018 08:00 (CET/CEST)","14","n/e","n/e","46","385","15","n/e","n/e","n/e","n/e","n/e","n/e","n/e","n/e","n/e","n/e","n/e","52","60","62","66"
"BZN|DK2","15.05.2018 08:00 - 15.05.2018 09:00 (CET/CEST)","14","n/e","n/e","94","428","22","n/e","n/e","n/e","n/e","n/e","n/e","n/e","n/e","n/e","n/e","n/e","96","60","63","41"
"BZN|DK2","15.05.2018 09:00 - 15.05.2018 10:00 (CET/CEST)","14","n/e","n/e","112","425","41","n/e","n/e","n/e","n/e","n/e","n/e","n/e","n/e","n/e","n/e","n/e","132","59","51","29"
"BZN|DK2","15.05.2018 10:00 - 15.05.2018 11:00 (CET/CEST)","14","n/e","n/e","132","429","103","n/e","n/e","n/e","n/e","n/e","n/e","n/e","n/e","n/e","n/e","n/e","158","60","40","19"
"BZN|DK2","15.05.2018 11:00 - 15.05.2018 12:00 (CET/CEST)","14","n/e","n/e","134","428","103","n/e","n/e","n/e","n/e","n/e","n/e","n/e","n/e","n/e","n/e","n/e","192","61","18","15"
"BZN|DK2","15.05.2018 12:00 - 15.05.2018 13:00 (CET/CEST)","14","n/e","n/e","135","434","100","n/e","n/e","n/e","n/e","n/e","n/e","n/e","n/e","n/e","n/e","n/e","205","60","17","18"
"BZN|DK2","15.05.2018 13:00 - 15.05.2018 14:00 (CET/CEST)","14","n/e","n/e","106","429","31","n/e","n/e","n/e","n/e","n/e","n/e","n/e","n/e","n/e","n/e","n/e","209","57","5","23"
"BZN|DK2","15.05.2018 14:00 - 15.05.2018 15:00 (CET/CEST)","14","n/e","n/e","100","417","29","n/e","n/e","n/e","n/e","n/e","n/e","n/e","n/e","n/e","n/e","n/e","196","51","0","33"
"BZN|DK2","15.05.2018 15:00 - 15.05.2018 16:00 (CET/CEST)","15","n/e","n/e","70","428","26","n/e","n/e","n/e","n/e","n/e","n/e","n/e","n/e","n/e","n/e","n/e","168","49","6","59"
"BZN|DK2","15.05.2018 16:00 - 15.05.2018 17:00 (CET/CEST)","14","n/e","n/e","54","419","18","n/e","n/e","n/e","n/e","n/e","n/e","n/e","n/e","n/e","n/e","n/e","132","48","41","103"
"BZN|DK2","15.05.2018 17:00 - 15.05.2018 18:00 (CET/CEST)","14","n/e","n/e","45","395","15","n/e","n/e","n/e","n/e","n/e","n/e","n/e","n/e","n/e","n/e","n/e","102","58","97","141"
"BZN|DK2","15.05.2018 18:00 - 15.05.2018 19:00 (CET/CEST)","14","n/e","n/e","44","401","15","n/e","n/e","n/e","n/e","n/e","n/e","n/e","n/e","n/e","n/e","n/e","64","61","110","172"
"BZN|DK2","15.05.2018 19:00 - 15.05.2018 20:00 (CET/CEST)","13","n/e","n/e","42","380","13","n/e","n/e","n/e","n/e","n/e","n/e","n/e","n/e","n/e","n/e","n/e","29","61","145","129"
"BZN|DK2","15.05.2018 20:00 - 15.05.2018 21:00 (CET/CEST)","12","n/e","n/e","38","358","13","n/e","n/e","n/e","n/e","n/e","n/e","n/e","n/e","n/e","n/e","n/e","8","62","120","70"
"BZN|DK2","15.05.2018 21:00 - 15.05.2018 22:00 (CET/CEST)","13","n/e","n/e","36","324","12","n/e","n/e","n/e","n/e","n/e","n/e","n/e","n/e","n/e","n/e","n/e","0","63","109","47"
"BZN|DK2","15.05.2018 22:00 - 15.05.2018 23:00 (CET/CEST)","7","n/e","n/e","36","369","12","n/e","n/e","n/e","n/e","n/e","n/e","n/e","n/e","n/e","n/e","n/e","0","63","51","39"
"BZN|DK2","15.05.2018 23:00 - 16.05.2018 00:00 (CET/CEST)","5","n/e","n/e","40","379","12","n/e","n/e","n/e","n/e","n/e","n/e","n/e","n/e","n/e","n/e","n/e","0","63","42","24"
"BZN|DK2","16.05.2018 00:00 - 16.05.2018 01:00 (CET/CEST)","5","n/e","n/e","37","349","12","n/e","n/e","n/e","n/e","n/e","n/e","n/e","n/e","n/e","n/e","n/e","0","60","17","15"
"BZN|DK2","16.05.2018 01:00 - 16.05.2018 02:00 (CET/CEST)","5","n/e","n/e","35","301","12","n/e","n/e","n/e","n/e","n/e","n/e","n/e","n/e","n/e","n/e","n/e","0","59","6","17"
"BZN|DK2","16.05.2018 02:00 - 16.05.2018 03:00 (CET/CEST)","5","n/e","n/e","36","263","12","n/e","n/e","n/e","n/e","n/e","n/e","n/e","n/e","n/e","n/e","n/e","0","59","1","20"
"BZN|DK2","16.05.2018 03:00 - 16.05.2018 04:00 (CET/CEST)","5","n/e","n/e","37","207","12","n/e","n/e","n/e","n/e","n/e","n/e","n/e","n/e","n/e","n/e","n/e","0","58","4","28"
"BZN|DK2","16.05.2018 04:00 - 16.05.2018 05:00 (CET/CEST)","5","n/e","n/e","36","203","12","n/e","n/e","n/e","n/e","n/e","n/e","n/e","n/e","n/e","n/e","n/e","0","58","13","52"
"BZN|DK2","16.05.2018 05:00 - 16.05.2018 06:00 (CET/CEST)","5","n/e","n/e","36","216","12","n/e","n/e","n/e","n/e","n/e","n/e","n/e","n/e","n/e","n/e","n/e","4","60","19","79"
"BZN|DK2","16.05.2018 06:00 - 16.05.2018 07:00 (CET/CEST)","9","n/e","n/e","38","323","12","n/e","n/e","n/e","n/e","n/e","n/e","n/e","n/e","n/e","n/e","n/e","20","62","8","92"
"BZN|DK2","16.05.2018 07:00 - 16.05.2018 08:00 (CET/CEST)","15","n/e","n/e","44","344","14","n/e","n/e","n/e","n/e","n/e","n/e","n/e","n/e","n/e","n/e","n/e","48","62","2","67"
"BZN|DK2","16.05.2018 08:00 - 16.05.2018 09:00 (CET/CEST)","18","n/e","n/e","49","405","24","n/e","n/e","n/e","n/e","n/e","n/e","n/e","n/e","n/e","n/e","n/e","91","61","0","59"
"BZN|DK2","16.05.2018 09:00 - 16.05.2018 10:00 (CET/CEST)","17","n/e","n/e","33","395","22","n/e","n/e","n/e","n/e","n/e","n/e","n/e","n/e","n/e","n/e","n/e","128","61","0","58"
"BZN|DK2","16.05.2018 10:00 - 16.05.2018 11:00 (CET/CEST)","18","n/e","n/e","22","381","19","n/e","n/e","n/e","n/e","n/e","n/e","n/e","n/e","n/e","n/e","n/e","157","58","0","62"
"BZN|DK2","16.05.2018 11:00 - 16.05.2018 12:00 (CET/CEST)","19","n/e","n/e","23","377","20","n/e","n/e","n/e","n/e","n/e","n/e","n/e","n/e","n/e","n/e","n/e","184","53","0","73"
"BZN|DK2","16.05.2018 12:00 - 16.05.2018 13:00 (CET/CEST)","21","n/e","n/e","59","401","24","n/e","n/e","n/e","n/e","n/e","n/e","n/e","n/e","n/e","n/e","n/e","205","50","3","104"
"BZN|DK2","16.05.2018 13:00 - 16.05.2018 14:00 (CET/CEST)","19","n/e","n/e","84","392","12","n/e","n/e","n/e","n/e","n/e","n/e","n/e","n/e","n/e","n/e","n/e","216","45","23","104"
"BZN|DK2","16.05.2018 14:00 - 16.05.2018 15:00 (CET/CEST)","13","n/e","n/e","62","378","9","n/e","n/e","n/e","n/e","n/e","n/e","n/e","n/e","n/e","n/e","n/e","207","37","15","119"
"BZN|DK2","16.05.2018 15:00 - 16.05.2018 16:00 (CET/CEST)","12","n/e","n/e","39","340","9","n/e","n/e","n/e","n/e","n/e","n/e","n/e","n/e","n/e","n/e","n/e","196","35","6","160"
"BZN|DK2","16.05.2018 16:00 - 16.05.2018 17:00 (CET/CEST)","13","n/e","n/e","30","245","10","n/e","n/e","n/e","n/e","n/e","n/e","n/e","n/e","n/e","n/e","n/e","171","31","5","213"
"BZN|DK2","16.05.2018 17:00 - 16.05.2018 18:00 (CET/CEST)","12","n/e","n/e","28","209","10","n/e","n/e","n/e","n/e","n/e","n/e","n/e","n/e","n/e","n/e","n/e","120","29","4","191"
"BZN|DK2","16.05.2018 18:00 - 16.05.2018 19:00 (CET/CEST)","11","n/e","n/e","24","197","8","n/e","n/e","n/e","n/e","n/e","n/e","n/e","n/e","n/e","n/e","n/e","69","29","11","185"
"BZN|DK2","16.05.2018 19:00 - 16.05.2018 20:00 (CET/CEST)","11","n/e","n/e","20","197","7","n/e","n/e","n/e","n/e","n/e","n/e","n/e","n/e","n/e","n/e","n/e","31","28","85","185"
"BZN|DK2","16.05.2018 20:00 - 16.05.2018 21:00 (CET/CEST)","12","n/e","n/e","18","199","6","n/e","n/e","n/e","n/e","n/e","n/e","n/e","n/e","n/e","n/e","n/e","8","30","145","208"
"BZN|DK2","16.05.2018 21:00 - 16.05.2018 22:00 (CET/CEST)","11","n/e","n/e","18","286","6","n/e","n/e","n/e","n/e","n/e","n/e","n/e","n/e","n/e","n/e","n/e","0","32","117","207"
"BZN|DK2","16.05.2018 22:00 - 16.05.2018 23:00 (CET/CEST)","12","n/e","n/e","18","236","6","n/e","n/e","n/e","n/e","n/e","n/e","n/e","n/e","n/e","n/e","n/e","0","33","150","200"
"BZN|DK2","16.05.2018 23:00 - 17.05.2018 00:00 (CET/CEST)","11","n/e","n/e","18","227","6","n/e","n/e","n/e","n/e","n/e","n/e","n/e","n/e","n/e","n/e","n/e","0","32","168","178"
"BZN|DK2","17.05.2018 00:00 - 17.05.2018 01:00 (CET/CEST)","7","n/e","n/e","20","241","7","n/e","n/e","n/e","n/e","n/e","n/e","n/e","n/e","n/e","n/e","n/e","0","34","182","158"
"BZN|DK2","17.05.2018 01:00 - 17.05.2018 02:00 (CET/CEST)","7","n/e","n/e","21","236","7","n/e","n/e","n/e","n/e","n/e","n/e","n/e","n/e","n/e","n/e","n/e","0","32","168","147"
"BZN|DK2","17.05.2018 02:00 - 17.05.2018 03:00 (CET/CEST)","6","n/e","n/e","22","232","7","n/e","n/e","n/e","n/e","n/e","n/e","n/e","n/e","n/e","n/e","n/e","0","33","162","138"
"BZN|DK2","17.05.2018 03:00 - 17.05.2018 04:00 (CET/CEST)","6","n/e","n/e","22","238","7","n/e","n/e","n/e","n/e","n/e","n/e","n/e","n/e","n/e","n/e","n/e","0","33","196","122"
"BZN|DK2","17.05.2018 04:00 - 17.05.2018 05:00 (CET/CEST)","7","n/e","n/e","22","242","7","n/e","n/e","n/e","n/e","n/e","n/e","n/e","n/e","n/e","n/e","n/e","0","33","198","114"
"BZN|DK2","17.05.2018 05:00 - 17.05.2018 06:00 (CET/CEST)","7","n/e","n/e","22","244","8","n/e","n/e","n/e","n/e","n/e","n/e","n/e","n/e","n/e","n/e","n/e","2","33","149","110"
"BZN|DK2","17.05.2018 06:00 - 17.05.2018 07:00 (CET/CEST)","11","n/e","n/e","23","245","7","n/e","n/e","n/e","n/e","n/e","n/e","n/e","n/e","n/e","n/e","n/e","16","33","101","77"
"BZN|DK2","17.05.2018 07:00 - 17.05.2018 08:00 (CET/CEST)","18","n/e","n/e","25","308","10","n/e","n/e","n/e","n/e","n/e","n/e","n/e","n/e","n/e","n/e","n/e","41","35","69","55"
"BZN|DK2","17.05.2018 08:00 - 17.05.2018 09:00 (CET/CEST)","21","n/e","n/e","29","363","22","n/e","n/e","n/e","n/e","n/e","n/e","n/e","n/e","n/e","n/e","n/e","74","35","83","37"
"BZN|DK2","17.05.2018 09:00 - 17.05.2018 10:00 (CET/CEST)","20","n/e","n/e","32","363","33","n/e","n/e","n/e","n/e","n/e","n/e","n/e","n/e","n/e","n/e","n/e","120","34","105","30"
"BZN|DK2","17.05.2018 10:00 - 17.05.2018 11:00 (CET/CEST)","20","n/e","n/e","31","324","57","n/e","n/e","n/e","n/e","n/e","n/e","n/e","n/e","n/e","n/e","n/e","161","36","134","48"
"BZN|DK2","17.05.2018 11:00 - 17.05.2018 12:00 (CET/CEST)","19","n/e","n/e","33","209","32","n/e","n/e","n/e","n/e","n/e","n/e","n/e","n/e","n/e","n/e","n/e","181","41","162","82"
"BZN|DK2","17.05.2018 12:00 - 17.05.2018 13:00 (CET/CEST)","19","n/e","n/e","33","186","24","n/e","n/e","n/e","n/e","n/e","n/e","n/e","n/e","n/e","n/e","n/e","193","50","169","84"
"BZN|DK2","17.05.2018 13:00 - 17.05.2018 14:00 (CET/CEST)","21","n/e","n/e","31","180","15","n/e","n/e","n/e","n/e","n/e","n/e","n/e","n/e","n/e","n/e","n/e","208","51","182","98"
"BZN|DK2","17.05.2018 14:00 - 17.05.2018 15:00 (CET/CEST)","12","n/e","n/e","32","179","11","n/e","n/e","n/e","n/e","n/e","n/e","n/e","n/e","n/e","n/e","n/e","213","50","168","130"
"BZN|DK2","17.05.2018 15:00 - 17.05.2018 16:00 (CET/CEST)","6","n/e","n/e","32","169","11","n/e","n/e","n/e","n/e","n/e","n/e","n/e","n/e","n/e","n/e","n/e","203","51","120","133"
"BZN|DK2","17.05.2018 16:00 - 17.05.2018 17:00 (CET/CEST)","6","n/e","n/e","31","164","10","n/e","n/e","n/e","n/e","n/e","n/e","n/e","n/e","n/e","n/e","n/e","176","51","139","130"
"BZN|DK2","17.05.2018 17:00 - 17.05.2018 18:00 (CET/CEST)","7","n/e","n/e","29","164","9","n/e","n/e","n/e","n/e","n/e","n/e","n/e","n/e","n/e","n/e","n/e","127","50","157","136"
"BZN|DK2","17.05.2018 18:00 - 17.05.2018 19:00 (CET/CEST)","8","n/e","n/e","28","167","9","n/e","n/e","n/e","n/e","n/e","n/e","n/e","n/e","n/e","n/e","n/e","72","49","154","140"
"BZN|DK2","17.05.2018 19:00 - 17.05.2018 20:00 (CET/CEST)","6","n/e","n/e","24","167","8","n/e","n/e","n/e","n/e","n/e","n/e","n/e","n/e","n/e","n/e","n/e","32","47","123","111"
"BZN|DK2","17.05.2018 20:00 - 17.05.2018 21:00 (CET/CEST)","7","n/e","n/e","22","156","7","n/e","n/e","n/e","n/e","n/e","n/e","n/e","n/e","n/e","n/e","n/e","10","47","118","88"
"BZN|DK2","17.05.2018 21:00 - 17.05.2018 22:00 (CET/CEST)","7","n/e","n/e","22","165","7","n/e","n/e","n/e","n/e","n/e","n/e","n/e","n/e","n/e","n/e","n/e","1","49","104","100"
"BZN|DK2","17.05.2018 22:00 - 17.05.2018 23:00 (CET/CEST)","7","n/e","n/e","21","166","7","n/e","n/e","n/e","n/e","n/e","n/e","n/e","n/e","n/e","n/e","n/e","0","49","92","91"
"BZN|DK2","17.05.2018 23:00 - 18.05.2018 00:00 (CET/CEST)","7","n/e","n/e","21","166","7","n/e","n/e","n/e","n/e","n/e","n/e","n/e","n/e","n/e","n/e","n/e","0","50","77","68"
"BZN|DK2","18.05.2018 00:00 - 18.05.2018 01:00 (CET/CEST)","7","n/e","n/e","21","175","7","n/e","n/e","n/e","n/e","n/e","n/e","n/e","n/e","n/e","n/e","n/e","0","50","58","62"
"BZN|DK2","18.05.2018 01:00 - 18.05.2018 02:00 (CET/CEST)","7","n/e","n/e","22","170","7","n/e","n/e","n/e","n/e","n/e","n/e","n/e","n/e","n/e","n/e","n/e","0","51","56","58"
"BZN|DK2","18.05.2018 02:00 - 18.05.2018 03:00 (CET/CEST)","6","n/e","n/e","22","174","7","n/e","n/e","n/e","n/e","n/e","n/e","n/e","n/e","n/e","n/e","n/e","0","49","56","48"
"BZN|DK2","18.05.2018 03:00 - 18.05.2018 04:00 (CET/CEST)","9","n/e","n/e","21","184","7","n/e","n/e","n/e","n/e","n/e","n/e","n/e","n/e","n/e","n/e","n/e","0","50","18","40"
"BZN|DK2","18.05.2018 04:00 - 18.05.2018 05:00 (CET/CEST)","96","n/e","n/e","21","186","7","n/e","n/e","n/e","n/e","n/e","n/e","n/e","n/e","n/e","n/e","n/e","0","51","7","24"
"BZN|DK2","18.05.2018 05:00 - 18.05.2018 06:00 (CET/CEST)","211","n/e","n/e","21","301","8","n/e","n/e","n/e","n/e","n/e","n/e","n/e","n/e","n/e","n/e","n/e","4","52","6","20"
"BZN|DK2","18.05.2018 06:00 - 18.05.2018 07:00 (CET/CEST)","156","n/e","n/e","23","286","7","n/e","n/e","n/e","n/e","n/e","n/e","n/e","n/e","n/e","n/e","n/e","19","54","4","16"
"BZN|DK2","18.05.2018 07:00 - 18.05.2018 08:00 (CET/CEST)","181","n/e","n/e","24","296","8","n/e","n/e","n/e","n/e","n/e","n/e","n/e","n/e","n/e","n/e","n/e","48","56","0","13"
"BZN|DK2","18.05.2018 08:00 - 18.05.2018 09:00 (CET/CEST)","281","n/e","n/e","27","344","9","n/e","n/e","n/e","n/e","n/e","n/e","n/e","n/e","n/e","n/e","n/e","87","55","1","20"
"BZN|DK2","18.05.2018 09:00 - 18.05.2018 10:00 (CET/CEST)","194","n/e","n/e","29","343","12","n/e","n/e","n/e","n/e","n/e","n/e","n/e","n/e","n/e","n/e","n/e","124","56","22","37"
"BZN|DK2","18.05.2018 10:00 - 18.05.2018 11:00 (CET/CEST)","271","n/e","n/e","31","393","21","n/e","n/e","n/e","n/e","n/e","n/e","n/e","n/e","n/e","n/e","n/e","152","55","38","42"
"BZN|DK2","18.05.2018 11:00 - 18.05.2018 12:00 (CET/CEST)","213","n/e","n/e","32","372","23","n/e","n/e","n/e","n/e","n/e","n/e","n/e","n/e","n/e","n/e","n/e","173","56","43","36"
"BZN|DK2","18.05.2018 12:00 - 18.05.2018 13:00 (CET/CEST)","189","n/e","n/e","32","214","23","n/e","n/e","n/e","n/e","n/e","n/e","n/e","n/e","n/e","n/e","n/e","195","55","31","35"
"BZN|DK2","18.05.2018 13:00 - 18.05.2018 14:00 (CET/CEST)","156","n/e","n/e","31","197","23","n/e","n/e","n/e","n/e","n/e","n/e","n/e","n/e","n/e","n/e","n/e","202","57","18","39"
"BZN|DK2","18.05.2018 14:00 - 18.05.2018 15:00 (CET/CEST)","152","n/e","n/e","32","191","23","n/e","n/e","n/e","n/e","n/e","n/e","n/e","n/e","n/e","n/e","n/e","191","57","16","46"
"BZN|DK2","18.05.2018 15:00 - 18.05.2018 16:00 (CET/CEST)","153","n/e","n/e","30","189","23","n/e","n/e","n/e","n/e","n/e","n/e","n/e","n/e","n/e","n/e","n/e","175","57","24","71"
"BZN|DK2","18.05.2018 16:00 - 18.05.2018 17:00 (CET/CEST)","153","n/e","n/e","30","211","22","n/e","n/e","n/e","n/e","n/e","n/e","n/e","n/e","n/e","n/e","n/e","151","58","29","87"
"BZN|DK2","18.05.2018 17:00 - 18.05.2018 18:00 (CET/CEST)","217","n/e","n/e","26","326","17","n/e","n/e","n/e","n/e","n/e","n/e","n/e","n/e","n/e","n/e","n/e","97","56","29","101"
"BZN|DK2","18.05.2018 18:00 - 18.05.2018 19:00 (CET/CEST)","153","n/e","n/e","25","350","8","n/e","n/e","n/e","n/e","n/e","n/e","n/e","n/e","n/e","n/e","n/e","57","57","41","83"
"BZN|DK2","18.05.2018 19:00 - 18.05.2018 20:00 (CET/CEST)","299","n/e","n/e","59","387","11","n/e","n/e","n/e","n/e","n/e","n/e","n/e","n/e","n/e","n/e","n/e","31","55","41","78"
"BZN|DK2","18.05.2018 20:00 - 18.05.2018 21:00 (CET/CEST)","309","n/e","n/e","68","398","11","n/e","n/e","n/e","n/e","n/e","n/e","n/e","n/e","n/e","n/e","n/e","10","52","31","68"
"BZN|DK2","18.05.2018 21:00 - 18.05.2018 22:00 (CET/CEST)","307","n/e","n/e","54","400","10","n/e","n/e","n/e","n/e","n/e","n/e","n/e","n/e","n/e","n/e","n/e","0","51","36","59"
"BZN|DK2","18.05.2018 22:00 - 18.05.2018 23:00 (CET/CEST)","148","n/e","n/e","32","365","11","n/e","n/e","n/e","n/e","n/e","n/e","n/e","n/e","n/e","n/e","n/e","0","51","37","53"
"BZN|DK2","18.05.2018 23:00 - 19.05.2018 00:00 (CET/CEST)","143","n/e","n/e","30","365","10","n/e","n/e","n/e","n/e","n/e","n/e","n/e","n/e","n/e","n/e","n/e","0","53","29","41"
"BZN|DK2","19.05.2018 00:00 - 19.05.2018 01:00 (CET/CEST)","162","n/e","n/e","22","288","7","n/e","n/e","n/e","n/e","n/e","n/e","n/e","n/e","n/e","n/e","n/e","0","53","15","36"
"BZN|DK2","19.05.2018 01:00 - 19.05.2018 02:00 (CET/CEST)","107","n/e","n/e","21","206","7","n/e","n/e","n/e","n/e","n/e","n/e","n/e","n/e","n/e","n/e","n/e","0","55","13","28"
"BZN|DK2","19.05.2018 02:00 - 19.05.2018 03:00 (CET/CEST)","78","n/e","n/e","20","185","7","n/e","n/e","n/e","n/e","n/e","n/e","n/e","n/e","n/e","n/e","n/e","0","57","8","30"
"BZN|DK2","19.05.2018 03:00 - 19.05.2018 04:00 (CET/CEST)","77","n/e","n/e","22","185","8","n/e","n/e","n/e","n/e","n/e","n/e","n/e","n/e","n/e","n/e","n/e","0","57","3","22"
"BZN|DK2","19.05.2018 04:00 - 19.05.2018 05:00 (CET/CEST)","85","n/e","n/e","21","186","7","n/e","n/e","n/e","n/e","n/e","n/e","n/e","n/e","n/e","n/e","n/e","0","57","2","14"
"BZN|DK2","19.05.2018 05:00 - 19.05.2018 06:00 (CET/CEST)","71","n/e","n/e","22","223","8","n/e","n/e","n/e","n/e","n/e","n/e","n/e","n/e","n/e","n/e","n/e","4","57","1","13"
"BZN|DK2","19.05.2018 06:00 - 19.05.2018 07:00 (CET/CEST)","72","n/e","n/e","21","225","7","n/e","n/e","n/e","n/e","n/e","n/e","n/e","n/e","n/e","n/e","n/e","18","57","1","11"
"BZN|DK2","19.05.2018 07:00 - 19.05.2018 08:00 (CET/CEST)","77","n/e","n/e","23","228","8","n/e","n/e","n/e","n/e","n/e","n/e","n/e","n/e","n/e","n/e","n/e","42","58","1","8"
"BZN|DK2","19.05.2018 08:00 - 19.05.2018 09:00 (CET/CEST)","75","n/e","n/e","54","194","8","n/e","n/e","n/e","n/e","n/e","n/e","n/e","n/e","n/e","n/e","n/e","75","58","0","6"
"BZN|DK2","19.05.2018 09:00 - 19.05.2018 10:00 (CET/CEST)","99","n/e","n/e","78","176","8","n/e","n/e","n/e","n/e","n/e","n/e","n/e","n/e","n/e","n/e","n/e","117","57","0","6"
"BZN|DK2","19.05.2018 10:00 - 19.05.2018 11:00 (CET/CEST)","104","n/e","n/e","80","176","7","n/e","n/e","n/e","n/e","n/e","n/e","n/e","n/e","n/e","n/e","n/e","149","58","0","7"
"BZN|DK2","19.05.2018 11:00 - 19.05.2018 12:00 (CET/CEST)","103","n/e","n/e","85","195","8","n/e","n/e","n/e","n/e","n/e","n/e","n/e","n/e","n/e","n/e","n/e","178","59","1","12"
"BZN|DK2","19.05.2018 12:00 - 19.05.2018 13:00 (CET/CEST)","113","n/e","n/e","100","211","13","n/e","n/e","n/e","n/e","n/e","n/e","n/e","n/e","n/e","n/e","n/e","198","60","2","19"
"BZN|DK2","19.05.2018 13:00 - 19.05.2018 14:00 (CET/CEST)","124","n/e","n/e","90","208","12","n/e","n/e","n/e","n/e","n/e","n/e","n/e","n/e","n/e","n/e","n/e","191","59","4","30"
"BZN|DK2","19.05.2018 14:00 - 19.05.2018 15:00 (CET/CEST)","243","n/e","n/e","65","341","12","n/e","n/e","n/e","n/e","n/e","n/e","n/e","n/e","n/e","n/e","n/e","176","58","20","35"
"BZN|DK2","19.05.2018 15:00 - 19.05.2018 16:00 (CET/CEST)","243","n/e","n/e","92","386","15","n/e","n/e","n/e","n/e","n/e","n/e","n/e","n/e","n/e","n/e","n/e","163","55","24","30"
"BZN|DK2","19.05.2018 16:00 - 19.05.2018 17:00 (CET/CEST)","272","n/e","n/e","92","386","22","n/e","n/e","n/e","n/e","n/e","n/e","n/e","n/e","n/e","n/e","n/e","150","54","22","41"
"BZN|DK2","19.05.2018 17:00 - 19.05.2018 18:00 (CET/CEST)","151","n/e","n/e","77","256","23","n/e","n/e","n/e","n/e","n/e","n/e","n/e","n/e","n/e","n/e","n/e","118","54","34","27"
"BZN|DK2","19.05.2018 18:00 - 19.05.2018 19:00 (CET/CEST)","105","n/e","n/e","28","223","23","n/e","n/e","n/e","n/e","n/e","n/e","n/e","n/e","n/e","n/e","n/e","73","52","53","25"
"BZN|DK2","19.05.2018 19:00 - 19.05.2018 20:00 (CET/CEST)","97","n/e","n/e","24","213","23","n/e","n/e","n/e","n/e","n/e","n/e","n/e","n/e","n/e","n/e","n/e","33","52","66","26"
"BZN|DK2","19.05.2018 20:00 - 19.05.2018 21:00 (CET/CEST)","93","n/e","n/e","24","210","22","n/e","n/e","n/e","n/e","n/e","n/e","n/e","n/e","n/e","n/e","n/e","9","51","63","21"
"BZN|DK2","19.05.2018 21:00 - 19.05.2018 22:00 (CET/CEST)","92","n/e","n/e","22","173","10","n/e","n/e","n/e","n/e","n/e","n/e","n/e","n/e","n/e","n/e","n/e","1","52","100","26"
"BZN|DK2","19.05.2018 22:00 - 19.05.2018 23:00 (CET/CEST)","92","n/e","n/e","21","173","7","n/e","n/e","n/e","n/e","n/e","n/e","n/e","n/e","n/e","n/e","n/e","0","50","112","47"
"BZN|DK2","19.05.2018 23:00 - 20.05.2018 00:00 (CET/CEST)","90","n/e","n/e","21","170","7","n/e","n/e","n/e","n/e","n/e","n/e","n/e","n/e","n/e","n/e","n/e","0","53","102","63"
"BZN|DK2","20.05.2018 00:00 - 20.05.2018 01:00 (CET/CEST)","114","n/e","n/e","22","185","8","n/e","n/e","n/e","n/e","n/e","n/e","n/e","n/e","n/e","n/e","n/e","0","51","76","63"
"BZN|DK2","20.05.2018 01:00 - 20.05.2018 02:00 (CET/CEST)","117","n/e","n/e","22","187","8","n/e","n/e","n/e","n/e","n/e","n/e","n/e","n/e","n/e","n/e","n/e","0","52","52","60"
"BZN|DK2","20.05.2018 02:00 - 20.05.2018 03:00 (CET/CEST)","117","n/e","n/e","21","177","7","n/e","n/e","n/e","n/e","n/e","n/e","n/e","n/e","n/e","n/e","n/e","0","53","25","52"
"BZN|DK2","20.05.2018 03:00 - 20.05.2018 04:00 (CET/CEST)","116","n/e","n/e","23","180","8","n/e","n/e","n/e","n/e","n/e","n/e","n/e","n/e","n/e","n/e","n/e","0","51","15","35"
"BZN|DK2","20.05.2018 04:00 - 20.05.2018 05:00 (CET/CEST)","115","n/e","n/e","20","176","7","n/e","n/e","n/e","n/e","n/e","n/e","n/e","n/e","n/e","n/e","n/e","0","55","2","18"
"BZN|DK2","20.05.2018 05:00 - 20.05.2018 06:00 (CET/CEST)","117","n/e","n/e","20","178","8","n/e","n/e","n/e","n/e","n/e","n/e","n/e","n/e","n/e","n/e","n/e","5","54","4","16"
"BZN|DK2","20.05.2018 06:00 - 20.05.2018 07:00 (CET/CEST)","117","n/e","n/e","22","183","8","n/e","n/e","n/e","n/e","n/e","n/e","n/e","n/e","n/e","n/e","n/e","24","53","6","15"
"BZN|DK2","20.05.2018 07:00 - 20.05.2018 08:00 (CET/CEST)","117","n/e","n/e","23","178","8","n/e","n/e","n/e","n/e","n/e","n/e","n/e","n/e","n/e","n/e","n/e","60","52","8","11"
"BZN|DK2","20.05.2018 08:00 - 20.05.2018 09:00 (CET/CEST)","116","n/e","n/e","25","182","8","n/e","n/e","n/e","n/e","n/e","n/e","n/e","n/e","n/e","n/e","n/e","111","55","19","15"
"BZN|DK2","20.05.2018 09:00 - 20.05.2018 10:00 (CET/CEST)","117","n/e","n/e","26","189","9","n/e","n/e","n/e","n/e","n/e","n/e","n/e","n/e","n/e","n/e","n/e","162","55","23","25"
"BZN|DK2","20.05.2018 10:00 - 20.05.2018 11:00 (CET/CEST)","115","n/e","n/e","29","188","10","n/e","n/e","n/e","n/e","n/e","n/e","n/e","n/e","n/e","n/e","n/e","199","52","7","18"
"BZN|DK2","20.05.2018 11:00 - 20.05.2018 12:00 (CET/CEST)","112","n/e","n/e","33","193","11","n/e","n/e","n/e","n/e","n/e","n/e","n/e","n/e","n/e","n/e","n/e","213","45","4","15"
"BZN|DK2","20.05.2018 12:00 - 20.05.2018 13:00 (CET/CEST)","115","n/e","n/e","34","196","11","n/e","n/e","n/e","n/e","n/e","n/e","n/e","n/e","n/e","n/e","n/e","216","44","1","19"
"BZN|DK2","20.05.2018 13:00 - 20.05.2018 14:00 (CET/CEST)","78","n/e","n/e","34","197","11","n/e","n/e","n/e","n/e","n/e","n/e","n/e","n/e","n/e","n/e","n/e","223","45","4","27"
"BZN|DK2","20.05.2018 14:00 - 20.05.2018 15:00 (CET/CEST)","63","n/e","n/e","34","200","11","n/e","n/e","n/e","n/e","n/e","n/e","n/e","n/e","n/e","n/e","n/e","219","45","20","37"
"BZN|DK2","20.05.2018 15:00 - 20.05.2018 16:00 (CET/CEST)","58","n/e","n/e","34","199","18","n/e","n/e","n/e","n/e","n/e","n/e","n/e","n/e","n/e","n/e","n/e","205","45","60","43"
"BZN|DK2","20.05.2018 16:00 - 20.05.2018 17:00 (CET/CEST)","56","n/e","n/e","34","196","25","n/e","n/e","n/e","n/e","n/e","n/e","n/e","n/e","n/e","n/e","n/e","181","45","89","55"
"BZN|DK2","20.05.2018 17:00 - 20.05.2018 18:00 (CET/CEST)","96","n/e","n/e","33","195","25","n/e","n/e","n/e","n/e","n/e","n/e","n/e","n/e","n/e","n/e","n/e","134","44","91","75"
"BZN|DK2","20.05.2018 18:00 - 20.05.2018 19:00 (CET/CEST)","103","n/e","n/e","32","191","24","n/e","n/e","n/e","n/e","n/e","n/e","n/e","n/e","n/e","n/e","n/e","78","44","117","81"
"BZN|DK2","20.05.2018 19:00 - 20.05.2018 20:00 (CET/CEST)","82","n/e","n/e","28","189","24","n/e","n/e","n/e","n/e","n/e","n/e","n/e","n/e","n/e","n/e","n/e","34","42","119","81"
"BZN|DK2","20.05.2018 20:00 - 20.05.2018 21:00 (CET/CEST)","82","n/e","n/e","26","185","23","n/e","n/e","n/e","n/e","n/e","n/e","n/e","n/e","n/e","n/e","n/e","10","41","134","70"
"BZN|DK2","20.05.2018 21:00 - 20.05.2018 22:00 (CET/CEST)","105","n/e","n/e","26","180","12","n/e","n/e","n/e","n/e","n/e","n/e","n/e","n/e","n/e","n/e","n/e","1","43","125","80"
"BZN|DK2","20.05.2018 22:00 - 20.05.2018 23:00 (CET/CEST)","116","n/e","n/e","25","182","9","n/e","n/e","n/e","n/e","n/e","n/e","n/e","n/e","n/e","n/e","n/e","0","42","158","112"
"BZN|DK2","20.05.2018 23:00 - 21.05.2018 00:00 (CET/CEST)","117","n/e","n/e","25","187","9","n/e","n/e","n/e","n/e","n/e","n/e","n/e","n/e","n/e","n/e","n/e","0","43","118","122"
"BZN|DK2","21.05.2018 00:00 - 21.05.2018 01:00 (CET/CEST)","84","n/e","n/e","25","199","9","n/e","n/e","n/e","n/e","n/e","n/e","n/e","n/e","n/e","n/e","n/e","0","42","93","121"
"BZN|DK2","21.05.2018 01:00 - 21.05.2018 02:00 (CET/CEST)","70","n/e","n/e","26","196","9","n/e","n/e","n/e","n/e","n/e","n/e","n/e","n/e","n/e","n/e","n/e","0","41","75","110"
"BZN|DK2","21.05.2018 02:00 - 21.05.2018 03:00 (CET/CEST)","79","n/e","n/e","27","196","9","n/e","n/e","n/e","n/e","n/e","n/e","n/e","n/e","n/e","n/e","n/e","0","40","54","105"
"BZN|DK2","21.05.2018 03:00 - 21.05.2018 04:00 (CET/CEST)","80","n/e","n/e","27","199","9","n/e","n/e","n/e","n/e","n/e","n/e","n/e","n/e","n/e","n/e","n/e","0","40","51","113"
"BZN|DK2","21.05.2018 04:00 - 21.05.2018 05:00 (CET/CEST)","113","n/e","n/e","27","199","9","n/e","n/e","n/e","n/e","n/e","n/e","n/e","n/e","n/e","n/e","n/e","0","41","57","120"
"BZN|DK2","21.05.2018 05:00 - 21.05.2018 06:00 (CET/CEST)","123","n/e","n/e","27","200","10","n/e","n/e","n/e","n/e","n/e","n/e","n/e","n/e","n/e","n/e","n/e","5","42","50","122"
"BZN|DK2","21.05.2018 06:00 - 21.05.2018 07:00 (CET/CEST)","163","n/e","n/e","27","200","9","n/e","n/e","n/e","n/e","n/e","n/e","n/e","n/e","n/e","n/e","n/e","26","44","46","100"
"BZN|DK2","21.05.2018 07:00 - 21.05.2018 08:00 (CET/CEST)","227","n/e","n/e","27","195","9","n/e","n/e","n/e","n/e","n/e","n/e","n/e","n/e","n/e","n/e","n/e","60","44","51","73"
"BZN|DK2","21.05.2018 08:00 - 21.05.2018 09:00 (CET/CEST)","176","n/e","n/e","30","193","11","n/e","n/e","n/e","n/e","n/e","n/e","n/e","n/e","n/e","n/e","n/e","105","45","38","48"
"BZN|DK2","21.05.2018 09:00 - 21.05.2018 10:00 (CET/CEST)","207","n/e","n/e","32","196","10","n/e","n/e","n/e","n/e","n/e","n/e","n/e","n/e","n/e","n/e","n/e","146","44","55","58"
"BZN|DK2","21.05.2018 10:00 - 21.05.2018 11:00 (CET/CEST)","239","n/e","n/e","34","201","11","n/e","n/e","n/e","n/e","n/e","n/e","n/e","n/e","n/e","n/e","n/e","179","45","70","85"
"BZN|DK2","21.05.2018 11:00 - 21.05.2018 12:00 (CET/CEST)","248","n/e","n/e","36","198","12","n/e","n/e","n/e","n/e","n/e","n/e","n/e","n/e","n/e","n/e","n/e","186","45","91","126"
"BZN|DK2","21.05.2018 12:00 - 21.05.2018 13:00 (CET/CEST)","229","n/e","n/e","35","201","21","n/e","n/e","n/e","n/e","n/e","n/e","n/e","n/e","n/e","n/e","n/e","190","44","182","190"
"BZN|DK2","21.05.2018 13:00 - 21.05.2018 14:00 (CET/CEST)","213","n/e","n/e","36","203","23","n/e","n/e","n/e","n/e","n/e","n/e","n/e","n/e","n/e","n/e","n/e","205","44","236","221"
"BZN|DK2","21.05.2018 14:00 - 21.05.2018 15:00 (CET/CEST)","211","n/e","n/e","37","206","23","n/e","n/e","n/e","n/e","n/e","n/e","n/e","n/e","n/e","n/e","n/e","210","45","323","298"
"BZN|DK2","21.05.2018 15:00 - 21.05.2018 16:00 (CET/CEST)","155","n/e","n/e","35","202","23","n/e","n/e","n/e","n/e","n/e","n/e","n/e","n/e","n/e","n/e","n/e","195","44","319","358"
"BZN|DK2","21.05.2018 16:00 - 21.05.2018 17:00 (CET/CEST)","97","n/e","n/e","34","202","23","n/e","n/e","n/e","n/e","n/e","n/e","n/e","n/e","n/e","n/e","n/e","153","45","304","368"
"BZN|DK2","21.05.2018 17:00 - 21.05.2018 18:00 (CET/CEST)","74","n/e","n/e","32","197","21","n/e","n/e","n/e","n/e","n/e","n/e","n/e","n/e","n/e","n/e","n/e","107","44","310","381"
"BZN|DK2","21.05.2018 18:00 - 21.05.2018 19:00 (CET/CEST)","70","n/e","n/e","31","219","21","n/e","n/e","n/e","n/e","n/e","n/e","n/e","n/e","n/e","n/e","n/e","62","43","288","339"
"BZN|DK2","21.05.2018 19:00 - 21.05.2018 20:00 (CET/CEST)","91","n/e","n/e","29","197","17","n/e","n/e","n/e","n/e","n/e","n/e","n/e","n/e","n/e","n/e","n/e","28","41","356","280"
"BZN|DK2","21.05.2018 20:00 - 21.05.2018 21:00 (CET/CEST)","155","n/e","n/e","28","188","9","n/e","n/e","n/e","n/e","n/e","n/e","n/e","n/e","n/e","n/e","n/e","8","42","344","275"
"BZN|DK2","21.05.2018 21:00 - 21.05.2018 22:00 (CET/CEST)","133","n/e","n/e","27","192","9","n/e","n/e","n/e","n/e","n/e","n/e","n/e","n/e","n/e","n/e","n/e","0","40","304","243"
"BZN|DK2","21.05.2018 22:00 - 21.05.2018 23:00 (CET/CEST)","126","n/e","n/e","27","188","9","n/e","n/e","n/e","n/e","n/e","n/e","n/e","n/e","n/e","n/e","n/e","0","41","232","221"
"BZN|DK2","21.05.2018 23:00 - 22.05.2018 00:00 (CET/CEST)","125","n/e","n/e","27","190","9","n/e","n/e","n/e","n/e","n/e","n/e","n/e","n/e","n/e","n/e","n/e","0","43","188","204"
"BZN|DK2","22.05.2018 00:00 - 22.05.2018 01:00 (CET/CEST)","131","n/e","n/e","27","188","9","n/e","n/e","n/e","n/e","n/e","n/e","n/e","n/e","n/e","n/e","n/e","0","43","161","191"
"BZN|DK2","22.05.2018 01:00 - 22.05.2018 02:00 (CET/CEST)","169","n/e","n/e","27","191","9","n/e","n/e","n/e","n/e","n/e","n/e","n/e","n/e","n/e","n/e","n/e","0","43","146","175"
"BZN|DK2","22.05.2018 02:00 - 22.05.2018 03:00 (CET/CEST)","177","n/e","n/e","27","195","9","n/e","n/e","n/e","n/e","n/e","n/e","n/e","n/e","n/e","n/e","n/e","0","43","92","158"
"BZN|DK2","22.05.2018 03:00 - 22.05.2018 04:00 (CET/CEST)","178","n/e","n/e","27","194","9","n/e","n/e","n/e","n/e","n/e","n/e","n/e","n/e","n/e","n/e","n/e","0","43","52","134"
"BZN|DK2","22.05.2018 04:00 - 22.05.2018 05:00 (CET/CEST)","175","n/e","n/e","27","192","9","n/e","n/e","n/e","n/e","n/e","n/e","n/e","n/e","n/e","n/e","n/e","0","42","27","112"
"BZN|DK2","22.05.2018 05:00 - 22.05.2018 06:00 (CET/CEST)","177","n/e","n/e","29","188","10","n/e","n/e","n/e","n/e","n/e","n/e","n/e","n/e","n/e","n/e","n/e","4","42","10","83"
"BZN|DK2","22.05.2018 06:00 - 22.05.2018 07:00 (CET/CEST)","235","n/e","n/e","31","209","10","n/e","n/e","n/e","n/e","n/e","n/e","n/e","n/e","n/e","n/e","n/e","23","41","18","58"
"BZN|DK2","22.05.2018 07:00 - 22.05.2018 08:00 (CET/CEST)","340","n/e","n/e","48","361","10","n/e","n/e","n/e","n/e","n/e","n/e","n/e","n/e","n/e","n/e","n/e","57","43","14","35"
"BZN|DK2","22.05.2018 08:00 - 22.05.2018 09:00 (CET/CEST)","354","n/e","n/e","81","413","11","n/e","n/e","n/e","n/e","n/e","n/e","n/e","n/e","n/e","n/e","n/e","106","44","8","21"
"BZN|DK2","22.05.2018 09:00 - 22.05.2018 10:00 (CET/CEST)","367","n/e","n/e","92","409","12","n/e","n/e","n/e","n/e","n/e","n/e","n/e","n/e","n/e","n/e","n/e","150","44","5","20"
"BZN|DK2","22.05.2018 10:00 - 22.05.2018 11:00 (CET/CEST)","352","n/e","n/e","94","406","12","n/e","n/e","n/e","n/e","n/e","n/e","n/e","n/e","n/e","n/e","n/e","179","46","15","19"
"BZN|DK2","22.05.2018 11:00 - 22.05.2018 12:00 (CET/CEST)","352","n/e","n/e","93","406","12","n/e","n/e","n/e","n/e","n/e","n/e","n/e","n/e","n/e","n/e","n/e","205","45","19","24"
"BZN|DK2","22.05.2018 12:00 - 22.05.2018 13:00 (CET/CEST)","362","n/e","n/e","93","407","12","n/e","n/e","n/e","n/e","n/e","n/e","n/e","n/e","n/e","n/e","n/e","205","44","35","38"
"BZN|DK2","22.05.2018 13:00 - 22.05.2018 14:00 (CET/CEST)","347","n/e","n/e","85","401","9","n/e","n/e","n/e","n/e","n/e","n/e","n/e","n/e","n/e","n/e","n/e","188","43","43","39"
"BZN|DK2","22.05.2018 14:00 - 22.05.2018 15:00 (CET/CEST)","284","n/e","n/e","82","399","9","n/e","n/e","n/e","n/e","n/e","n/e","n/e","n/e","n/e","n/e","n/e","185","42","46","38"
"BZN|DK2","22.05.2018 15:00 - 22.05.2018 16:00 (CET/CEST)","264","n/e","n/e","87","408","10","n/e","n/e","n/e","n/e","n/e","n/e","n/e","n/e","n/e","n/e","n/e","173","41","59","37"
"BZN|DK2","22.05.2018 16:00 - 22.05.2018 17:00 (CET/CEST)","254","n/e","n/e","36","412","10","n/e","n/e","n/e","n/e","n/e","n/e","n/e","n/e","n/e","n/e","n/e","156","42","55","35"
"BZN|DK2","22.05.2018 17:00 - 22.05.2018 18:00 (CET/CEST)","242","n/e","n/e","37","412","13","n/e","n/e","n/e","n/e","n/e","n/e","n/e","n/e","n/e","n/e","n/e","124","42","51","29"
"BZN|DK2","22.05.2018 18:00 - 22.05.2018 19:00 (CET/CEST)","174","n/e","n/e","36","400","11","n/e","n/e","n/e","n/e","n/e","n/e","n/e","n/e","n/e","n/e","n/e","70","40","55","26"
"BZN|DK2","22.05.2018 19:00 - 22.05.2018 20:00 (CET/CEST)","348","n/e","n/e","53","403","13","n/e","n/e","n/e","n/e","n/e","n/e","n/e","n/e","n/e","n/e","n/e","33","41","52","22"
"BZN|DK2","22.05.2018 20:00 - 22.05.2018 21:00 (CET/CEST)","309","n/e","n/e","41","340","11","n/e","n/e","n/e","n/e","n/e","n/e","n/e","n/e","n/e","n/e","n/e","10","41","43","21"
"BZN|DK2","22.05.2018 21:00 - 22.05.2018 22:00 (CET/CEST)","261","n/e","n/e","30","325","10","n/e","n/e","n/e","n/e","n/e","n/e","n/e","n/e","n/e","n/e","n/e","1","38","43","24"
"BZN|DK2","22.05.2018 22:00 - 22.05.2018 23:00 (CET/CEST)","159","n/e","n/e","28","221","9","n/e","n/e","n/e","n/e","n/e","n/e","n/e","n/e","n/e","n/e","n/e","0","35","61","33"
"BZN|DK2","22.05.2018 23:00 - 23.05.2018 00:00 (CET/CEST)","154","n/e","n/e","28","262","9","n/e","n/e","n/e","n/e","n/e","n/e","n/e","n/e","n/e","n/e","n/e","0","34","39","36"
"BZN|DK2","23.05.2018 00:00 - 23.05.2018 01:00 (CET/CEST)","141","n/e","n/e","28","191","9","n/e","n/e","n/e","n/e","n/e","n/e","n/e","n/e","n/e","n/e","n/e","0","34","31","30"
"BZN|DK2","23.05.2018 01:00 - 23.05.2018 02:00 (CET/CEST)","141","n/e","n/e","28","187","9","n/e","n/e","n/e","n/e","n/e","n/e","n/e","n/e","n/e","n/e","n/e","0","35","20","27"
"BZN|DK2","23.05.2018 02:00 - 23.05.2018 03:00 (CET/CEST)","141","n/e","n/e","27","195","9","n/e","n/e","n/e","n/e","n/e","n/e","n/e","n/e","n/e","n/e","n/e","0","35","9","22"
"BZN|DK2","23.05.2018 03:00 - 23.05.2018 04:00 (CET/CEST)","141","n/e","n/e","27","190","9","n/e","n/e","n/e","n/e","n/e","n/e","n/e","n/e","n/e","n/e","n/e","0","37","4","17"
"BZN|DK2","23.05.2018 04:00 - 23.05.2018 05:00 (CET/CEST)","141","n/e","n/e","27","189","9","n/e","n/e","n/e","n/e","n/e","n/e","n/e","n/e","n/e","n/e","n/e","0","36","0","11"
"BZN|DK2","23.05.2018 05:00 - 23.05.2018 06:00 (CET/CEST)","177","n/e","n/e","27","212","10","n/e","n/e","n/e","n/e","n/e","n/e","n/e","n/e","n/e","n/e","n/e","5","39","0","7"
"BZN|DK2","23.05.2018 06:00 - 23.05.2018 07:00 (CET/CEST)","196","n/e","n/e","28","207","10","n/e","n/e","n/e","n/e","n/e","n/e","n/e","n/e","n/e","n/e","n/e","23","34","0","6"
"BZN|DK2","23.05.2018 07:00 - 23.05.2018 08:00 (CET/CEST)","357","n/e","n/e","39","367","11","n/e","n/e","n/e","n/e","n/e","n/e","n/e","n/e","n/e","n/e","n/e","59","27","1","8"
"BZN|DK2","23.05.2018 08:00 - 23.05.2018 09:00 (CET/CEST)","342","n/e","n/e","38","410","12","n/e","n/e","n/e","n/e","n/e","n/e","n/e","n/e","n/e","n/e","n/e","109","29","0","6"
"BZN|DK2","23.05.2018 09:00 - 23.05.2018 10:00 (CET/CEST)","367","n/e","n/e","44","411","12","n/e","n/e","n/e","n/e","n/e","n/e","n/e","n/e","n/e","n/e","n/e","159","30","0","5"
"BZN|DK2","23.05.2018 10:00 - 23.05.2018 11:00 (CET/CEST)","359","n/e","n/e","40","409","12","n/e","n/e","n/e","n/e","n/e","n/e","n/e","n/e","n/e","n/e","n/e","197","29","1","7"
"BZN|DK2","23.05.2018 11:00 - 23.05.2018 12:00 (CET/CEST)","362","n/e","n/e","43","402","12","n/e","n/e","n/e","n/e","n/e","n/e","n/e","n/e","n/e","n/e","n/e","219","30","0","11"
"BZN|DK2","23.05.2018 12:00 - 23.05.2018 13:00 (CET/CEST)","354","n/e","n/e","42","405","12","n/e","n/e","n/e","n/e","n/e","n/e","n/e","n/e","n/e","n/e","n/e","229","33","0","14"
"BZN|DK2","23.05.2018 13:00 - 23.05.2018 14:00 (CET/CEST)","358","n/e","n/e","43","410","12","n/e","n/e","n/e","n/e","n/e","n/e","n/e","n/e","n/e","n/e","n/e","229","32","0","19"
"BZN|DK2","23.05.2018 14:00 - 23.05.2018 15:00 (CET/CEST)","292","n/e","n/e","44","410","13","n/e","n/e","n/e","n/e","n/e","n/e","n/e","n/e","n/e","n/e","n/e","223","39","0","21"
"BZN|DK2","23.05.2018 15:00 - 23.05.2018 16:00 (CET/CEST)","286","n/e","n/e","39","418","12","n/e","n/e","n/e","n/e","n/e","n/e","n/e","n/e","n/e","n/e","n/e","208","44","0","28"
"BZN|DK2","23.05.2018 16:00 - 23.05.2018 17:00 (CET/CEST)","257","n/e","n/e","39","420","13","n/e","n/e","n/e","n/e","n/e","n/e","n/e","n/e","n/e","n/e","n/e","179","42","0","47"
"BZN|DK2","23.05.2018 17:00 - 23.05.2018 18:00 (CET/CEST)","225","n/e","n/e","38","408","13","n/e","n/e","n/e","n/e","n/e","n/e","n/e","n/e","n/e","n/e","n/e","132","43","1","65"
"BZN|DK2","23.05.2018 18:00 - 23.05.2018 19:00 (CET/CEST)","166","n/e","n/e","33","392","11","n/e","n/e","n/e","n/e","n/e","n/e","n/e","n/e","n/e","n/e","n/e","77","52","1","73"
"BZN|DK2","23.05.2018 19:00 - 23.05.2018 20:00 (CET/CEST)","240","n/e","n/e","28","385","10","n/e","n/e","n/e","n/e","n/e","n/e","n/e","n/e","n/e","n/e","n/e","34","56","2","54"
"BZN|DK2","23.05.2018 20:00 - 23.05.2018 21:00 (CET/CEST)","203","n/e","n/e","25","380","9","n/e","n/e","n/e","n/e","n/e","n/e","n/e","n/e","n/e","n/e","n/e","11","54","5","32"
"BZN|DK2","23.05.2018 21:00 - 23.05.2018 22:00 (CET/CEST)","156","n/e","n/e","24","302","8","n/e","n/e","n/e","n/e","n/e","n/e","n/e","n/e","n/e","n/e","n/e","1","54","8","18"
"BZN|DK2","23.05.2018 22:00 - 23.05.2018 23:00 (CET/CEST)","145","n/e","n/e","24","276","8","n/e","n/e","n/e","n/e","n/e","n/e","n/e","n/e","n/e","n/e","n/e","0","52","15","18"
"BZN|DK2","23.05.2018 23:00 - 24.05.2018 00:00 (CET/CEST)","142","n/e","n/e","31","211","7","n/e","n/e","n/e","n/e","n/e","n/e","n/e","n/e","n/e","n/e","n/e","0","52","19","21"
"BZN|DK2","24.05.2018 00:00 - 24.05.2018 01:00 (CET/CEST)","146","n/e","n/e","39","187","7","n/e","n/e","n/e","n/e","n/e","n/e","n/e","n/e","n/e","n/e","n/e","0","52","23","23"
"BZN|DK2","24.05.2018 01:00 - 24.05.2018 02:00 (CET/CEST)","110","n/e","n/e","30","233","7","n/e","n/e","n/e","n/e","n/e","n/e","n/e","n/e","n/e","n/e","n/e","0","52","46","28"
"BZN|DK2","24.05.2018 02:00 - 24.05.2018 03:00 (CET/CEST)","112","n/e","n/e","22","207","7","n/e","n/e","n/e","n/e","n/e","n/e","n/e","n/e","n/e","n/e","n/e","0","52","36","59"
"BZN|DK2","24.05.2018 03:00 - 24.05.2018 04:00 (CET/CEST)","114","n/e","n/e","22","193","7","n/e","n/e","n/e","n/e","n/e","n/e","n/e","n/e","n/e","n/e","n/e","0","53","48","71"
"BZN|DK2","24.05.2018 04:00 - 24.05.2018 05:00 (CET/CEST)","108","n/e","n/e","22","196","7","n/e","n/e","n/e","n/e","n/e","n/e","n/e","n/e","n/e","n/e","n/e","0","53","67","83"
"BZN|DK2","24.05.2018 05:00 - 24.05.2018 06:00 (CET/CEST)","110","n/e","n/e","21","197","8","n/e","n/e","n/e","n/e","n/e","n/e","n/e","n/e","n/e","n/e","n/e","5","53","86","109"
"BZN|DK2","24.05.2018 06:00 - 24.05.2018 07:00 (CET/CEST)","123","n/e","n/e","26","252","8","n/e","n/e","n/e","n/e","n/e","n/e","n/e","n/e","n/e","n/e","n/e","24","54","119","104"
"BZN|DK2","24.05.2018 07:00 - 24.05.2018 08:00 (CET/CEST)","301","n/e","n/e","101","381","16","n/e","n/e","n/e","n/e","n/e","n/e","n/e","n/e","n/e","n/e","n/e","60","56","130","72"
"BZN|DK2","24.05.2018 08:00 - 24.05.2018 09:00 (CET/CEST)","335","n/e","n/e","147","386","16","n/e","n/e","n/e","n/e","n/e","n/e","n/e","n/e","n/e","n/e","n/e","112","52","120","72"
"BZN|DK2","24.05.2018 09:00 - 24.05.2018 10:00 (CET/CEST)","336","n/e","n/e","131","383","12","n/e","n/e","n/e","n/e","n/e","n/e","n/e","n/e","n/e","n/e","n/e","163","56","152","90"
"BZN|DK2","24.05.2018 10:00 - 24.05.2018 11:00 (CET/CEST)","327","n/e","n/e","122","382","19","n/e","n/e","n/e","n/e","n/e","n/e","n/e","n/e","n/e","n/e","n/e","199","57","168","138"
"BZN|DK2","24.05.2018 11:00 - 24.05.2018 12:00 (CET/CEST)","228","n/e","n/e","124","323","21","n/e","n/e","n/e","n/e","n/e","n/e","n/e","n/e","n/e","n/e","n/e","222","58","181","185"
"BZN|DK2","24.05.2018 12:00 - 24.05.2018 13:00 (CET/CEST)","329","n/e","n/e","103","378","22","n/e","n/e","n/e","n/e","n/e","n/e","n/e","n/e","n/e","n/e","n/e","231","54","210","197"
"BZN|DK2","24.05.2018 13:00 - 24.05.2018 14:00 (CET/CEST)","309","n/e","n/e","91","385","21","n/e","n/e","n/e","n/e","n/e","n/e","n/e","n/e","n/e","n/e","n/e","229","56","230","207"
"BZN|DK2","24.05.2018 14:00 - 24.05.2018 15:00 (CET/CEST)","255","n/e","n/e","46","393","21","n/e","n/e","n/e","n/e","n/e","n/e","n/e","n/e","n/e","n/e","n/e","222","57","232","225"
"BZN|DK2","24.05.2018 15:00 - 24.05.2018 16:00 (CET/CEST)","184","n/e","n/e","34","405","21","n/e","n/e","n/e","n/e","n/e","n/e","n/e","n/e","n/e","n/e","n/e","207","56","252","236"
"BZN|DK2","24.05.2018 16:00 - 24.05.2018 17:00 (CET/CEST)","167","n/e","n/e","31","338","20","n/e","n/e","n/e","n/e","n/e","n/e","n/e","n/e","n/e","n/e","n/e","177","56","307","255"
"BZN|DK2","24.05.2018 17:00 - 24.05.2018 18:00 (CET/CEST)","158","n/e","n/e","32","218","20","n/e","n/e","n/e","n/e","n/e","n/e","n/e","n/e","n/e","n/e","n/e","129","57","319","256"
"BZN|DK2","24.05.2018 18:00 - 24.05.2018 19:00 (CET/CEST)","150","n/e","n/e","30","201","13","n/e","n/e","n/e","n/e","n/e","n/e","n/e","n/e","n/e","n/e","n/e","76","53","320","220"
"BZN|DK2","24.05.2018 19:00 - 24.05.2018 20:00 (CET/CEST)","152","n/e","n/e","24","194","9","n/e","n/e","n/e","n/e","n/e","n/e","n/e","n/e","n/e","n/e","n/e","34","53","312","223"
"BZN|DK2","24.05.2018 20:00 - 24.05.2018 21:00 (CET/CEST)","145","n/e","n/e","24","188","8","n/e","n/e","n/e","n/e","n/e","n/e","n/e","n/e","n/e","n/e","n/e","10","52","292","187"
"BZN|DK2","24.05.2018 21:00 - 24.05.2018 22:00 (CET/CEST)","145","n/e","n/e","22","188","8","n/e","n/e","n/e","n/e","n/e","n/e","n/e","n/e","n/e","n/e","n/e","1","54","273","171"
"BZN|DK2","24.05.2018 22:00 - 24.05.2018 23:00 (CET/CEST)","145","n/e","n/e","22","186","8","n/e","n/e","n/e","n/e","n/e","n/e","n/e","n/e","n/e","n/e","n/e","0","54","285","196"
"BZN|DK2","24.05.2018 23:00 - 25.05.2018 00:00 (CET/CEST)","140","n/e","n/e","23","180","8","n/e","n/e","n/e","n/e","n/e","n/e","n/e","n/e","n/e","n/e","n/e","0","54","282","209"
"BZN|DK2","25.05.2018 00:00 - 25.05.2018 01:00 (CET/CEST)","143","n/e","n/e","22","182","8","n/e","n/e","n/e","n/e","n/e","n/e","n/e","n/e","n/e","n/e","n/e","0","54","276","198"
"BZN|DK2","25.05.2018 01:00 - 25.05.2018 02:00 (CET/CEST)","144","n/e","n/e","22","178","8","n/e","n/e","n/e","n/e","n/e","n/e","n/e","n/e","n/e","n/e","n/e","0","54","234","205"
"BZN|DK2","25.05.2018 02:00 - 25.05.2018 03:00 (CET/CEST)","145","n/e","n/e","22","180","8","n/e","n/e","n/e","n/e","n/e","n/e","n/e","n/e","n/e","n/e","n/e","0","54","247","221"
"BZN|DK2","25.05.2018 03:00 - 25.05.2018 04:00 (CET/CEST)","147","n/e","n/e","22","181","8","n/e","n/e","n/e","n/e","n/e","n/e","n/e","n/e","n/e","n/e","n/e","0","54","214","224"
"BZN|DK2","25.05.2018 04:00 - 25.05.2018 05:00 (CET/CEST)","148","n/e","n/e","22","185","8","n/e","n/e","n/e","n/e","n/e","n/e","n/e","n/e","n/e","n/e","n/e","0","56","203","223"
"BZN|DK2","25.05.2018 05:00 - 25.05.2018 06:00 (CET/CEST)","147","n/e","n/e","22","191","8","n/e","n/e","n/e","n/e","n/e","n/e","n/e","n/e","n/e","n/e","n/e","5","56","176","210"
"BZN|DK2","25.05.2018 06:00 - 25.05.2018 07:00 (CET/CEST)","146","n/e","n/e","22","196","8","n/e","n/e","n/e","n/e","n/e","n/e","n/e","n/e","n/e","n/e","n/e","24","55","164","153"
"BZN|DK2","25.05.2018 07:00 - 25.05.2018 08:00 (CET/CEST)","147","n/e","n/e","25","276","8","n/e","n/e","n/e","n/e","n/e","n/e","n/e","n/e","n/e","n/e","n/e","60","58","176","120"
"BZN|DK2","25.05.2018 08:00 - 25.05.2018 09:00 (CET/CEST)","153","n/e","n/e","26","299","9","n/e","n/e","n/e","n/e","n/e","n/e","n/e","n/e","n/e","n/e","n/e","111","59","178","151"
"BZN|DK2","25.05.2018 09:00 - 25.05.2018 10:00 (CET/CEST)","156","n/e","n/e","43","296","10","n/e","n/e","n/e","n/e","n/e","n/e","n/e","n/e","n/e","n/e","n/e","160","59","200","150"
"BZN|DK2","25.05.2018 10:00 - 25.05.2018 11:00 (CET/CEST)","154","n/e","n/e","80","374","15","n/e","n/e","n/e","n/e","n/e","n/e","n/e","n/e","n/e","n/e","n/e","197","58","242","155"
"BZN|DK2","25.05.2018 11:00 - 25.05.2018 12:00 (CET/CEST)","152","n/e","n/e","75","311","11","n/e","n/e","n/e","n/e","n/e","n/e","n/e","n/e","n/e","n/e","n/e","221","56","238","161"
"BZN|DK2","25.05.2018 12:00 - 25.05.2018 13:00 (CET/CEST)","171","n/e","n/e","80","252","11","n/e","n/e","n/e","n/e","n/e","n/e","n/e","n/e","n/e","n/e","n/e","232","57","185","180"
"BZN|DK2","25.05.2018 13:00 - 25.05.2018 14:00 (CET/CEST)","191","n/e","n/e","80","224","11","n/e","n/e","n/e","n/e","n/e","n/e","n/e","n/e","n/e","n/e","n/e","236","56","180","199"
"BZN|DK2","25.05.2018 14:00 - 25.05.2018 15:00 (CET/CEST)","159","n/e","n/e","80","218","11","n/e","n/e","n/e","n/e","n/e","n/e","n/e","n/e","n/e","n/e","n/e","232","56","185","193"
"BZN|DK2","25.05.2018 15:00 - 25.05.2018 16:00 (CET/CEST)","143","n/e","n/e","81","199","12","n/e","n/e","n/e","n/e","n/e","n/e","n/e","n/e","n/e","n/e","n/e","214","54","184","218"
"BZN|DK2","25.05.2018 16:00 - 25.05.2018 17:00 (CET/CEST)","132","n/e","n/e","81","196","12","n/e","n/e","n/e","n/e","n/e","n/e","n/e","n/e","n/e","n/e","n/e","183","53","138","200"
"BZN|DK2","25.05.2018 17:00 - 25.05.2018 18:00 (CET/CEST)","136","n/e","n/e","80","193","11","n/e","n/e","n/e","n/e","n/e","n/e","n/e","n/e","n/e","n/e","n/e","133","52","139","149"
"BZN|DK2","25.05.2018 18:00 - 25.05.2018 19:00 (CET/CEST)","140","n/e","n/e","78","194","10","n/e","n/e","n/e","n/e","n/e","n/e","n/e","n/e","n/e","n/e","n/e","77","52","60","80"
"BZN|DK2","25.05.2018 19:00 - 25.05.2018 20:00 (CET/CEST)","144","n/e","n/e","44","195","10","n/e","n/e","n/e","n/e","n/e","n/e","n/e","n/e","n/e","n/e","n/e","32","52","64","73"
"BZN|DK2","25.05.2018 20:00 - 25.05.2018 21:00 (CET/CEST)","135","n/e","n/e","25","188","9","n/e","n/e","n/e","n/e","n/e","n/e","n/e","n/e","n/e","n/e","n/e","8","51","74","88"
"BZN|DK2","25.05.2018 21:00 - 25.05.2018 22:00 (CET/CEST)","178","n/e","n/e","26","190","9","n/e","n/e","n/e","n/e","n/e","n/e","n/e","n/e","n/e","n/e","n/e","0","51","81","94"
"BZN|DK2","25.05.2018 22:00 - 25.05.2018 23:00 (CET/CEST)","175","n/e","n/e","26","220","9","n/e","n/e","n/e","n/e","n/e","n/e","n/e","n/e","n/e","n/e","n/e","0","52","75","102"
"BZN|DK2","25.05.2018 23:00 - 26.05.2018 00:00 (CET/CEST)","118","n/e","n/e","25","204","8","n/e","n/e","n/e","n/e","n/e","n/e","n/e","n/e","n/e","n/e","n/e","0","52","79","106"
"BZN|DK2","26.05.2018 00:00 - 26.05.2018 01:00 (CET/CEST)","9","n/e","n/e","24","205","8","n/e","n/e","n/e","n/e","n/e","n/e","n/e","n/e","n/e","n/e","n/e","0","51","69","98"
"BZN|DK2","26.05.2018 01:00 - 26.05.2018 02:00 (CET/CEST)","9","n/e","n/e","24","181","8","n/e","n/e","n/e","n/e","n/e","n/e","n/e","n/e","n/e","n/e","n/e","0","52","51","95"
"BZN|DK2","26.05.2018 02:00 - 26.05.2018 03:00 (CET/CEST)","9","n/e","n/e","24","180","8","n/e","n/e","n/e","n/e","n/e","n/e","n/e","n/e","n/e","n/e","n/e","0","52","57","86"
"BZN|DK2","26.05.2018 03:00 - 26.05.2018 04:00 (CET/CEST)","9","n/e","n/e","24","187","8","n/e","n/e","n/e","n/e","n/e","n/e","n/e","n/e","n/e","n/e","n/e","0","52","58","81"
"BZN|DK2","26.05.2018 04:00 - 26.05.2018 05:00 (CET/CEST)","5","n/e","n/e","24","189","8","n/e","n/e","n/e","n/e","n/e","n/e","n/e","n/e","n/e","n/e","n/e","0","51","80","91"
"BZN|DK2","26.05.2018 05:00 - 26.05.2018 06:00 (CET/CEST)","3","n/e","n/e","22","174","8","n/e","n/e","n/e","n/e","n/e","n/e","n/e","n/e","n/e","n/e","n/e","5","52","80","122"
"BZN|DK2","26.05.2018 06:00 - 26.05.2018 07:00 (CET/CEST)","4","n/e","n/e","22","189","8","n/e","n/e","n/e","n/e","n/e","n/e","n/e","n/e","n/e","n/e","n/e","22","51","48","94"
"BZN|DK2","26.05.2018 07:00 - 26.05.2018 08:00 (CET/CEST)","3","n/e","n/e","24","199","8","n/e","n/e","n/e","n/e","n/e","n/e","n/e","n/e","n/e","n/e","n/e","52","50","86","66"
"BZN|DK2","26.05.2018 08:00 - 26.05.2018 09:00 (CET/CEST)","4","n/e","n/e","27","217","9","n/e","n/e","n/e","n/e","n/e","n/e","n/e","n/e","n/e","n/e","n/e","93","50","69","57"
"BZN|DK2","26.05.2018 09:00 - 26.05.2018 10:00 (CET/CEST)","4","n/e","n/e","30","248","10","n/e","n/e","n/e","n/e","n/e","n/e","n/e","n/e","n/e","n/e","n/e","137","52","20","27"
"BZN|DK2","26.05.2018 10:00 - 26.05.2018 11:00 (CET/CEST)","5","n/e","n/e","32","222","11","n/e","n/e","n/e","n/e","n/e","n/e","n/e","n/e","n/e","n/e","n/e","163","54","19","28"
"BZN|DK2","26.05.2018 11:00 - 26.05.2018 12:00 (CET/CEST)","4","n/e","n/e","34","261","11","n/e","n/e","n/e","n/e","n/e","n/e","n/e","n/e","n/e","n/e","n/e","177","55","56","46"
"BZN|DK2","26.05.2018 12:00 - 26.05.2018 13:00 (CET/CEST)","4","n/e","n/e","33","226","11","n/e","n/e","n/e","n/e","n/e","n/e","n/e","n/e","n/e","n/e","n/e","195","56","93","51"
"BZN|DK2","26.05.2018 13:00 - 26.05.2018 14:00 (CET/CEST)","4","n/e","n/e","33","203","11","n/e","n/e","n/e","n/e","n/e","n/e","n/e","n/e","n/e","n/e","n/e","186","54","102","66"
"BZN|DK2","26.05.2018 14:00 - 26.05.2018 15:00 (CET/CEST)","4","n/e","n/e","31","196","10","n/e","n/e","n/e","n/e","n/e","n/e","n/e","n/e","n/e","n/e","n/e","148","57","55","70"
"BZN|DK2","26.05.2018 15:00 - 26.05.2018 16:00 (CET/CEST)","5","n/e","n/e","35","203","12","n/e","n/e","n/e","n/e","n/e","n/e","n/e","n/e","n/e","n/e","n/e","113","56","44","84"
"BZN|DK2","26.05.2018 16:00 - 26.05.2018 17:00 (CET/CEST)","4","n/e","n/e","27","187","9","n/e","n/e","n/e","n/e","n/e","n/e","n/e","n/e","n/e","n/e","n/e","102","57","33","77"
"BZN|DK2","26.05.2018 17:00 - 26.05.2018 18:00 (CET/CEST)","4","n/e","n/e","25","185","8","n/e","n/e","n/e","n/e","n/e","n/e","n/e","n/e","n/e","n/e","n/e","80","57","23","47"
"BZN|DK2","26.05.2018 18:00 - 26.05.2018 19:00 (CET/CEST)","4","n/e","n/e","25","184","8","n/e","n/e","n/e","n/e","n/e","n/e","n/e","n/e","n/e","n/e","n/e","48","56","31","49"
"BZN|DK2","26.05.2018 19:00 - 26.05.2018 20:00 (CET/CEST)","4","n/e","n/e","22","303","8","n/e","n/e","n/e","n/e","n/e","n/e","n/e","n/e","n/e","n/e","n/e","21","55","63","27"
"BZN|DK2","26.05.2018 20:00 - 26.05.2018 21:00 (CET/CEST)","4","n/e","n/e","25","358","7","n/e","n/e","n/e","n/e","n/e","n/e","n/e","n/e","n/e","n/e","n/e","6","56","66","28"
"BZN|DK2","26.05.2018 21:00 - 26.05.2018 22:00 (CET/CEST)","4","n/e","n/e","50","349","8","n/e","n/e","n/e","n/e","n/e","n/e","n/e","n/e","n/e","n/e","n/e","0","56","58","42"
"BZN|DK2","26.05.2018 22:00 - 26.05.2018 23:00 (CET/CEST)","4","n/e","n/e","62","373","9","n/e","n/e","n/e","n/e","n/e","n/e","n/e","n/e","n/e","n/e","n/e","0","54","48","47"
"BZN|DK2","26.05.2018 23:00 - 27.05.2018 00:00 (CET/CEST)","4","n/e","n/e","41","218","8","n/e","n/e","n/e","n/e","n/e","n/e","n/e","n/e","n/e","n/e","n/e","0","54","62","77"
"BZN|DK2","27.05.2018 00:00 - 27.05.2018 01:00 (CET/CEST)","4","n/e","n/e","23","184","8","n/e","n/e","n/e","n/e","n/e","n/e","n/e","n/e","n/e","n/e","n/e","0","53","70","68"
"BZN|DK2","27.05.2018 01:00 - 27.05.2018 02:00 (CET/CEST)","4","n/e","n/e","23","181","8","n/e","n/e","n/e","n/e","n/e","n/e","n/e","n/e","n/e","n/e","n/e","0","54","101","91"
"BZN|DK2","27.05.2018 02:00 - 27.05.2018 03:00 (CET/CEST)","4","n/e","n/e","22","175","8","n/e","n/e","n/e","n/e","n/e","n/e","n/e","n/e","n/e","n/e","n/e","0","55","137","106"
"BZN|DK2","27.05.2018 03:00 - 27.05.2018 04:00 (CET/CEST)","4","n/e","n/e","23","173","8","n/e","n/e","n/e","n/e","n/e","n/e","n/e","n/e","n/e","n/e","n/e","0","54","110","90"
"BZN|DK2","27.05.2018 04:00 - 27.05.2018 05:00 (CET/CEST)","4","n/e","n/e","23","166","8","n/e","n/e","n/e","n/e","n/e","n/e","n/e","n/e","n/e","n/e","n/e","0","54","114","86"
"BZN|DK2","27.05.2018 05:00 - 27.05.2018 06:00 (CET/CEST)","4","n/e","n/e","23","180","8","n/e","n/e","n/e","n/e","n/e","n/e","n/e","n/e","n/e","n/e","n/e","4","54","154","86"
"BZN|DK2","27.05.2018 06:00 - 27.05.2018 07:00 (CET/CEST)","4","n/e","n/e","23","169","8","n/e","n/e","n/e","n/e","n/e","n/e","n/e","n/e","n/e","n/e","n/e","16","53","177","81"
"BZN|DK2","27.05.2018 07:00 - 27.05.2018 08:00 (CET/CEST)","3","n/e","n/e","24","175","8","n/e","n/e","n/e","n/e","n/e","n/e","n/e","n/e","n/e","n/e","n/e","32","55","97","77"
"BZN|DK2","27.05.2018 08:00 - 27.05.2018 09:00 (CET/CEST)","4","n/e","n/e","26","183","9","n/e","n/e","n/e","n/e","n/e","n/e","n/e","n/e","n/e","n/e","n/e","48","55","77","64"
"BZN|DK2","27.05.2018 09:00 - 27.05.2018 10:00 (CET/CEST)","4","n/e","n/e","28","180","9","n/e","n/e","n/e","n/e","n/e","n/e","n/e","n/e","n/e","n/e","n/e","67","55","100","70"
"BZN|DK2","27.05.2018 10:00 - 27.05.2018 11:00 (CET/CEST)","4","n/e","n/e","24","176","8","n/e","n/e","n/e","n/e","n/e","n/e","n/e","n/e","n/e","n/e","n/e","86","56","96","93"
"BZN|DK2","27.05.2018 11:00 - 27.05.2018 12:00 (CET/CEST)","4","n/e","n/e","23","172","8","n/e","n/e","n/e","n/e","n/e","n/e","n/e","n/e","n/e","n/e","n/e","97","55","120","119"
"BZN|DK2","27.05.2018 12:00 - 27.05.2018 13:00 (CET/CEST)","3","n/e","n/e","24","173","9","n/e","n/e","n/e","n/e","n/e","n/e","n/e","n/e","n/e","n/e","n/e","135","56","107","146"
"BZN|DK2","27.05.2018 13:00 - 27.05.2018 14:00 (CET/CEST)","4","n/e","n/e","25","174","8","n/e","n/e","n/e","n/e","n/e","n/e","n/e","n/e","n/e","n/e","n/e","141","55","92","164"
"BZN|DK2","27.05.2018 14:00 - 27.05.2018 15:00 (CET/CEST)","4","n/e","n/e","25","180","9","n/e","n/e","n/e","n/e","n/e","n/e","n/e","n/e","n/e","n/e","n/e","143","56","122","198"
"BZN|DK2","27.05.2018 15:00 - 27.05.2018 16:00 (CET/CEST)","4","n/e","n/e","20","190","7","n/e","n/e","n/e","n/e","n/e","n/e","n/e","n/e","n/e","n/e","n/e","122","56","158","218"
"BZN|DK2","27.05.2018 16:00 - 27.05.2018 17:00 (CET/CEST)","4","n/e","n/e","23","182","8","n/e","n/e","n/e","n/e","n/e","n/e","n/e","n/e","n/e","n/e","n/e","108","52","206","244"
"BZN|DK2","27.05.2018 17:00 - 27.05.2018 18:00 (CET/CEST)","4","n/e","n/e","26","188","9","n/e","n/e","n/e","n/e","n/e","n/e","n/e","n/e","n/e","n/e","n/e","87","51","216","256"
"BZN|DK2","27.05.2018 18:00 - 27.05.2018 19:00 (CET/CEST)","5","n/e","n/e","23","176","8","n/e","n/e","n/e","n/e","n/e","n/e","n/e","n/e","n/e","n/e","n/e","56","53","263","239"
"BZN|DK2","27.05.2018 19:00 - 27.05.2018 20:00 (CET/CEST)","7","n/e","n/e","24","198","8","n/e","n/e","n/e","n/e","n/e","n/e","n/e","n/e","n/e","n/e","n/e","29","52","243","205"
"BZN|DK2","27.05.2018 20:00 - 27.05.2018 21:00 (CET/CEST)","8","n/e","n/e","23","269","8","n/e","n/e","n/e","n/e","n/e","n/e","n/e","n/e","n/e","n/e","n/e","8","52","185","222"
"BZN|DK2","27.05.2018 21:00 - 27.05.2018 22:00 (CET/CEST)","7","n/e","n/e","23","263","8","n/e","n/e","n/e","n/e","n/e","n/e","n/e","n/e","n/e","n/e","n/e","1","52","151","228"
"BZN|DK2","27.05.2018 22:00 - 27.05.2018 23:00 (CET/CEST)","8","n/e","n/e","23","196","8","n/e","n/e","n/e","n/e","n/e","n/e","n/e","n/e","n/e","n/e","n/e","0","52","160","258"
"BZN|DK2","27.05.2018 23:00 - 28.05.2018 00:00 (CET/CEST)","8","n/e","n/e","23","191","8","n/e","n/e","n/e","n/e","n/e","n/e","n/e","n/e","n/e","n/e","n/e","0","51","168","270"
"BZN|DK2","28.05.2018 00:00 - 28.05.2018 01:00 (CET/CEST)","8","n/e","n/e","23","229","8","n/e","n/e","n/e","n/e","n/e","n/e","n/e","n/e","n/e","n/e","n/e","0","52","224","263"
"BZN|DK2","28.05.2018 01:00 - 28.05.2018 02:00 (CET/CEST)","8","n/e","n/e","23","205","8","n/e","n/e","n/e","n/e","n/e","n/e","n/e","n/e","n/e","n/e","n/e","0","52","257","262"
"BZN|DK2","28.05.2018 02:00 - 28.05.2018 03:00 (CET/CEST)","8","n/e","n/e","23","179","8","n/e","n/e","n/e","n/e","n/e","n/e","n/e","n/e","n/e","n/e","n/e","0","52","275","261"
"BZN|DK2","28.05.2018 03:00 - 28.05.2018 04:00 (CET/CEST)","8","n/e","n/e","23","183","8","n/e","n/e","n/e","n/e","n/e","n/e","n/e","n/e","n/e","n/e","n/e","0","52","296","257"
"BZN|DK2","28.05.2018 04:00 - 28.05.2018 05:00 (CET/CEST)","8","n/e","n/e","23","185","8","n/e","n/e","n/e","n/e","n/e","n/e","n/e","n/e","n/e","n/e","n/e","0","52","270","238"
"BZN|DK2","28.05.2018 05:00 - 28.05.2018 06:00 (CET/CEST)","7","n/e","n/e","23","196","8","n/e","n/e","n/e","n/e","n/e","n/e","n/e","n/e","n/e","n/e","n/e","3","53","168","173"
"BZN|DK2","28.05.2018 06:00 - 28.05.2018 07:00 (CET/CEST)","11","n/e","n/e","24","280","8","n/e","n/e","n/e","n/e","n/e","n/e","n/e","n/e","n/e","n/e","n/e","10","52","76","124"
"BZN|DK2","28.05.2018 07:00 - 28.05.2018 08:00 (CET/CEST)","12","n/e","n/e","26","338","8","n/e","n/e","n/e","n/e","n/e","n/e","n/e","n/e","n/e","n/e","n/e","14","54","38","114"
"BZN|DK2","28.05.2018 08:00 - 28.05.2018 09:00 (CET/CEST)","13","n/e","n/e","64","374","8","n/e","n/e","n/e","n/e","n/e","n/e","n/e","n/e","n/e","n/e","n/e","19","55","123","93"
"BZN|DK2","28.05.2018 09:00 - 28.05.2018 10:00 (CET/CEST)","9","n/e","n/e","60","351","9","n/e","n/e","n/e","n/e","n/e","n/e","n/e","n/e","n/e","n/e","n/e","31","54","208","125"
"BZN|DK2","28.05.2018 10:00 - 28.05.2018 11:00 (CET/CEST)","10","n/e","n/e","50","322","10","n/e","n/e","n/e","n/e","n/e","n/e","n/e","n/e","n/e","n/e","n/e","67","54","271","172"
"BZN|DK2","28.05.2018 11:00 - 28.05.2018 12:00 (CET/CEST)","9","n/e","n/e","31","348","11","n/e","n/e","n/e","n/e","n/e","n/e","n/e","n/e","n/e","n/e","n/e","82","54","177","201"
"BZN|DK2","28.05.2018 12:00 - 28.05.2018 13:00 (CET/CEST)","9","n/e","n/e","22","371","7","n/e","n/e","n/e","n/e","n/e","n/e","n/e","n/e","n/e","n/e","n/e","96","55","219","168"
"BZN|DK2","28.05.2018 13:00 - 28.05.2018 14:00 (CET/CEST)","11","n/e","n/e","29","371","10","n/e","n/e","n/e","n/e","n/e","n/e","n/e","n/e","n/e","n/e","n/e","115","31","179","118"
"BZN|DK2","28.05.2018 14:00 - 28.05.2018 15:00 (CET/CEST)","12","n/e","n/e","25","350","9","n/e","n/e","n/e","n/e","n/e","n/e","n/e","n/e","n/e","n/e","n/e","123","25","143","92"
"BZN|DK2","28.05.2018 15:00 - 28.05.2018 16:00 (CET/CEST)","13","n/e","n/e","33","392","11","n/e","n/e","n/e","n/e","n/e","n/e","n/e","n/e","n/e","n/e","n/e","111","30","129","85"
"BZN|DK2","28.05.2018 16:00 - 28.05.2018 17:00 (CET/CEST)","15","n/e","n/e","30","379","11","n/e","n/e","n/e","n/e","n/e","n/e","n/e","n/e","n/e","n/e","n/e","127","34","149","92"
"BZN|DK2","28.05.2018 17:00 - 28.05.2018 18:00 (CET/CEST)","16","n/e","n/e","28","370","19","n/e","n/e","n/e","n/e","n/e","n/e","n/e","n/e","n/e","n/e","n/e","104","39","231","138"
"BZN|DK2","28.05.2018 18:00 - 28.05.2018 19:00 (CET/CEST)","17","n/e","n/e","60","348","20","n/e","n/e","n/e","n/e","n/e","n/e","n/e","n/e","n/e","n/e","n/e","71","41","256","171"
"BZN|DK2","28.05.2018 19:00 - 28.05.2018 20:00 (CET/CEST)","16","n/e","n/e","31","299","18","n/e","n/e","n/e","n/e","n/e","n/e","n/e","n/e","n/e","n/e","n/e","37","50","239","205"
"BZN|DK2","28.05.2018 20:00 - 28.05.2018 21:00 (CET/CEST)","9","n/e","n/e","24","326","18","n/e","n/e","n/e","n/e","n/e","n/e","n/e","n/e","n/e","n/e","n/e","13","49","191","227"
"BZN|DK2","28.05.2018 21:00 - 28.05.2018 22:00 (CET/CEST)","7","n/e","n/e","24","314","9","n/e","n/e","n/e","n/e","n/e","n/e","n/e","n/e","n/e","n/e","n/e","1","50","152","222"
"BZN|DK2","28.05.2018 22:00 - 28.05.2018 23:00 (CET/CEST)","7","n/e","n/e","24","316","8","n/e","n/e","n/e","n/e","n/e","n/e","n/e","n/e","n/e","n/e","n/e","0","50","131","209"
"BZN|DK2","28.05.2018 23:00 - 29.05.2018 00:00 (CET/CEST)","7","n/e","n/e","24","229","8","n/e","n/e","n/e","n/e","n/e","n/e","n/e","n/e","n/e","n/e","n/e","0","49","115","196"
"BZN|DK2","29.05.2018 00:00 - 29.05.2018 01:00 (CET/CEST)","7","n/e","n/e","24","220","8","n/e","n/e","n/e","n/e","n/e","n/e","n/e","n/e","n/e","n/e","n/e","0","39","112","159"
"BZN|DK2","29.05.2018 01:00 - 29.05.2018 02:00 (CET/CEST)","6","n/e","n/e","23","190","8","n/e","n/e","n/e","n/e","n/e","n/e","n/e","n/e","n/e","n/e","n/e","0","37","99","151"
"BZN|DK2","29.05.2018 02:00 - 29.05.2018 03:00 (CET/CEST)","6","n/e","n/e","23","188","8","n/e","n/e","n/e","n/e","n/e","n/e","n/e","n/e","n/e","n/e","n/e","0","38","94","164"
"BZN|DK2","29.05.2018 03:00 - 29.05.2018 04:00 (CET/CEST)","7","n/e","n/e","23","178","8","n/e","n/e","n/e","n/e","n/e","n/e","n/e","n/e","n/e","n/e","n/e","0","38","85","146"
"BZN|DK2","29.05.2018 04:00 - 29.05.2018 05:00 (CET/CEST)","7","n/e","n/e","24","181","8","n/e","n/e","n/e","n/e","n/e","n/e","n/e","n/e","n/e","n/e","n/e","0","37","70","97"
"BZN|DK2","29.05.2018 05:00 - 29.05.2018 06:00 (CET/CEST)","7","n/e","n/e","24","198","8","n/e","n/e","n/e","n/e","n/e","n/e","n/e","n/e","n/e","n/e","n/e","7","38","68","67"
"BZN|DK2","29.05.2018 06:00 - 29.05.2018 07:00 (CET/CEST)","6","n/e","n/e","24","200","8","n/e","n/e","n/e","n/e","n/e","n/e","n/e","n/e","n/e","n/e","n/e","28","38","72","58"
"BZN|DK2","29.05.2018 07:00 - 29.05.2018 08:00 (CET/CEST)","8","n/e","n/e","32","305","9","n/e","n/e","n/e","n/e","n/e","n/e","n/e","n/e","n/e","n/e","n/e","61","40","58","51"
"BZN|DK2","29.05.2018 08:00 - 29.05.2018 09:00 (CET/CEST)","14","n/e","n/e","62","329","10","n/e","n/e","n/e","n/e","n/e","n/e","n/e","n/e","n/e","n/e","n/e","102","41","65","50"
"BZN|DK2","29.05.2018 09:00 - 29.05.2018 10:00 (CET/CEST)","14","n/e","n/e","68","255","8","n/e","n/e","n/e","n/e","n/e","n/e","n/e","n/e","n/e","n/e","n/e","140","41","51","49"
"BZN|DK2","29.05.2018 10:00 - 29.05.2018 11:00 (CET/CEST)","15","n/e","n/e","71","239","8","n/e","n/e","n/e","n/e","n/e","n/e","n/e","n/e","n/e","n/e","n/e","187","34","73","51"
"BZN|DK2","29.05.2018 11:00 - 29.05.2018 12:00 (CET/CEST)","15","n/e","n/e","64","214","8","n/e","n/e","n/e","n/e","n/e","n/e","n/e","n/e","n/e","n/e","n/e","212","42","144","80"
"BZN|DK2","29.05.2018 12:00 - 29.05.2018 13:00 (CET/CEST)","15","n/e","n/e","69","179","9","n/e","n/e","n/e","n/e","n/e","n/e","n/e","n/e","n/e","n/e","n/e","226","43","198","160"
"BZN|DK2","29.05.2018 13:00 - 29.05.2018 14:00 (CET/CEST)","15","n/e","n/e","70","170","9","n/e","n/e","n/e","n/e","n/e","n/e","n/e","n/e","n/e","n/e","n/e","228","41","245","231"
"BZN|DK2","29.05.2018 14:00 - 29.05.2018 15:00 (CET/CEST)","16","n/e","n/e","69","162","9","n/e","n/e","n/e","n/e","n/e","n/e","n/e","n/e","n/e","n/e","n/e","224","43","296","283"
"BZN|DK2","29.05.2018 15:00 - 29.05.2018 16:00 (CET/CEST)","8","n/e","n/e","71","168","9","n/e","n/e","n/e","n/e","n/e","n/e","n/e","n/e","n/e","n/e","n/e","206","39","338","318"
"BZN|DK2","29.05.2018 16:00 - 29.05.2018 17:00 (CET/CEST)","6","n/e","n/e","38","189","11","n/e","n/e","n/e","n/e","n/e","n/e","n/e","n/e","n/e","n/e","n/e","181","25","346","320"
"BZN|DK2","29.05.2018 17:00 - 29.05.2018 18:00 (CET/CEST)","7","n/e","n/e","33","260","19","n/e","n/e","n/e","n/e","n/e","n/e","n/e","n/e","n/e","n/e","n/e","132","24","349","326"
"BZN|DK2","29.05.2018 18:00 - 29.05.2018 19:00 (CET/CEST)","6","n/e","n/e","31","214","20","n/e","n/e","n/e","n/e","n/e","n/e","n/e","n/e","n/e","n/e","n/e","79","23","352","313"
"BZN|DK2","29.05.2018 19:00 - 29.05.2018 20:00 (CET/CEST)","6","n/e","n/e","28","180","20","n/e","n/e","n/e","n/e","n/e","n/e","n/e","n/e","n/e","n/e","n/e","35","25","352","274"
"BZN|DK2","29.05.2018 20:00 - 29.05.2018 21:00 (CET/CEST)","6","n/e","n/e","25","168","19","n/e","n/e","n/e","n/e","n/e","n/e","n/e","n/e","n/e","n/e","n/e","11","26","302","260"
"BZN|DK2","29.05.2018 21:00 - 29.05.2018 22:00 (CET/CEST)","6","n/e","n/e","25","169","9","n/e","n/e","n/e","n/e","n/e","n/e","n/e","n/e","n/e","n/e","n/e","1","28","277","257"
"BZN|DK2","29.05.2018 22:00 - 29.05.2018 23:00 (CET/CEST)","6","n/e","n/e","24","173","8","n/e","n/e","n/e","n/e","n/e","n/e","n/e","n/e","n/e","n/e","n/e","0","30","283","255"
"BZN|DK2","29.05.2018 23:00 - 30.05.2018 00:00 (CET/CEST)","5","n/e","n/e","24","173","8","n/e","n/e","n/e","n/e","n/e","n/e","n/e","n/e","n/e","n/e","n/e","0","31","300","273"
"BZN|DK2","30.05.2018 00:00 - 30.05.2018 01:00 (CET/CEST)","4","n/e","n/e","24","176","8","n/e","n/e","n/e","n/e","n/e","n/e","n/e","n/e","n/e","n/e","n/e","0","30","244","229"
"BZN|DK2","30.05.2018 01:00 - 30.05.2018 02:00 (CET/CEST)","4","n/e","n/e","24","172","8","n/e","n/e","n/e","n/e","n/e","n/e","n/e","n/e","n/e","n/e","n/e","0","30","212","232"
"BZN|DK2","30.05.2018 02:00 - 30.05.2018 03:00 (CET/CEST)","4","n/e","n/e","24","175","8","n/e","n/e","n/e","n/e","n/e","n/e","n/e","n/e","n/e","n/e","n/e","0","29","200","239"
"BZN|DK2","30.05.2018 03:00 - 30.05.2018 04:00 (CET/CEST)","3","n/e","n/e","24","175","8","n/e","n/e","n/e","n/e","n/e","n/e","n/e","n/e","n/e","n/e","n/e","0","30","166","240"
"BZN|DK2","30.05.2018 04:00 - 30.05.2018 05:00 (CET/CEST)","3","n/e","n/e","24","175","8","n/e","n/e","n/e","n/e","n/e","n/e","n/e","n/e","n/e","n/e","n/e","0","29","157","251"
"BZN|DK2","30.05.2018 05:00 - 30.05.2018 06:00 (CET/CEST)","4","n/e","n/e","27","183","8","n/e","n/e","n/e","n/e","n/e","n/e","n/e","n/e","n/e","n/e","n/e","6","31","189","255"
"BZN|DK2","30.05.2018 06:00 - 30.05.2018 07:00 (CET/CEST)","4","n/e","n/e","39","227","9","n/e","n/e","n/e","n/e","n/e","n/e","n/e","n/e","n/e","n/e","n/e","25","32","226","222"
"BZN|DK2","30.05.2018 07:00 - 30.05.2018 08:00 (CET/CEST)","4","n/e","n/e","45","220","9","n/e","n/e","n/e","n/e","n/e","n/e","n/e","n/e","n/e","n/e","n/e","62","33","243","189"
"BZN|DK2","30.05.2018 08:00 - 30.05.2018 09:00 (CET/CEST)","9","n/e","n/e","64","294","12","n/e","n/e","n/e","n/e","n/e","n/e","n/e","n/e","n/e","n/e","n/e","113","32","200","169"
"BZN|DK2","30.05.2018 09:00 - 30.05.2018 10:00 (CET/CEST)","13","n/e","n/e","74","310","15","n/e","n/e","n/e","n/e","n/e","n/e","n/e","n/e","n/e","n/e","n/e","163","31","163","177"
"BZN|DK2","30.05.2018 10:00 - 30.05.2018 11:00 (CET/CEST)","13","n/e","n/e","69","292","15","n/e","n/e","n/e","n/e","n/e","n/e","n/e","n/e","n/e","n/e","n/e","197","32","202","186"
"BZN|DK2","30.05.2018 11:00 - 30.05.2018 12:00 (CET/CEST)","13","n/e","n/e","64","276","15","n/e","n/e","n/e","n/e","n/e","n/e","n/e","n/e","n/e","n/e","n/e","218","31","230","221"
"BZN|DK2","30.05.2018 12:00 - 30.05.2018 13:00 (CET/CEST)","12","n/e","n/e","61","271","15","n/e","n/e","n/e","n/e","n/e","n/e","n/e","n/e","n/e","n/e","n/e","232","33","232","281"
"BZN|DK2","30.05.2018 13:00 - 30.05.2018 14:00 (CET/CEST)","12","n/e","n/e","58","264","13","n/e","n/e","n/e","n/e","n/e","n/e","n/e","n/e","n/e","n/e","n/e","235","33","260","311"
"BZN|DK2","30.05.2018 14:00 - 30.05.2018 15:00 (CET/CEST)","12","n/e","n/e","56","259","12","n/e","n/e","n/e","n/e","n/e","n/e","n/e","n/e","n/e","n/e","n/e","226","33","207","278"
"BZN|DK2","30.05.2018 15:00 - 30.05.2018 16:00 (CET/CEST)","13","n/e","n/e","55","198","12","n/e","n/e","n/e","n/e","n/e","n/e","n/e","n/e","n/e","n/e","n/e","209","34","218","260"
"BZN|DK2","30.05.2018 16:00 - 30.05.2018 17:00 (CET/CEST)","11","n/e","n/e","55","247","13","n/e","n/e","n/e","n/e","n/e","n/e","n/e","n/e","n/e","n/e","n/e","181","33","223","251"
"BZN|DK2","30.05.2018 17:00 - 30.05.2018 18:00 (CET/CEST)","5","n/e","n/e","58","263","14","n/e","n/e","n/e","n/e","n/e","n/e","n/e","n/e","n/e","n/e","n/e","135","33","259","258"
"BZN|DK2","30.05.2018 18:00 - 30.05.2018 19:00 (CET/CEST)","4","n/e","n/e","81","273","13","n/e","n/e","n/e","n/e","n/e","n/e","n/e","n/e","n/e","n/e","n/e","80","33","290","297"
"BZN|DK2","30.05.2018 19:00 - 30.05.2018 20:00 (CET/CEST)","4","n/e","n/e","79","290","12","n/e","n/e","n/e","n/e","n/e","n/e","n/e","n/e","n/e","n/e","n/e","36","33","287","290"
"BZN|DK2","30.05.2018 20:00 - 30.05.2018 21:00 (CET/CEST)","5","n/e","n/e","104","310","13","n/e","n/e","n/e","n/e","n/e","n/e","n/e","n/e","n/e","n/e","n/e","12","33","268","269"
"BZN|DK2","30.05.2018 21:00 - 30.05.2018 22:00 (CET/CEST)","4","n/e","n/e","122","304","14","n/e","n/e","n/e","n/e","n/e","n/e","n/e","n/e","n/e","n/e","n/e","1","33","242","266"
"BZN|DK2","30.05.2018 22:00 - 30.05.2018 23:00 (CET/CEST)","4","n/e","n/e","127","304","13","n/e","n/e","n/e","n/e","n/e","n/e","n/e","n/e","n/e","n/e","n/e","0","32","213","269"
"BZN|DK2","30.05.2018 23:00 - 31.05.2018 00:00 (CET/CEST)","4","n/e","n/e","60","283","12","n/e","n/e","n/e","n/e","n/e","n/e","n/e","n/e","n/e","n/e","n/e","0","31","155","263"
"BZN|DK2","31.05.2018 00:00 - 31.05.2018 01:00 (CET/CEST)","4","n/e","n/e","55","233","12","n/e","n/e","n/e","n/e","n/e","n/e","n/e","n/e","n/e","n/e","n/e","0","31","142","237"
"BZN|DK2","31.05.2018 01:00 - 31.05.2018 02:00 (CET/CEST)","4","n/e","n/e","58","200","13","n/e","n/e","n/e","n/e","n/e","n/e","n/e","n/e","n/e","n/e","n/e","0","31","177","232"
"BZN|DK2","31.05.2018 02:00 - 31.05.2018 03:00 (CET/CEST)","4","n/e","n/e","58","201","13","n/e","n/e","n/e","n/e","n/e","n/e","n/e","n/e","n/e","n/e","n/e","0","29","183","247"
"BZN|DK2","31.05.2018 03:00 - 31.05.2018 04:00 (CET/CEST)","4","n/e","n/e","58","204","13","n/e","n/e","n/e","n/e","n/e","n/e","n/e","n/e","n/e","n/e","n/e","0","30","187","248"
"BZN|DK2","31.05.2018 04:00 - 31.05.2018 05:00 (CET/CEST)","4","n/e","n/e","58","201","13","n/e","n/e","n/e","n/e","n/e","n/e","n/e","n/e","n/e","n/e","n/e","0","31","127","269"
"BZN|DK2","31.05.2018 05:00 - 31.05.2018 06:00 (CET/CEST)","5","n/e","n/e","58","198","12","n/e","n/e","n/e","n/e","n/e","n/e","n/e","n/e","n/e","n/e","n/e","7","30","124","255"
"BZN|DK2","31.05.2018 06:00 - 31.05.2018 07:00 (CET/CEST)","10","n/e","n/e","58","214","13","n/e","n/e","n/e","n/e","n/e","n/e","n/e","n/e","n/e","n/e","n/e","25","28","127","222"
"BZN|DK2","31.05.2018 07:00 - 31.05.2018 08:00 (CET/CEST)","13","n/e","n/e","60","295","13","n/e","n/e","n/e","n/e","n/e","n/e","n/e","n/e","n/e","n/e","n/e","59","32","129","245"
"BZN|DK2","31.05.2018 08:00 - 31.05.2018 09:00 (CET/CEST)","13","n/e","n/e","59","300","13","n/e","n/e","n/e","n/e","n/e","n/e","n/e","n/e","n/e","n/e","n/e","106","32","138","291"
"BZN|DK2","31.05.2018 09:00 - 31.05.2018 10:00 (CET/CEST)","13","n/e","n/e","61","301","14","n/e","n/e","n/e","n/e","n/e","n/e","n/e","n/e","n/e","n/e","n/e","151","31","175","295"
"BZN|DK2","31.05.2018 10:00 - 31.05.2018 11:00 (CET/CEST)","13","n/e","n/e","65","307","14","n/e","n/e","n/e","n/e","n/e","n/e","n/e","n/e","n/e","n/e","n/e","190","31","265","290"
"BZN|DK2","31.05.2018 11:00 - 31.05.2018 12:00 (CET/CEST)","12","n/e","n/e","57","296","13","n/e","n/e","n/e","n/e","n/e","n/e","n/e","n/e","n/e","n/e","n/e","210","32","305","304"
"BZN|DK2","31.05.2018 12:00 - 31.05.2018 13:00 (CET/CEST)","13","n/e","n/e","52","289","12","n/e","n/e","n/e","n/e","n/e","n/e","n/e","n/e","n/e","n/e","n/e","221","27","334","322"
"BZN|DK2","31.05.2018 13:00 - 31.05.2018 14:00 (CET/CEST)","6","n/e","n/e","51","241","11","n/e","n/e","n/e","n/e","n/e","n/e","n/e","n/e","n/e","n/e","n/e","223","22","345","324"
"BZN|DK2","31.05.2018 14:00 - 31.05.2018 15:00 (CET/CEST)","4","n/e","n/e","54","280","10","n/e","n/e","n/e","n/e","n/e","n/e","n/e","n/e","n/e","n/e","n/e","219","26","349","331"
"BZN|DK2","31.05.2018 15:00 - 31.05.2018 16:00 (CET/CEST)","4","n/e","n/e","64","277","11","n/e","n/e","n/e","n/e","n/e","n/e","n/e","n/e","n/e","n/e","n/e","207","27","348","336"
"BZN|DK2","31.05.2018 16:00 - 31.05.2018 17:00 (CET/CEST)","3","n/e","n/e","55","248","10","n/e","n/e","n/e","n/e","n/e","n/e","n/e","n/e","n/e","n/e","n/e","176","25","353","354"
"BZN|DK2","31.05.2018 17:00 - 31.05.2018 18:00 (CET/CEST)","4","n/e","n/e","47","268","12","n/e","n/e","n/e","n/e","n/e","n/e","n/e","n/e","n/e","n/e","n/e","131","26","363","378"
"BZN|DK2","31.05.2018 18:00 - 31.05.2018 19:00 (CET/CEST)","4","n/e","n/e","35","282","11","n/e","n/e","n/e","n/e","n/e","n/e","n/e","n/e","n/e","n/e","n/e","78","26","368","357"
"BZN|DK2","31.05.2018 19:00 - 31.05.2018 20:00 (CET/CEST)","4","n/e","n/e","38","285","13","n/e","n/e","n/e","n/e","n/e","n/e","n/e","n/e","n/e","n/e","n/e","35","24","368","326"
"BZN|DK2","31.05.2018 20:00 - 31.05.2018 21:00 (CET/CEST)","4","n/e","n/e","37","285","12","n/e","n/e","n/e","n/e","n/e","n/e","n/e","n/e","n/e","n/e","n/e","12","25","364","282"
"BZN|DK2","31.05.2018 21:00 - 31.05.2018 22:00 (CET/CEST)","4","n/e","n/e","63","275","13","n/e","n/e","n/e","n/e","n/e","n/e","n/e","n/e","n/e","n/e","n/e","1","27","345","258"
"BZN|DK2","31.05.2018 22:00 - 31.05.2018 23:00 (CET/CEST)","4","n/e","n/e","48","245","12","n/e","n/e","n/e","n/e","n/e","n/e","n/e","n/e","n/e","n/e","n/e","0","29","341","268"
"BZN|DK2","31.05.2018 23:00 - 01.06.2018 00:00 (CET/CEST)","4","n/e","n/e","36","185","12","n/e","n/e","n/e","n/e","n/e","n/e","n/e","n/e","n/e","n/e","n/e","0","28","320","270"
"BZN|DK2","01.06.2018 00:00 - 01.06.2018 01:00 (CET/CEST)","4","n/e","n/e","34","205","11","n/e","n/e","n/e","n/e","n/e","n/e","n/e","n/e","n/e","n/e","n/e","0","30","304","268"
"BZN|DK2","01.06.2018 01:00 - 01.06.2018 02:00 (CET/CEST)","4","n/e","n/e","29","173","10","n/e","n/e","n/e","n/e","n/e","n/e","n/e","n/e","n/e","n/e","n/e","0","28","302","228"
"BZN|DK2","01.06.2018 02:00 - 01.06.2018 03:00 (CET/CEST)","4","n/e","n/e","29","172","10","n/e","n/e","n/e","n/e","n/e","n/e","n/e","n/e","n/e","n/e","n/e","0","29","282","196"
"BZN|DK2","01.06.2018 03:00 - 01.06.2018 04:00 (CET/CEST)","3","n/e","n/e","27","178","9","n/e","n/e","n/e","n/e","n/e","n/e","n/e","n/e","n/e","n/e","n/e","0","28","288","191"
"BZN|DK2","01.06.2018 04:00 - 01.06.2018 05:00 (CET/CEST)","3","n/e","n/e","27","196","9","n/e","n/e","n/e","n/e","n/e","n/e","n/e","n/e","n/e","n/e","n/e","0","28","258","170"
"BZN|DK2","01.06.2018 05:00 - 01.06.2018 06:00 (CET/CEST)","4","n/e","n/e","27","211","9","n/e","n/e","n/e","n/e","n/e","n/e","n/e","n/e","n/e","n/e","n/e","7","29","258","161"
"BZN|DK2","01.06.2018 06:00 - 01.06.2018 07:00 (CET/CEST)","7","n/e","n/e","28","286","9","n/e","n/e","n/e","n/e","n/e","n/e","n/e","n/e","n/e","n/e","n/e","27","30","215","139"
"BZN|DK2","01.06.2018 07:00 - 01.06.2018 08:00 (CET/CEST)","12","n/e","n/e","28","292","10","n/e","n/e","n/e","n/e","n/e","n/e","n/e","n/e","n/e","n/e","n/e","63","40","204","110"
"BZN|DK2","01.06.2018 08:00 - 01.06.2018 09:00 (CET/CEST)","14","n/e","n/e","26","258","9","n/e","n/e","n/e","n/e","n/e","n/e","n/e","n/e","n/e","n/e","n/e","111","45","220","98"
"BZN|DK2","01.06.2018 09:00 - 01.06.2018 10:00 (CET/CEST)","14","n/e","n/e","29","284","10","n/e","n/e","n/e","n/e","n/e","n/e","n/e","n/e","n/e","n/e","n/e","159","44","206","75"
"BZN|DK2","01.06.2018 10:00 - 01.06.2018 11:00 (CET/CEST)","14","n/e","n/e","58","386","15","n/e","n/e","n/e","n/e","n/e","n/e","n/e","n/e","n/e","n/e","n/e","195","46","227","81"
"BZN|DK2","01.06.2018 11:00 - 01.06.2018 12:00 (CET/CEST)","14","n/e","n/e","31","338","11","n/e","n/e","n/e","n/e","n/e","n/e","n/e","n/e","n/e","n/e","n/e","215","46","200","76"
"BZN|DK2","01.06.2018 12:00 - 01.06.2018 13:00 (CET/CEST)","14","n/e","n/e","31","356","11","n/e","n/e","n/e","n/e","n/e","n/e","n/e","n/e","n/e","n/e","n/e","224","44","165","73"
"BZN|DK2","01.06.2018 13:00 - 01.06.2018 14:00 (CET/CEST)","14","n/e","n/e","30","353","11","n/e","n/e","n/e","n/e","n/e","n/e","n/e","n/e","n/e","n/e","n/e","224","42","123","67"
"BZN|DK2","01.06.2018 14:00 - 01.06.2018 15:00 (CET/CEST)","13","n/e","n/e","30","367","10","n/e","n/e","n/e","n/e","n/e","n/e","n/e","n/e","n/e","n/e","n/e","214","38","129","70"
"BZN|DK2","01.06.2018 15:00 - 01.06.2018 16:00 (CET/CEST)","10","n/e","n/e","28","372","9","n/e","n/e","n/e","n/e","n/e","n/e","n/e","n/e","n/e","n/e","n/e","199","32","99","77"
"BZN|DK2","01.06.2018 16:00 - 01.06.2018 17:00 (CET/CEST)","10","n/e","n/e","31","378","11","n/e","n/e","n/e","n/e","n/e","n/e","n/e","n/e","n/e","n/e","n/e","173","37","102","67"
"BZN|DK2","01.06.2018 17:00 - 01.06.2018 18:00 (CET/CEST)","10","n/e","n/e","33","336","11","n/e","n/e","n/e","n/e","n/e","n/e","n/e","n/e","n/e","n/e","n/e","130","36","154","54"
"BZN|DK2","01.06.2018 18:00 - 01.06.2018 19:00 (CET/CEST)","10","n/e","n/e","32","338","10","n/e","n/e","n/e","n/e","n/e","n/e","n/e","n/e","n/e","n/e","n/e","78","35","204","54"
"BZN|DK2","01.06.2018 19:00 - 01.06.2018 20:00 (CET/CEST)","10","n/e","n/e","29","332","9","n/e","n/e","n/e","n/e","n/e","n/e","n/e","n/e","n/e","n/e","n/e","36","34","149","56"
"BZN|DK2","01.06.2018 20:00 - 01.06.2018 21:00 (CET/CEST)","10","n/e","n/e","31","341","11","n/e","n/e","n/e","n/e","n/e","n/e","n/e","n/e","n/e","n/e","n/e","12","31","83","54"
"BZN|DK2","01.06.2018 21:00 - 01.06.2018 22:00 (CET/CEST)","5","n/e","n/e","32","326","11","n/e","n/e","n/e","n/e","n/e","n/e","n/e","n/e","n/e","n/e","n/e","2","31","63","44"
"BZN|DK2","01.06.2018 22:00 - 01.06.2018 23:00 (CET/CEST)","4","n/e","n/e","32","315","11","n/e","n/e","n/e","n/e","n/e","n/e","n/e","n/e","n/e","n/e","n/e","0","31","32","40"
"BZN|DK2","01.06.2018 23:00 - 02.06.2018 00:00 (CET/CEST)","4","n/e","n/e","31","321","10","n/e","n/e","n/e","n/e","n/e","n/e","n/e","n/e","n/e","n/e","n/e","0","33","37","36"
"BZN|DK2","02.06.2018 00:00 - 02.06.2018 01:00 (CET/CEST)","4","n/e","n/e","31","211","10","n/e","n/e","n/e","n/e","n/e","n/e","n/e","n/e","n/e","n/e","n/e","0","33","41","31"
"BZN|DK2","02.06.2018 01:00 - 02.06.2018 02:00 (CET/CEST)","4","n/e","n/e","31","182","10","n/e","n/e","n/e","n/e","n/e","n/e","n/e","n/e","n/e","n/e","n/e","0","33","41","35"
"BZN|DK2","02.06.2018 02:00 - 02.06.2018 03:00 (CET/CEST)","4","n/e","n/e","31","190","10","n/e","n/e","n/e","n/e","n/e","n/e","n/e","n/e","n/e","n/e","n/e","0","34","23","48"
"BZN|DK2","02.06.2018 03:00 - 02.06.2018 04:00 (CET/CEST)","4","n/e","n/e","31","191","10","n/e","n/e","n/e","n/e","n/e","n/e","n/e","n/e","n/e","n/e","n/e","0","34","27","48"
"BZN|DK2","02.06.2018 04:00 - 02.06.2018 05:00 (CET/CEST)","4","n/e","n/e","31","189","10","n/e","n/e","n/e","n/e","n/e","n/e","n/e","n/e","n/e","n/e","n/e","0","35","33","35"
"BZN|DK2","02.06.2018 05:00 - 02.06.2018 06:00 (CET/CEST)","4","n/e","n/e","31","184","10","n/e","n/e","n/e","n/e","n/e","n/e","n/e","n/e","n/e","n/e","n/e","7","35","32","33"
"BZN|DK2","02.06.2018 06:00 - 02.06.2018 07:00 (CET/CEST)","3","n/e","n/e","31","185","10","n/e","n/e","n/e","n/e","n/e","n/e","n/e","n/e","n/e","n/e","n/e","26","35","31","35"
"BZN|DK2","02.06.2018 07:00 - 02.06.2018 08:00 (CET/CEST)","4","n/e","n/e","32","185","11","n/e","n/e","n/e","n/e","n/e","n/e","n/e","n/e","n/e","n/e","n/e","63","33","24","18"
"BZN|DK2","02.06.2018 08:00 - 02.06.2018 09:00 (CET/CEST)","4","n/e","n/e","35","224","12","n/e","n/e","n/e","n/e","n/e","n/e","n/e","n/e","n/e","n/e","n/e","113","32","2","7"
"BZN|DK2","02.06.2018 09:00 - 02.06.2018 10:00 (CET/CEST)","4","n/e","n/e","38","376","13","n/e","n/e","n/e","n/e","n/e","n/e","n/e","n/e","n/e","n/e","n/e","160","33","0","5"
"BZN|DK2","02.06.2018 10:00 - 02.06.2018 11:00 (CET/CEST)","4","n/e","n/e","39","393","12","n/e","n/e","n/e","n/e","n/e","n/e","n/e","n/e","n/e","n/e","n/e","197","33","0","6"
"BZN|DK2","02.06.2018 11:00 - 02.06.2018 12:00 (CET/CEST)","5","n/e","n/e","39","396","13","n/e","n/e","n/e","n/e","n/e","n/e","n/e","n/e","n/e","n/e","n/e","219","33","2","6"
"BZN|DK2","02.06.2018 12:00 - 02.06.2018 13:00 (CET/CEST)","4","n/e","n/e","39","316","13","n/e","n/e","n/e","n/e","n/e","n/e","n/e","n/e","n/e","n/e","n/e","227","34","4","6"
"BZN|DK2","02.06.2018 13:00 - 02.06.2018 14:00 (CET/CEST)","5","n/e","n/e","40","309","13","n/e","n/e","n/e","n/e","n/e","n/e","n/e","n/e","n/e","n/e","n/e","221","35","0","9"
"BZN|DK2","02.06.2018 14:00 - 02.06.2018 15:00 (CET/CEST)","5","n/e","n/e","40","278","14","n/e","n/e","n/e","n/e","n/e","n/e","n/e","n/e","n/e","n/e","n/e","215","37","0","12"
"BZN|DK2","02.06.2018 15:00 - 02.06.2018 16:00 (CET/CEST)","4","n/e","n/e","41","272","14","n/e","n/e","n/e","n/e","n/e","n/e","n/e","n/e","n/e","n/e","n/e","204","36","0","11"
"BZN|DK2","02.06.2018 16:00 - 02.06.2018 17:00 (CET/CEST)","5","n/e","n/e","40","268","14","n/e","n/e","n/e","n/e","n/e","n/e","n/e","n/e","n/e","n/e","n/e","174","39","0","15"
"BZN|DK2","02.06.2018 17:00 - 02.06.2018 18:00 (CET/CEST)","4","n/e","n/e","39","281","13","n/e","n/e","n/e","n/e","n/e","n/e","n/e","n/e","n/e","n/e","n/e","130","37","0","15"
"BZN|DK2","02.06.2018 18:00 - 02.06.2018 19:00 (CET/CEST)","4","n/e","n/e","37","228","12","n/e","n/e","n/e","n/e","n/e","n/e","n/e","n/e","n/e","n/e","n/e","80","36","0","12"
"BZN|DK2","02.06.2018 19:00 - 02.06.2018 20:00 (CET/CEST)","4","n/e","n/e","35","213","12","n/e","n/e","n/e","n/e","n/e","n/e","n/e","n/e","n/e","n/e","n/e","35","35","0","12"
"BZN|DK2","02.06.2018 20:00 - 02.06.2018 21:00 (CET/CEST)","4","n/e","n/e","33","260","11","n/e","n/e","n/e","n/e","n/e","n/e","n/e","n/e","n/e","n/e","n/e","12","42","0","10"
"BZN|DK2","02.06.2018 21:00 - 02.06.2018 22:00 (CET/CEST)","4","n/e","n/e","32","252","11","n/e","n/e","n/e","n/e","n/e","n/e","n/e","n/e","n/e","n/e","n/e","2","38","9","27"
"BZN|DK2","02.06.2018 22:00 - 02.06.2018 23:00 (CET/CEST)","4","n/e","n/e","31","195","10","n/e","n/e","n/e","n/e","n/e","n/e","n/e","n/e","n/e","n/e","n/e","0","37","85","46"
"BZN|DK2","02.06.2018 23:00 - 03.06.2018 00:00 (CET/CEST)","4","n/e","n/e","31","191","10","n/e","n/e","n/e","n/e","n/e","n/e","n/e","n/e","n/e","n/e","n/e","0","37","151","64"
"BZN|DK2","03.06.2018 00:00 - 03.06.2018 01:00 (CET/CEST)","4","n/e","n/e","31","196","10","n/e","n/e","n/e","n/e","n/e","n/e","n/e","n/e","n/e","n/e","n/e","0","41","169","61"
"BZN|DK2","03.06.2018 01:00 - 03.06.2018 02:00 (CET/CEST)","4","n/e","n/e","31","230","10","n/e","n/e","n/e","n/e","n/e","n/e","n/e","n/e","n/e","n/e","n/e","0","37","153","63"
"BZN|DK2","03.06.2018 02:00 - 03.06.2018 03:00 (CET/CEST)","4","n/e","n/e","31","209","10","n/e","n/e","n/e","n/e","n/e","n/e","n/e","n/e","n/e","n/e","n/e","0","38","140","55"
"BZN|DK2","03.06.2018 03:00 - 03.06.2018 04:00 (CET/CEST)","4","n/e","n/e","31","191","10","n/e","n/e","n/e","n/e","n/e","n/e","n/e","n/e","n/e","n/e","n/e","0","40","93","42"
"BZN|DK2","03.06.2018 04:00 - 03.06.2018 05:00 (CET/CEST)","4","n/e","n/e","31","191","10","n/e","n/e","n/e","n/e","n/e","n/e","n/e","n/e","n/e","n/e","n/e","0","38","65","39"
"BZN|DK2","03.06.2018 05:00 - 03.06.2018 06:00 (CET/CEST)","4","n/e","n/e","31","208","10","n/e","n/e","n/e","n/e","n/e","n/e","n/e","n/e","n/e","n/e","n/e","6","43","54","30"
"BZN|DK2","03.06.2018 06:00 - 03.06.2018 07:00 (CET/CEST)","4","n/e","n/e","31","196","10","n/e","n/e","n/e","n/e","n/e","n/e","n/e","n/e","n/e","n/e","n/e","21","41","62","30"
"BZN|DK2","03.06.2018 07:00 - 03.06.2018 08:00 (CET/CEST)","4","n/e","n/e","31","200","10","n/e","n/e","n/e","n/e","n/e","n/e","n/e","n/e","n/e","n/e","n/e","47","39","74","40"
"BZN|DK2","03.06.2018 08:00 - 03.06.2018 09:00 (CET/CEST)","3","n/e","n/e","31","200","11","n/e","n/e","n/e","n/e","n/e","n/e","n/e","n/e","n/e","n/e","n/e","84","42","55","44"
"BZN|DK2","03.06.2018 09:00 - 03.06.2018 10:00 (CET/CEST)","4","n/e","n/e","35","208","12","n/e","n/e","n/e","n/e","n/e","n/e","n/e","n/e","n/e","n/e","n/e","132","43","43","47"
"BZN|DK2","03.06.2018 10:00 - 03.06.2018 11:00 (CET/CEST)","4","n/e","n/e","37","232","12","n/e","n/e","n/e","n/e","n/e","n/e","n/e","n/e","n/e","n/e","n/e","191","42","34","44"
"BZN|DK2","03.06.2018 11:00 - 03.06.2018 12:00 (CET/CEST)","4","n/e","n/e","37","207","12","n/e","n/e","n/e","n/e","n/e","n/e","n/e","n/e","n/e","n/e","n/e","211","44","34","49"
"BZN|DK2","03.06.2018 12:00 - 03.06.2018 13:00 (CET/CEST)","7","n/e","n/e","36","202","11","n/e","n/e","n/e","n/e","n/e","n/e","n/e","n/e","n/e","n/e","n/e","216","42","49","66"
"BZN|DK2","03.06.2018 13:00 - 03.06.2018 14:00 (CET/CEST)","10","n/e","n/e","36","202","12","n/e","n/e","n/e","n/e","n/e","n/e","n/e","n/e","n/e","n/e","n/e","219","45","57","75"
"BZN|DK2","03.06.2018 14:00 - 03.06.2018 15:00 (CET/CEST)","13","n/e","n/e","39","211","13","n/e","n/e","n/e","n/e","n/e","n/e","n/e","n/e","n/e","n/e","n/e","214","46","52","81"
"BZN|DK2","03.06.2018 15:00 - 03.06.2018 16:00 (CET/CEST)","13","n/e","n/e","41","215","14","n/e","n/e","n/e","n/e","n/e","n/e","n/e","n/e","n/e","n/e","n/e","201","42","65","87"
"BZN|DK2","03.06.2018 16:00 - 03.06.2018 17:00 (CET/CEST)","13","n/e","n/e","40","209","13","n/e","n/e","n/e","n/e","n/e","n/e","n/e","n/e","n/e","n/e","n/e","172","43","82","112"
"BZN|DK2","03.06.2018 17:00 - 03.06.2018 18:00 (CET/CEST)","12","n/e","n/e","39","211","13","n/e","n/e","n/e","n/e","n/e","n/e","n/e","n/e","n/e","n/e","n/e","127","42","119","152"
"BZN|DK2","03.06.2018 18:00 - 03.06.2018 19:00 (CET/CEST)","6","n/e","n/e","38","206","12","n/e","n/e","n/e","n/e","n/e","n/e","n/e","n/e","n/e","n/e","n/e","76","43","188","171"
"BZN|DK2","03.06.2018 19:00 - 03.06.2018 20:00 (CET/CEST)","4","n/e","n/e","35","202","11","n/e","n/e","n/e","n/e","n/e","n/e","n/e","n/e","n/e","n/e","n/e","36","42","139","153"
"BZN|DK2","03.06.2018 20:00 - 03.06.2018 21:00 (CET/CEST)","4","n/e","n/e","34","225","11","n/e","n/e","n/e","n/e","n/e","n/e","n/e","n/e","n/e","n/e","n/e","13","40","98","120"
"BZN|DK2","03.06.2018 21:00 - 03.06.2018 22:00 (CET/CEST)","4","n/e","n/e","32","270","11","n/e","n/e","n/e","n/e","n/e","n/e","n/e","n/e","n/e","n/e","n/e","2","42","64","104"
"BZN|DK2","03.06.2018 22:00 - 03.06.2018 23:00 (CET/CEST)","4","n/e","n/e","56","360","11","n/e","n/e","n/e","n/e","n/e","n/e","n/e","n/e","n/e","n/e","n/e","0","41","41","97"
"BZN|DK2","03.06.2018 23:00 - 04.06.2018 00:00 (CET/CEST)","4","n/e","n/e","36","245","11","n/e","n/e","n/e","n/e","n/e","n/e","n/e","n/e","n/e","n/e","n/e","0","41","25","85"
"BZN|DK2","04.06.2018 00:00 - 04.06.2018 01:00 (CET/CEST)","4","n/e","n/e","32","215","11","n/e","n/e","n/e","n/e","n/e","n/e","n/e","n/e","n/e","n/e","n/e","0","40","19","87"
"BZN|DK2","04.06.2018 01:00 - 04.06.2018 02:00 (CET/CEST)","4","n/e","n/e","32","210","11","n/e","n/e","n/e","n/e","n/e","n/e","n/e","n/e","n/e","n/e","n/e","0","41","14","89"
"BZN|DK2","04.06.2018 02:00 - 04.06.2018 03:00 (CET/CEST)","4","n/e","n/e","32","215","11","n/e","n/e","n/e","n/e","n/e","n/e","n/e","n/e","n/e","n/e","n/e","0","42","30","103"
"BZN|DK2","04.06.2018 03:00 - 04.06.2018 04:00 (CET/CEST)","4","n/e","n/e","32","208","11","n/e","n/e","n/e","n/e","n/e","n/e","n/e","n/e","n/e","n/e","n/e","0","42","58","109"
"BZN|DK2","04.06.2018 04:00 - 04.06.2018 05:00 (CET/CEST)","4","n/e","n/e","32","228","11","n/e","n/e","n/e","n/e","n/e","n/e","n/e","n/e","n/e","n/e","n/e","0","41","74","119"
"BZN|DK2","04.06.2018 05:00 - 04.06.2018 06:00 (CET/CEST)","4","n/e","n/e","31","210","11","n/e","n/e","n/e","n/e","n/e","n/e","n/e","n/e","n/e","n/e","n/e","5","42","86","133"
"BZN|DK2","04.06.2018 06:00 - 04.06.2018 07:00 (CET/CEST)","10","n/e","n/e","32","232","10","n/e","n/e","n/e","n/e","n/e","n/e","n/e","n/e","n/e","n/e","n/e","18","42","115","140"
"BZN|DK2","04.06.2018 07:00 - 04.06.2018 08:00 (CET/CEST)","12","n/e","n/e","32","219","11","n/e","n/e","n/e","n/e","n/e","n/e","n/e","n/e","n/e","n/e","n/e","44","42","89","137"
"BZN|DK2","04.06.2018 08:00 - 04.06.2018 09:00 (CET/CEST)","12","n/e","n/e","33","238","11","n/e","n/e","n/e","n/e","n/e","n/e","n/e","n/e","n/e","n/e","n/e","85","42","100","147"
"BZN|DK2","04.06.2018 09:00 - 04.06.2018 10:00 (CET/CEST)","12","n/e","n/e","36","252","12","n/e","n/e","n/e","n/e","n/e","n/e","n/e","n/e","n/e","n/e","n/e","133","42","95","155"
"BZN|DK2","04.06.2018 10:00 - 04.06.2018 11:00 (CET/CEST)","12","n/e","n/e","40","229","13","n/e","n/e","n/e","n/e","n/e","n/e","n/e","n/e","n/e","n/e","n/e","182","43","140","192"
"BZN|DK2","04.06.2018 11:00 - 04.06.2018 12:00 (CET/CEST)","13","n/e","n/e","40","228","13","n/e","n/e","n/e","n/e","n/e","n/e","n/e","n/e","n/e","n/e","n/e","214","42","172","233"
"BZN|DK2","04.06.2018 12:00 - 04.06.2018 13:00 (CET/CEST)","14","n/e","n/e","40","241","13","n/e","n/e","n/e","n/e","n/e","n/e","n/e","n/e","n/e","n/e","n/e","228","44","156","249"
"BZN|DK2","04.06.2018 13:00 - 04.06.2018 14:00 (CET/CEST)","15","n/e","n/e","40","293","13","n/e","n/e","n/e","n/e","n/e","n/e","n/e","n/e","n/e","n/e","n/e","230","40","144","264"
"BZN|DK2","04.06.2018 14:00 - 04.06.2018 15:00 (CET/CEST)","16","n/e","n/e","42","247","14","n/e","n/e","n/e","n/e","n/e","n/e","n/e","n/e","n/e","n/e","n/e","222","36","175","284"
"BZN|DK2","04.06.2018 15:00 - 04.06.2018 16:00 (CET/CEST)","16","n/e","n/e","41","217","14","n/e","n/e","n/e","n/e","n/e","n/e","n/e","n/e","n/e","n/e","n/e","199","36","179","291"
"BZN|DK2","04.06.2018 16:00 - 04.06.2018 17:00 (CET/CEST)","8","n/e","n/e","44","212","13","n/e","n/e","n/e","n/e","n/e","n/e","n/e","n/e","n/e","n/e","n/e","179","37","148","281"
"BZN|DK2","04.06.2018 17:00 - 04.06.2018 18:00 (CET/CEST)","7","n/e","n/e","89","341","14","n/e","n/e","n/e","n/e","n/e","n/e","n/e","n/e","n/e","n/e","n/e","140","40","156","271"
"BZN|DK2","04.06.2018 18:00 - 04.06.2018 19:00 (CET/CEST)","7","n/e","n/e","112","363","15","n/e","n/e","n/e","n/e","n/e","n/e","n/e","n/e","n/e","n/e","n/e","89","40","200","263"
"BZN|DK2","04.06.2018 19:00 - 04.06.2018 20:00 (CET/CEST)","8","n/e","n/e","105","364","14","n/e","n/e","n/e","n/e","n/e","n/e","n/e","n/e","n/e","n/e","n/e","42","39","185","235"
"BZN|DK2","04.06.2018 20:00 - 04.06.2018 21:00 (CET/CEST)","7","n/e","n/e","92","368","13","n/e","n/e","n/e","n/e","n/e","n/e","n/e","n/e","n/e","n/e","n/e","14","38","186","222"
"BZN|DK2","04.06.2018 21:00 - 04.06.2018 22:00 (CET/CEST)","7","n/e","n/e","89","396","12","n/e","n/e","n/e","n/e","n/e","n/e","n/e","n/e","n/e","n/e","n/e","2","39","163","175"
"BZN|DK2","04.06.2018 22:00 - 04.06.2018 23:00 (CET/CEST)","7","n/e","n/e","52","359","11","n/e","n/e","n/e","n/e","n/e","n/e","n/e","n/e","n/e","n/e","n/e","0","38","237","140"
"BZN|DK2","04.06.2018 23:00 - 05.06.2018 00:00 (CET/CEST)","7","n/e","n/e","31","209","10","n/e","n/e","n/e","n/e","n/e","n/e","n/e","n/e","n/e","n/e","n/e","0","38","238","121"
"BZN|DK2","05.06.2018 00:00 - 05.06.2018 01:00 (CET/CEST)","7","n/e","n/e","31","201","10","n/e","n/e","n/e","n/e","n/e","n/e","n/e","n/e","n/e","n/e","n/e","0","38","185","111"
"BZN|DK2","05.06.2018 01:00 - 05.06.2018 02:00 (CET/CEST)","7","n/e","n/e","31","188","10","n/e","n/e","n/e","n/e","n/e","n/e","n/e","n/e","n/e","n/e","n/e","0","38","139","100"
"BZN|DK2","05.06.2018 02:00 - 05.06.2018 03:00 (CET/CEST)","7","n/e","n/e","31","197","10","n/e","n/e","n/e","n/e","n/e","n/e","n/e","n/e","n/e","n/e","n/e","0","38","91","84"
"BZN|DK2","05.06.2018 03:00 - 05.06.2018 04:00 (CET/CEST)","7","n/e","n/e","31","223","10","n/e","n/e","n/e","n/e","n/e","n/e","n/e","n/e","n/e","n/e","n/e","0","37","89","66"
"BZN|DK2","05.06.2018 04:00 - 05.06.2018 05:00 (CET/CEST)","6","n/e","n/e","31","202","10","n/e","n/e","n/e","n/e","n/e","n/e","n/e","n/e","n/e","n/e","n/e","0","38","80","72"
"BZN|DK2","05.06.2018 05:00 - 05.06.2018 06:00 (CET/CEST)","7","n/e","n/e","32","216","11","n/e","n/e","n/e","n/e","n/e","n/e","n/e","n/e","n/e","n/e","n/e","0","38","85","76"
"BZN|DK2","05.06.2018 06:00 - 05.06.2018 07:00 (CET/CEST)","7","n/e","n/e","33","269","11","n/e","n/e","n/e","n/e","n/e","n/e","n/e","n/e","n/e","n/e","n/e","0","38","61","74"
"BZN|DK2","05.06.2018 07:00 - 05.06.2018 08:00 (CET/CEST)","7","n/e","n/e","39","218","13","n/e","n/e","n/e","n/e","n/e","n/e","n/e","n/e","n/e","n/e","n/e","0","39","43","61"
"BZN|DK2","05.06.2018 08:00 - 05.06.2018 09:00 (CET/CEST)","8","n/e","n/e","40","253","13","n/e","n/e","n/e","n/e","n/e","n/e","n/e","n/e","n/e","n/e","n/e","69","39","26","71"
"BZN|DK2","05.06.2018 09:00 - 05.06.2018 10:00 (CET/CEST)","11","n/e","n/e","39","277","12","n/e","n/e","n/e","n/e","n/e","n/e","n/e","n/e","n/e","n/e","n/e","166","38","13","70"
"BZN|DK2","05.06.2018 10:00 - 05.06.2018 11:00 (CET/CEST)","15","n/e","n/e","40","284","13","n/e","n/e","n/e","n/e","n/e","n/e","n/e","n/e","n/e","n/e","n/e","202","37","4","70"
"BZN|DK2","05.06.2018 11:00 - 05.06.2018 12:00 (CET/CEST)","15","n/e","n/e","41","281","14","n/e","n/e","n/e","n/e","n/e","n/e","n/e","n/e","n/e","n/e","n/e","221","37","0","72"
"BZN|DK2","05.06.2018 12:00 - 05.06.2018 13:00 (CET/CEST)","14","n/e","n/e","40","275","13","n/e","n/e","n/e","n/e","n/e","n/e","n/e","n/e","n/e","n/e","n/e","230","39","7","67"
"BZN|DK2","05.06.2018 13:00 - 05.06.2018 14:00 (CET/CEST)","15","n/e","n/e","41","252","14","n/e","n/e","n/e","n/e","n/e","n/e","n/e","n/e","n/e","n/e","n/e","232","39","23","62"
"BZN|DK2","05.06.2018 14:00 - 05.06.2018 15:00 (CET/CEST)","15","n/e","n/e","41","343","13","n/e","n/e","n/e","n/e","n/e","n/e","n/e","n/e","n/e","n/e","n/e","222","38","13","45"
"BZN|DK2","05.06.2018 15:00 - 05.06.2018 16:00 (CET/CEST)","15","n/e","n/e","40","253","13","n/e","n/e","n/e","n/e","n/e","n/e","n/e","n/e","n/e","n/e","n/e","209","38","23","48"
"BZN|DK2","05.06.2018 16:00 - 05.06.2018 17:00 (CET/CEST)","14","n/e","n/e","42","276","14","n/e","n/e","n/e","n/e","n/e","n/e","n/e","n/e","n/e","n/e","n/e","185","40","28","44"
"BZN|DK2","05.06.2018 17:00 - 05.06.2018 18:00 (CET/CEST)","14","n/e","n/e","45","274","15","n/e","n/e","n/e","n/e","n/e","n/e","n/e","n/e","n/e","n/e","n/e","141","39","23","35"
"BZN|DK2","05.06.2018 18:00 - 05.06.2018 19:00 (CET/CEST)","6","n/e","n/e","46","287","14","n/e","n/e","n/e","n/e","n/e","n/e","n/e","n/e","n/e","n/e","n/e","86","39","8","26"
"BZN|DK2","05.06.2018 19:00 - 05.06.2018 20:00 (CET/CEST)","4","n/e","n/e","92","399","14","n/e","n/e","n/e","n/e","n/e","n/e","n/e","n/e","n/e","n/e","n/e","39","38","9","19"
"BZN|DK2","05.06.2018 20:00 - 05.06.2018 21:00 (CET/CEST)","4","n/e","n/e","93","390","13","n/e","n/e","n/e","n/e","n/e","n/e","n/e","n/e","n/e","n/e","n/e","13","37","15","16"
"BZN|DK2","05.06.2018 21:00 - 05.06.2018 22:00 (CET/CEST)","4","n/e","n/e","91","384","12","n/e","n/e","n/e","n/e","n/e","n/e","n/e","n/e","n/e","n/e","n/e","2","38","7","24"
"BZN|DK2","05.06.2018 22:00 - 05.06.2018 23:00 (CET/CEST)","4","n/e","n/e","57","384","12","n/e","n/e","n/e","n/e","n/e","n/e","n/e","n/e","n/e","n/e","n/e","0","38","1","37"
"BZN|DK2","05.06.2018 23:00 - 06.06.2018 00:00 (CET/CEST)","4","n/e","n/e","32","325","11","n/e","n/e","n/e","n/e","n/e","n/e","n/e","n/e","n/e","n/e","n/e","0","37","1","48"
"BZN|DK2","06.06.2018 00:00 - 06.06.2018 01:00 (CET/CEST)","4","n/e","n/e","32","250","11","n/e","n/e","n/e","n/e","n/e","n/e","n/e","n/e","n/e","n/e","n/e","0","36","11","67"
"BZN|DK2","06.06.2018 01:00 - 06.06.2018 02:00 (CET/CEST)","4","n/e","n/e","32","243","11","n/e","n/e","n/e","n/e","n/e","n/e","n/e","n/e","n/e","n/e","n/e","0","36","45","80"
"BZN|DK2","06.06.2018 02:00 - 06.06.2018 03:00 (CET/CEST)","4","n/e","n/e","32","200","11","n/e","n/e","n/e","n/e","n/e","n/e","n/e","n/e","n/e","n/e","n/e","0","37","80","116"
"BZN|DK2","06.06.2018 03:00 - 06.06.2018 04:00 (CET/CEST)","4","n/e","n/e","32","195","11","n/e","n/e","n/e","n/e","n/e","n/e","n/e","n/e","n/e","n/e","n/e","0","37","68","128"
"BZN|DK2","06.06.2018 04:00 - 06.06.2018 05:00 (CET/CEST)","4","n/e","n/e","31","193","10","n/e","n/e","n/e","n/e","n/e","n/e","n/e","n/e","n/e","n/e","n/e","0","38","69","125"
"BZN|DK2","06.06.2018 05:00 - 06.06.2018 06:00 (CET/CEST)","4","n/e","n/e","32","217","10","n/e","n/e","n/e","n/e","n/e","n/e","n/e","n/e","n/e","n/e","n/e","7","38","56","128"
"BZN|DK2","06.06.2018 06:00 - 06.06.2018 07:00 (CET/CEST)","9","n/e","n/e","32","274","11","n/e","n/e","n/e","n/e","n/e","n/e","n/e","n/e","n/e","n/e","n/e","27","38","66","95"
"BZN|DK2","06.06.2018 07:00 - 06.06.2018 08:00 (CET/CEST)","13","n/e","n/e","38","292","13","n/e","n/e","n/e","n/e","n/e","n/e","n/e","n/e","n/e","n/e","n/e","64","40","86","109"
"BZN|DK2","06.06.2018 08:00 - 06.06.2018 09:00 (CET/CEST)","12","n/e","n/e","41","355","14","n/e","n/e","n/e","n/e","n/e","n/e","n/e","n/e","n/e","n/e","n/e","115","48","78","119"
"BZN|DK2","06.06.2018 09:00 - 06.06.2018 10:00 (CET/CEST)","11","n/e","n/e","44","309","13","n/e","n/e","n/e","n/e","n/e","n/e","n/e","n/e","n/e","n/e","n/e","166","49","48","101"
"BZN|DK2","06.06.2018 10:00 - 06.06.2018 11:00 (CET/CEST)","11","n/e","n/e","45","295","14","n/e","n/e","n/e","n/e","n/e","n/e","n/e","n/e","n/e","n/e","n/e","207","52","47","90"
"BZN|DK2","06.06.2018 11:00 - 06.06.2018 12:00 (CET/CEST)","10","n/e","n/e","44","289","14","n/e","n/e","n/e","n/e","n/e","n/e","n/e","n/e","n/e","n/e","n/e","233","50","53","82"
"BZN|DK2","06.06.2018 12:00 - 06.06.2018 13:00 (CET/CEST)","10","n/e","n/e","34","211","12","n/e","n/e","n/e","n/e","n/e","n/e","n/e","n/e","n/e","n/e","n/e","244","52","64","92"
"BZN|DK2","06.06.2018 13:00 - 06.06.2018 14:00 (CET/CEST)","11","n/e","n/e","43","287","14","n/e","n/e","n/e","n/e","n/e","n/e","n/e","n/e","n/e","n/e","n/e","244","53","67","98"
"BZN|DK2","06.06.2018 14:00 - 06.06.2018 15:00 (CET/CEST)","11","n/e","n/e","43","304","14","n/e","n/e","n/e","n/e","n/e","n/e","n/e","n/e","n/e","n/e","n/e","230","54","62","83"
"BZN|DK2","06.06.2018 15:00 - 06.06.2018 16:00 (CET/CEST)","7","n/e","n/e","44","241","15","n/e","n/e","n/e","n/e","n/e","n/e","n/e","n/e","n/e","n/e","n/e","214","53","58","77"
"BZN|DK2","06.06.2018 16:00 - 06.06.2018 17:00 (CET/CEST)","4","n/e","n/e","43","250","15","n/e","n/e","n/e","n/e","n/e","n/e","n/e","n/e","n/e","n/e","n/e","184","53","103","66"
"BZN|DK2","06.06.2018 17:00 - 06.06.2018 18:00 (CET/CEST)","4","n/e","n/e","45","311","15","n/e","n/e","n/e","n/e","n/e","n/e","n/e","n/e","n/e","n/e","n/e","143","52","133","65"
"BZN|DK2","06.06.2018 18:00 - 06.06.2018 19:00 (CET/CEST)","4","n/e","n/e","46","328","15","n/e","n/e","n/e","n/e","n/e","n/e","n/e","n/e","n/e","n/e","n/e","88","52","137","71"
"BZN|DK2","06.06.2018 19:00 - 06.06.2018 20:00 (CET/CEST)","4","n/e","n/e","59","370","15","n/e","n/e","n/e","n/e","n/e","n/e","n/e","n/e","n/e","n/e","n/e","42","49","129","78"
"BZN|DK2","06.06.2018 20:00 - 06.06.2018 21:00 (CET/CEST)","5","n/e","n/e","100","398","14","n/e","n/e","n/e","n/e","n/e","n/e","n/e","n/e","n/e","n/e","n/e","14","49","121","79"
"BZN|DK2","06.06.2018 21:00 - 06.06.2018 22:00 (CET/CEST)","4","n/e","n/e","104","382","13","n/e","n/e","n/e","n/e","n/e","n/e","n/e","n/e","n/e","n/e","n/e","2","47","113","96"
"BZN|DK2","06.06.2018 22:00 - 06.06.2018 23:00 (CET/CEST)","4","n/e","n/e","43","382","12","n/e","n/e","n/e","n/e","n/e","n/e","n/e","n/e","n/e","n/e","n/e","0","45","136","120"
"BZN|DK2","06.06.2018 23:00 - 07.06.2018 00:00 (CET/CEST)","4","n/e","n/e","36","323","12","n/e","n/e","n/e","n/e","n/e","n/e","n/e","n/e","n/e","n/e","n/e","0","45","134","126"
"BZN|DK2","07.06.2018 00:00 - 07.06.2018 01:00 (CET/CEST)","4","n/e","n/e","36","248","12","n/e","n/e","n/e","n/e","n/e","n/e","n/e","n/e","n/e","n/e","n/e","0","45","128","121"
"BZN|DK2","07.06.2018 01:00 - 07.06.2018 02:00 (CET/CEST)","4","n/e","n/e","36","197","12","n/e","n/e","n/e","n/e","n/e","n/e","n/e","n/e","n/e","n/e","n/e","0","42","121","127"
"BZN|DK2","07.06.2018 02:00 - 07.06.2018 03:00 (CET/CEST)","4","n/e","n/e","36","196","12","n/e","n/e","n/e","n/e","n/e","n/e","n/e","n/e","n/e","n/e","n/e","0","40","120","133"
"BZN|DK2","07.06.2018 03:00 - 07.06.2018 04:00 (CET/CEST)","4","n/e","n/e","36","194","12","n/e","n/e","n/e","n/e","n/e","n/e","n/e","n/e","n/e","n/e","n/e","0","49","95","128"
"BZN|DK2","07.06.2018 04:00 - 07.06.2018 05:00 (CET/CEST)","4","n/e","n/e","36","194","12","n/e","n/e","n/e","n/e","n/e","n/e","n/e","n/e","n/e","n/e","n/e","0","58","105","108"
"BZN|DK2","07.06.2018 05:00 - 07.06.2018 06:00 (CET/CEST)","4","n/e","n/e","36","202","12","n/e","n/e","n/e","n/e","n/e","n/e","n/e","n/e","n/e","n/e","n/e","7","59","89","103"
"BZN|DK2","07.06.2018 06:00 - 07.06.2018 07:00 (CET/CEST)","4","n/e","n/e","37","250","12","n/e","n/e","n/e","n/e","n/e","n/e","n/e","n/e","n/e","n/e","n/e","27","59","71","83"
"BZN|DK2","07.06.2018 07:00 - 07.06.2018 08:00 (CET/CEST)","11","n/e","n/e","42","297","14","n/e","n/e","n/e","n/e","n/e","n/e","n/e","n/e","n/e","n/e","n/e","64","60","68","58"
"BZN|DK2","07.06.2018 08:00 - 07.06.2018 09:00 (CET/CEST)","13","n/e","n/e","42","320","13","n/e","n/e","n/e","n/e","n/e","n/e","n/e","n/e","n/e","n/e","n/e","116","59","59","63"
"BZN|DK2","07.06.2018 09:00 - 07.06.2018 10:00 (CET/CEST)","13","n/e","n/e","42","353","14","n/e","n/e","n/e","n/e","n/e","n/e","n/e","n/e","n/e","n/e","n/e","165","59","39","71"
"BZN|DK2","07.06.2018 10:00 - 07.06.2018 11:00 (CET/CEST)","12","n/e","n/e","30","340","35","n/e","n/e","n/e","n/e","n/e","n/e","n/e","n/e","n/e","n/e","n/e","202","58","37","95"
"BZN|DK2","07.06.2018 11:00 - 07.06.2018 12:00 (CET/CEST)","12","n/e","n/e","22","273","8","n/e","n/e","n/e","n/e","n/e","n/e","n/e","n/e","n/e","n/e","n/e","225","56","49","121"
"BZN|DK2","07.06.2018 12:00 - 07.06.2018 13:00 (CET/CEST)","5","n/e","n/e","24","230","9","n/e","n/e","n/e","n/e","n/e","n/e","n/e","n/e","n/e","n/e","n/e","234","56","42","112"
"BZN|DK2","07.06.2018 13:00 - 07.06.2018 14:00 (CET/CEST)","3","n/e","n/e","29","238","10","n/e","n/e","n/e","n/e","n/e","n/e","n/e","n/e","n/e","n/e","n/e","234","56","40","101"
"BZN|DK2","07.06.2018 14:00 - 07.06.2018 15:00 (CET/CEST)","3","n/e","n/e","33","248","11","n/e","n/e","n/e","n/e","n/e","n/e","n/e","n/e","n/e","n/e","n/e","228","55","41","88"
"BZN|DK2","07.06.2018 15:00 - 07.06.2018 16:00 (CET/CEST)","4","n/e","n/e","39","266","13","n/e","n/e","n/e","n/e","n/e","n/e","n/e","n/e","n/e","n/e","n/e","213","55","71","71"
"BZN|DK2","07.06.2018 16:00 - 07.06.2018 17:00 (CET/CEST)","4","n/e","n/e","40","265","14","n/e","n/e","n/e","n/e","n/e","n/e","n/e","n/e","n/e","n/e","n/e","185","58","74","52"
"BZN|DK2","07.06.2018 17:00 - 07.06.2018 18:00 (CET/CEST)","4","n/e","n/e","44","273","15","n/e","n/e","n/e","n/e","n/e","n/e","n/e","n/e","n/e","n/e","n/e","145","56","95","45"
"BZN|DK2","07.06.2018 18:00 - 07.06.2018 19:00 (CET/CEST)","4","n/e","n/e","42","261","14","n/e","n/e","n/e","n/e","n/e","n/e","n/e","n/e","n/e","n/e","n/e","93","56","96","48"
"BZN|DK2","07.06.2018 19:00 - 07.06.2018 20:00 (CET/CEST)","4","n/e","n/e","40","281","13","n/e","n/e","n/e","n/e","n/e","n/e","n/e","n/e","n/e","n/e","n/e","43","56","81","42"
"BZN|DK2","07.06.2018 20:00 - 07.06.2018 21:00 (CET/CEST)","4","n/e","n/e","36","232","12","n/e","n/e","n/e","n/e","n/e","n/e","n/e","n/e","n/e","n/e","n/e","15","55","62","36"
"BZN|DK2","07.06.2018 21:00 - 07.06.2018 22:00 (CET/CEST)","4","n/e","n/e","32","226","11","n/e","n/e","n/e","n/e","n/e","n/e","n/e","n/e","n/e","n/e","n/e","2","56","59","38"
"BZN|DK2","07.06.2018 22:00 - 07.06.2018 23:00 (CET/CEST)","4","n/e","n/e","32","255","11","n/e","n/e","n/e","n/e","n/e","n/e","n/e","n/e","n/e","n/e","n/e","0","55","70","50"
"BZN|DK2","07.06.2018 23:00 - 08.06.2018 00:00 (CET/CEST)","4","n/e","n/e","32","226","11","n/e","n/e","n/e","n/e","n/e","n/e","n/e","n/e","n/e","n/e","n/e","0","55","66","49"
"BZN|DK2","08.06.2018 00:00 - 08.06.2018 01:00 (CET/CEST)","4","n/e","n/e","32","204","11","n/e","n/e","n/e","n/e","n/e","n/e","n/e","n/e","n/e","n/e","n/e","0","53","63","51"
"BZN|DK2","08.06.2018 01:00 - 08.06.2018 02:00 (CET/CEST)","4","n/e","n/e","33","205","11","n/e","n/e","n/e","n/e","n/e","n/e","n/e","n/e","n/e","n/e","n/e","0","53","33","34"
"BZN|DK2","08.06.2018 02:00 - 08.06.2018 03:00 (CET/CEST)","4","n/e","n/e","34","207","11","n/e","n/e","n/e","n/e","n/e","n/e","n/e","n/e","n/e","n/e","n/e","0","53","16","18"
"BZN|DK2","08.06.2018 03:00 - 08.06.2018 04:00 (CET/CEST)","4","n/e","n/e","35","212","12","n/e","n/e","n/e","n/e","n/e","n/e","n/e","n/e","n/e","n/e","n/e","0","49","4","9"
"BZN|DK2","08.06.2018 04:00 - 08.06.2018 05:00 (CET/CEST)","4","n/e","n/e","36","209","12","n/e","n/e","n/e","n/e","n/e","n/e","n/e","n/e","n/e","n/e","n/e","0","50","1","8"
"BZN|DK2","08.06.2018 05:00 - 08.06.2018 06:00 (CET/CEST)","4","n/e","n/e","36","211","11","n/e","n/e","n/e","n/e","n/e","n/e","n/e","n/e","n/e","n/e","n/e","7","50","0","7"
"BZN|DK2","08.06.2018 06:00 - 08.06.2018 07:00 (CET/CEST)","8","n/e","n/e","36","271","12","n/e","n/e","n/e","n/e","n/e","n/e","n/e","n/e","n/e","n/e","n/e","27","50","0","5"
"BZN|DK2","08.06.2018 07:00 - 08.06.2018 08:00 (CET/CEST)","13","n/e","n/e","43","344","14","n/e","n/e","n/e","n/e","n/e","n/e","n/e","n/e","n/e","n/e","n/e","63","52","1","4"
"BZN|DK2","08.06.2018 08:00 - 08.06.2018 09:00 (CET/CEST)","13","n/e","n/e","55","379","15","n/e","n/e","n/e","n/e","n/e","n/e","n/e","n/e","n/e","n/e","n/e","112","51","0","4"
"BZN|DK2","08.06.2018 09:00 - 08.06.2018 10:00 (CET/CEST)","13","n/e","n/e","47","361","15","n/e","n/e","n/e","n/e","n/e","n/e","n/e","n/e","n/e","n/e","n/e","157","48","0","6"
"BZN|DK2","08.06.2018 10:00 - 08.06.2018 11:00 (CET/CEST)","13","n/e","n/e","57","374","15","n/e","n/e","n/e","n/e","n/e","n/e","n/e","n/e","n/e","n/e","n/e","190","48","1","6"
"BZN|DK2","08.06.2018 11:00 - 08.06.2018 12:00 (CET/CEST)","13","n/e","n/e","57","322","15","n/e","n/e","n/e","n/e","n/e","n/e","n/e","n/e","n/e","n/e","n/e","213","45","1","6"
"BZN|DK2","08.06.2018 12:00 - 08.06.2018 13:00 (CET/CEST)","13","n/e","n/e","44","286","15","n/e","n/e","n/e","n/e","n/e","n/e","n/e","n/e","n/e","n/e","n/e","224","35","3","9"
"BZN|DK2","08.06.2018 13:00 - 08.06.2018 14:00 (CET/CEST)","13","n/e","n/e","51","283","16","n/e","n/e","n/e","n/e","n/e","n/e","n/e","n/e","n/e","n/e","n/e","228","34","23","22"
"BZN|DK2","08.06.2018 14:00 - 08.06.2018 15:00 (CET/CEST)","13","n/e","n/e","45","281","15","n/e","n/e","n/e","n/e","n/e","n/e","n/e","n/e","n/e","n/e","n/e","220","31","72","42"
"BZN|DK2","08.06.2018 15:00 - 08.06.2018 16:00 (CET/CEST)","13","n/e","n/e","45","263","15","n/e","n/e","n/e","n/e","n/e","n/e","n/e","n/e","n/e","n/e","n/e","202","32","129","58"
"BZN|DK2","08.06.2018 16:00 - 08.06.2018 17:00 (CET/CEST)","13","n/e","n/e","42","247","14","n/e","n/e","n/e","n/e","n/e","n/e","n/e","n/e","n/e","n/e","n/e","171","32","166","69"
"BZN|DK2","08.06.2018 17:00 - 08.06.2018 18:00 (CET/CEST)","13","n/e","n/e","42","238","14","n/e","n/e","n/e","n/e","n/e","n/e","n/e","n/e","n/e","n/e","n/e","125","33","204","81"
"BZN|DK2","08.06.2018 18:00 - 08.06.2018 19:00 (CET/CEST)","14","n/e","n/e","38","235","13","n/e","n/e","n/e","n/e","n/e","n/e","n/e","n/e","n/e","n/e","n/e","74","45","221","71"
"BZN|DK2","08.06.2018 19:00 - 08.06.2018 20:00 (CET/CEST)","13","n/e","n/e","37","220","13","n/e","n/e","n/e","n/e","n/e","n/e","n/e","n/e","n/e","n/e","n/e","35","46","177","58"
"BZN|DK2","08.06.2018 20:00 - 08.06.2018 21:00 (CET/CEST)","14","n/e","n/e","35","181","12","n/e","n/e","n/e","n/e","n/e","n/e","n/e","n/e","n/e","n/e","n/e","14","45","127","42"
"BZN|DK2","08.06.2018 21:00 - 08.06.2018 22:00 (CET/CEST)","14","n/e","n/e","33","151","11","n/e","n/e","n/e","n/e","n/e","n/e","n/e","n/e","n/e","n/e","n/e","2","47","109","36"
"BZN|DK2","08.06.2018 22:00 - 08.06.2018 23:00 (CET/CEST)","5","n/e","n/e","33","157","11","n/e","n/e","n/e","n/e","n/e","n/e","n/e","n/e","n/e","n/e","n/e","0","45","96","44"
"BZN|DK2","08.06.2018 23:00 - 09.06.2018 00:00 (CET/CEST)","4","n/e","n/e","33","157","11","n/e","n/e","n/e","n/e","n/e","n/e","n/e","n/e","n/e","n/e","n/e","0","45","100","47"
"BZN|DK2","09.06.2018 00:00 - 09.06.2018 01:00 (CET/CEST)","4","n/e","n/e","32","123","11","n/e","n/e","n/e","n/e","n/e","n/e","n/e","n/e","n/e","n/e","n/e","0","46","108","58"
"BZN|DK2","09.06.2018 01:00 - 09.06.2018 02:00 (CET/CEST)","4","n/e","n/e","32","156","11","n/e","n/e","n/e","n/e","n/e","n/e","n/e","n/e","n/e","n/e","n/e","0","45","70","49"
"BZN|DK2","09.06.2018 02:00 - 09.06.2018 03:00 (CET/CEST)","4","n/e","n/e","32","171","11","n/e","n/e","n/e","n/e","n/e","n/e","n/e","n/e","n/e","n/e","n/e","0","44","47","34"
"BZN|DK2","09.06.2018 03:00 - 09.06.2018 04:00 (CET/CEST)","4","n/e","n/e","32","163","11","n/e","n/e","n/e","n/e","n/e","n/e","n/e","n/e","n/e","n/e","n/e","0","45","30","28"
"BZN|DK2","09.06.2018 04:00 - 09.06.2018 05:00 (CET/CEST)","4","n/e","n/e","32","139","11","n/e","n/e","n/e","n/e","n/e","n/e","n/e","n/e","n/e","n/e","n/e","0","44","30","47"
"BZN|DK2","09.06.2018 05:00 - 09.06.2018 06:00 (CET/CEST)","4","n/e","n/e","32","124","11","n/e","n/e","n/e","n/e","n/e","n/e","n/e","n/e","n/e","n/e","n/e","8","45","27","64"
"BZN|DK2","09.06.2018 06:00 - 09.06.2018 07:00 (CET/CEST)","3","n/e","n/e","33","149","11","n/e","n/e","n/e","n/e","n/e","n/e","n/e","n/e","n/e","n/e","n/e","29","44","40","68"
"BZN|DK2","09.06.2018 07:00 - 09.06.2018 08:00 (CET/CEST)","4","n/e","n/e","33","135","11","n/e","n/e","n/e","n/e","n/e","n/e","n/e","n/e","n/e","n/e","n/e","62","46","55","51"
"BZN|DK2","09.06.2018 08:00 - 09.06.2018 09:00 (CET/CEST)","4","n/e","n/e","38","170","12","n/e","n/e","n/e","n/e","n/e","n/e","n/e","n/e","n/e","n/e","n/e","110","45","78","37"
"BZN|DK2","09.06.2018 09:00 - 09.06.2018 10:00 (CET/CEST)","4","n/e","n/e","39","161","13","n/e","n/e","n/e","n/e","n/e","n/e","n/e","n/e","n/e","n/e","n/e","158","46","48","27"
"BZN|DK2","09.06.2018 10:00 - 09.06.2018 11:00 (CET/CEST)","4","n/e","n/e","40","162","13","n/e","n/e","n/e","n/e","n/e","n/e","n/e","n/e","n/e","n/e","n/e","192","45","27","21"
"BZN|DK2","09.06.2018 11:00 - 09.06.2018 12:00 (CET/CEST)","5","n/e","n/e","41","165","14","n/e","n/e","n/e","n/e","n/e","n/e","n/e","n/e","n/e","n/e","n/e","213","46","32","17"
"BZN|DK2","09.06.2018 12:00 - 09.06.2018 13:00 (CET/CEST)","5","n/e","n/e","41","165","14","n/e","n/e","n/e","n/e","n/e","n/e","n/e","n/e","n/e","n/e","n/e","222","46","34","18"
"BZN|DK2","09.06.2018 13:00 - 09.06.2018 14:00 (CET/CEST)","5","n/e","n/e","40","135","14","n/e","n/e","n/e","n/e","n/e","n/e","n/e","n/e","n/e","n/e","n/e","225","46","34","22"
"BZN|DK2","09.06.2018 14:00 - 09.06.2018 15:00 (CET/CEST)","5","n/e","n/e","40","148","13","n/e","n/e","n/e","n/e","n/e","n/e","n/e","n/e","n/e","n/e","n/e","211","48","29","26"
"BZN|DK2","09.06.2018 15:00 - 09.06.2018 16:00 (CET/CEST)","4","n/e","n/e","34","126","12","n/e","n/e","n/e","n/e","n/e","n/e","n/e","n/e","n/e","n/e","n/e","182","48","22","23"
"BZN|DK2","09.06.2018 16:00 - 09.06.2018 17:00 (CET/CEST)","4","n/e","n/e","37","157","12","n/e","n/e","n/e","n/e","n/e","n/e","n/e","n/e","n/e","n/e","n/e","140","49","28","23"
"BZN|DK2","09.06.2018 17:00 - 09.06.2018 18:00 (CET/CEST)","4","n/e","n/e","37","159","12","n/e","n/e","n/e","n/e","n/e","n/e","n/e","n/e","n/e","n/e","n/e","100","49","31","26"
"BZN|DK2","09.06.2018 18:00 - 09.06.2018 19:00 (CET/CEST)","4","n/e","n/e","34","146","11","n/e","n/e","n/e","n/e","n/e","n/e","n/e","n/e","n/e","n/e","n/e","67","48","35","26"
"BZN|DK2","09.06.2018 19:00 - 09.06.2018 20:00 (CET/CEST)","3","n/e","n/e","29","144","10","n/e","n/e","n/e","n/e","n/e","n/e","n/e","n/e","n/e","n/e","n/e","36","48","44","27"
"BZN|DK2","09.06.2018 20:00 - 09.06.2018 21:00 (CET/CEST)","4","n/e","n/e","29","139","10","n/e","n/e","n/e","n/e","n/e","n/e","n/e","n/e","n/e","n/e","n/e","15","47","40","26"
"BZN|DK2","09.06.2018 21:00 - 09.06.2018 22:00 (CET/CEST)","4","n/e","n/e","28","138","10","n/e","n/e","n/e","n/e","n/e","n/e","n/e","n/e","n/e","n/e","n/e","2","48","31","29"
"BZN|DK2","09.06.2018 22:00 - 09.06.2018 23:00 (CET/CEST)","4","n/e","n/e","28","139","9","n/e","n/e","n/e","n/e","n/e","n/e","n/e","n/e","n/e","n/e","n/e","0","47","21","29"
"BZN|DK2","09.06.2018 23:00 - 10.06.2018 00:00 (CET/CEST)","4","n/e","n/e","28","135","10","n/e","n/e","n/e","n/e","n/e","n/e","n/e","n/e","n/e","n/e","n/e","0","47","23","27"
"BZN|DK2","10.06.2018 00:00 - 10.06.2018 01:00 (CET/CEST)","4","n/e","n/e","28","102","9","n/e","n/e","n/e","n/e","n/e","n/e","n/e","n/e","n/e","n/e","n/e","0","47","16","23"
"BZN|DK2","10.06.2018 01:00 - 10.06.2018 02:00 (CET/CEST)","4","n/e","n/e","28","70","9","n/e","n/e","n/e","n/e","n/e","n/e","n/e","n/e","n/e","n/e","n/e","0","48","19","15"
"BZN|DK2","10.06.2018 02:00 - 10.06.2018 03:00 (CET/CEST)","4","n/e","n/e","28","67","9","n/e","n/e","n/e","n/e","n/e","n/e","n/e","n/e","n/e","n/e","n/e","0","47","18","14"
"BZN|DK2","10.06.2018 03:00 - 10.06.2018 04:00 (CET/CEST)","4","n/e","n/e","28","69","9","n/e","n/e","n/e","n/e","n/e","n/e","n/e","n/e","n/e","n/e","n/e","0","48","22","19"
"BZN|DK2","10.06.2018 04:00 - 10.06.2018 05:00 (CET/CEST)","4","n/e","n/e","28","77","9","n/e","n/e","n/e","n/e","n/e","n/e","n/e","n/e","n/e","n/e","n/e","0","47","14","21"
"BZN|DK2","10.06.2018 05:00 - 10.06.2018 06:00 (CET/CEST)","4","n/e","n/e","28","76","10","n/e","n/e","n/e","n/e","n/e","n/e","n/e","n/e","n/e","n/e","n/e","5","48","12","16"
"BZN|DK2","10.06.2018 06:00 - 10.06.2018 07:00 (CET/CEST)","4","n/e","n/e","29","80","10","n/e","n/e","n/e","n/e","n/e","n/e","n/e","n/e","n/e","n/e","n/e","22","47","25","15"
"BZN|DK2","10.06.2018 07:00 - 10.06.2018 08:00 (CET/CEST)","4","n/e","n/e","29","111","10","n/e","n/e","n/e","n/e","n/e","n/e","n/e","n/e","n/e","n/e","n/e","49","48","20","12"
"BZN|DK2","10.06.2018 08:00 - 10.06.2018 09:00 (CET/CEST)","3","n/e","n/e","30","117","10","n/e","n/e","n/e","n/e","n/e","n/e","n/e","n/e","n/e","n/e","n/e","77","48","24","6"
"BZN|DK2","10.06.2018 09:00 - 10.06.2018 10:00 (CET/CEST)","4","n/e","n/e","29","105","10","n/e","n/e","n/e","n/e","n/e","n/e","n/e","n/e","n/e","n/e","n/e","103","48","7","6"
"BZN|DK2","10.06.2018 10:00 - 10.06.2018 11:00 (CET/CEST)","4","n/e","n/e","32","114","11","n/e","n/e","n/e","n/e","n/e","n/e","n/e","n/e","n/e","n/e","n/e","141","48","1","8"
"BZN|DK2","10.06.2018 11:00 - 10.06.2018 12:00 (CET/CEST)","4","n/e","n/e","32","115","11","n/e","n/e","n/e","n/e","n/e","n/e","n/e","n/e","n/e","n/e","n/e","159","49","2","8"
"BZN|DK2","10.06.2018 12:00 - 10.06.2018 13:00 (CET/CEST)","3","n/e","n/e","22","123","7","n/e","n/e","n/e","n/e","n/e","n/e","n/e","n/e","n/e","n/e","n/e","136","48","1","28"
"BZN|DK2","10.06.2018 13:00 - 10.06.2018 14:00 (CET/CEST)","4","n/e","n/e","26","140","9","n/e","n/e","n/e","n/e","n/e","n/e","n/e","n/e","n/e","n/e","n/e","111","48","18","67"
"BZN|DK2","10.06.2018 14:00 - 10.06.2018 15:00 (CET/CEST)","4","n/e","n/e","28","153","10","n/e","n/e","n/e","n/e","n/e","n/e","n/e","n/e","n/e","n/e","n/e","104","48","64","104"
"BZN|DK2","10.06.2018 15:00 - 10.06.2018 16:00 (CET/CEST)","4","n/e","n/e","29","122","9","n/e","n/e","n/e","n/e","n/e","n/e","n/e","n/e","n/e","n/e","n/e","107","49","113","128"
"BZN|DK2","10.06.2018 16:00 - 10.06.2018 17:00 (CET/CEST)","5","n/e","n/e","28","101","10","n/e","n/e","n/e","n/e","n/e","n/e","n/e","n/e","n/e","n/e","n/e","71","48","104","91"
"BZN|DK2","10.06.2018 17:00 - 10.06.2018 18:00 (CET/CEST)","9","n/e","n/e","29","109","9","n/e","n/e","n/e","n/e","n/e","n/e","n/e","n/e","n/e","n/e","n/e","47","48","14","49"
"BZN|DK2","10.06.2018 18:00 - 10.06.2018 19:00 (CET/CEST)","11","n/e","n/e","35","132","12","n/e","n/e","n/e","n/e","n/e","n/e","n/e","n/e","n/e","n/e","n/e","21","49","6","32"
"BZN|DK2","10.06.2018 19:00 - 10.06.2018 20:00 (CET/CEST)","10","n/e","n/e","31","129","10","n/e","n/e","n/e","n/e","n/e","n/e","n/e","n/e","n/e","n/e","n/e","16","48","44","29"
"BZN|DK2","10.06.2018 20:00 - 10.06.2018 21:00 (CET/CEST)","10","n/e","n/e","30","105","10","n/e","n/e","n/e","n/e","n/e","n/e","n/e","n/e","n/e","n/e","n/e","10","48","95","25"
"BZN|DK2","10.06.2018 21:00 - 10.06.2018 22:00 (CET/CEST)","5","n/e","n/e","28","118","10","n/e","n/e","n/e","n/e","n/e","n/e","n/e","n/e","n/e","n/e","n/e","2","47","59","50"
"BZN|DK2","10.06.2018 22:00 - 10.06.2018 23:00 (CET/CEST)","4","n/e","n/e","28","126","9","n/e","n/e","n/e","n/e","n/e","n/e","n/e","n/e","n/e","n/e","n/e","0","47","60","114"
"BZN|DK2","10.06.2018 23:00 - 11.06.2018 00:00 (CET/CEST)","4","n/e","n/e","28","132","9","n/e","n/e","n/e","n/e","n/e","n/e","n/e","n/e","n/e","n/e","n/e","0","47","99","102"
"BZN|DK2","11.06.2018 00:00 - 11.06.2018 01:00 (CET/CEST)","4","n/e","n/e","28","128","9","n/e","n/e","n/e","n/e","n/e","n/e","n/e","n/e","n/e","n/e","n/e","0","47","95","112"
"BZN|DK2","11.06.2018 01:00 - 11.06.2018 02:00 (CET/CEST)","4","n/e","n/e","28","79","9","n/e","n/e","n/e","n/e","n/e","n/e","n/e","n/e","n/e","n/e","n/e","0","47","105","128"
"BZN|DK2","11.06.2018 02:00 - 11.06.2018 03:00 (CET/CEST)","4","n/e","n/e","28","79","9","n/e","n/e","n/e","n/e","n/e","n/e","n/e","n/e","n/e","n/e","n/e","0","46","152","159"
"BZN|DK2","11.06.2018 03:00 - 11.06.2018 04:00 (CET/CEST)","4","n/e","n/e","28","78","9","n/e","n/e","n/e","n/e","n/e","n/e","n/e","n/e","n/e","n/e","n/e","0","46","162","138"
"BZN|DK2","11.06.2018 04:00 - 11.06.2018 05:00 (CET/CEST)","3","n/e","n/e","28","78","9","n/e","n/e","n/e","n/e","n/e","n/e","n/e","n/e","n/e","n/e","n/e","0","46","178","108"
"BZN|DK2","11.06.2018 05:00 - 11.06.2018 06:00 (CET/CEST)","4","n/e","n/e","28","78","9","n/e","n/e","n/e","n/e","n/e","n/e","n/e","n/e","n/e","n/e","n/e","6","46","132","145"
"BZN|DK2","11.06.2018 06:00 - 11.06.2018 07:00 (CET/CEST)","11","n/e","n/e","29","81","10","n/e","n/e","n/e","n/e","n/e","n/e","n/e","n/e","n/e","n/e","n/e","20","46","121","182"
"BZN|DK2","11.06.2018 07:00 - 11.06.2018 08:00 (CET/CEST)","12","n/e","n/e","33","102","11","n/e","n/e","n/e","n/e","n/e","n/e","n/e","n/e","n/e","n/e","n/e","32","46","211","216"
"BZN|DK2","11.06.2018 08:00 - 11.06.2018 09:00 (CET/CEST)","12","n/e","n/e","74","140","11","n/e","n/e","n/e","n/e","n/e","n/e","n/e","n/e","n/e","n/e","n/e","47","49","239","231"
"BZN|DK2","11.06.2018 09:00 - 11.06.2018 10:00 (CET/CEST)","13","n/e","n/e","66","139","11","n/e","n/e","n/e","n/e","n/e","n/e","n/e","n/e","n/e","n/e","n/e","65","53","192","244"
"BZN|DK2","11.06.2018 10:00 - 11.06.2018 11:00 (CET/CEST)","12","n/e","n/e","38","124","10","n/e","n/e","n/e","n/e","n/e","n/e","n/e","n/e","n/e","n/e","n/e","96","57","146","244"
"BZN|DK2","11.06.2018 11:00 - 11.06.2018 12:00 (CET/CEST)","12","n/e","n/e","26","148","9","n/e","n/e","n/e","n/e","n/e","n/e","n/e","n/e","n/e","n/e","n/e","111","58","166","268"
"BZN|DK2","11.06.2018 12:00 - 11.06.2018 13:00 (CET/CEST)","15","n/e","n/e","31","157","10","n/e","n/e","n/e","n/e","n/e","n/e","n/e","n/e","n/e","n/e","n/e","120","58","186","336"
"BZN|DK2","11.06.2018 13:00 - 11.06.2018 14:00 (CET/CEST)","15","n/e","n/e","33","156","11","n/e","n/e","n/e","n/e","n/e","n/e","n/e","n/e","n/e","n/e","n/e","125","58","197","370"
"BZN|DK2","11.06.2018 14:00 - 11.06.2018 15:00 (CET/CEST)","13","n/e","n/e","35","160","11","n/e","n/e","n/e","n/e","n/e","n/e","n/e","n/e","n/e","n/e","n/e","137","56","225","410"
"BZN|DK2","11.06.2018 15:00 - 11.06.2018 16:00 (CET/CEST)","5","n/e","n/e","36","163","12","n/e","n/e","n/e","n/e","n/e","n/e","n/e","n/e","n/e","n/e","n/e","132","39","186","479"
"BZN|DK2","11.06.2018 16:00 - 11.06.2018 17:00 (CET/CEST)","4","n/e","n/e","32","119","11","n/e","n/e","n/e","n/e","n/e","n/e","n/e","n/e","n/e","n/e","n/e","111","42","269","496"
"BZN|DK2","11.06.2018 17:00 - 11.06.2018 18:00 (CET/CEST)","3","n/e","n/e","32","137","11","n/e","n/e","n/e","n/e","n/e","n/e","n/e","n/e","n/e","n/e","n/e","84","55","324","500"
"BZN|DK2","11.06.2018 18:00 - 11.06.2018 19:00 (CET/CEST)","4","n/e","n/e","33","128","11","n/e","n/e","n/e","n/e","n/e","n/e","n/e","n/e","n/e","n/e","n/e","54","53","334","482"
"BZN|DK2","11.06.2018 19:00 - 11.06.2018 20:00 (CET/CEST)","4","n/e","n/e","31","84","11","n/e","n/e","n/e","n/e","n/e","n/e","n/e","n/e","n/e","n/e","n/e","25","54","337","465"
"BZN|DK2","11.06.2018 20:00 - 11.06.2018 21:00 (CET/CEST)","4","n/e","n/e","30","78","10","n/e","n/e","n/e","n/e","n/e","n/e","n/e","n/e","n/e","n/e","n/e","7","55","344","425"
"BZN|DK2","11.06.2018 21:00 - 11.06.2018 22:00 (CET/CEST)","4","n/e","n/e","28","63","9","n/e","n/e","n/e","n/e","n/e","n/e","n/e","n/e","n/e","n/e","n/e","1","57","353","409"
"BZN|DK2","11.06.2018 22:00 - 11.06.2018 23:00 (CET/CEST)","4","n/e","n/e","27","68","9","n/e","n/e","n/e","n/e","n/e","n/e","n/e","n/e","n/e","n/e","n/e","0","55","336","395"
"BZN|DK2","11.06.2018 23:00 - 12.06.2018 00:00 (CET/CEST)","3","n/e","n/e","27","75","9","n/e","n/e","n/e","n/e","n/e","n/e","n/e","n/e","n/e","n/e","n/e","0","57","270","362"
"BZN|DK2","12.06.2018 00:00 - 12.06.2018 01:00 (CET/CEST)","3","n/e","n/e","27","69","9","n/e","n/e","n/e","n/e","n/e","n/e","n/e","n/e","n/e","n/e","n/e","0","58","285","341"
"BZN|DK2","12.06.2018 01:00 - 12.06.2018 02:00 (CET/CEST)","3","n/e","n/e","27","64","9","n/e","n/e","n/e","n/e","n/e","n/e","n/e","n/e","n/e","n/e","n/e","0","58","288","319"
"BZN|DK2","12.06.2018 02:00 - 12.06.2018 03:00 (CET/CEST)","4","n/e","n/e","27","60","9","n/e","n/e","n/e","n/e","n/e","n/e","n/e","n/e","n/e","n/e","n/e","0","57","266","270"
"BZN|DK2","12.06.2018 03:00 - 12.06.2018 04:00 (CET/CEST)","3","n/e","n/e","27","61","9","n/e","n/e","n/e","n/e","n/e","n/e","n/e","n/e","n/e","n/e","n/e","0","57","253","223"
"BZN|DK2","12.06.2018 04:00 - 12.06.2018 05:00 (CET/CEST)","4","n/e","n/e","27","75","9","n/e","n/e","n/e","n/e","n/e","n/e","n/e","n/e","n/e","n/e","n/e","0","57","245","189"
"BZN|DK2","12.06.2018 05:00 - 12.06.2018 06:00 (CET/CEST)","10","n/e","n/e","27","65","9","n/e","n/e","n/e","n/e","n/e","n/e","n/e","n/e","n/e","n/e","n/e","3","58","177","175"
"BZN|DK2","12.06.2018 06:00 - 12.06.2018 07:00 (CET/CEST)","15","n/e","n/e","29","93","10","n/e","n/e","n/e","n/e","n/e","n/e","n/e","n/e","n/e","n/e","n/e","13","58","116","161"
"BZN|DK2","12.06.2018 07:00 - 12.06.2018 08:00 (CET/CEST)","16","n/e","n/e","33","99","11","n/e","n/e","n/e","n/e","n/e","n/e","n/e","n/e","n/e","n/e","n/e","32","61","91","150"
"BZN|DK2","12.06.2018 08:00 - 12.06.2018 09:00 (CET/CEST)","19","n/e","n/e","34","164","11","n/e","n/e","n/e","n/e","n/e","n/e","n/e","n/e","n/e","n/e","n/e","56","62","80","129"
"BZN|DK2","12.06.2018 09:00 - 12.06.2018 10:00 (CET/CEST)","19","n/e","n/e","35","178","12","n/e","n/e","n/e","n/e","n/e","n/e","n/e","n/e","n/e","n/e","n/e","82","62","64","111"
"BZN|DK2","12.06.2018 10:00 - 12.06.2018 11:00 (CET/CEST)","19","n/e","n/e","33","177","12","n/e","n/e","n/e","n/e","n/e","n/e","n/e","n/e","n/e","n/e","n/e","105","63","68","95"
"BZN|DK2","12.06.2018 11:00 - 12.06.2018 12:00 (CET/CEST)","19","n/e","n/e","32","174","11","n/e","n/e","n/e","n/e","n/e","n/e","n/e","n/e","n/e","n/e","n/e","121","61","115","89"
"BZN|DK2","12.06.2018 12:00 - 12.06.2018 13:00 (CET/CEST)","18","n/e","n/e","33","174","11","n/e","n/e","n/e","n/e","n/e","n/e","n/e","n/e","n/e","n/e","n/e","142","62","116","83"
"BZN|DK2","12.06.2018 13:00 - 12.06.2018 14:00 (CET/CEST)","19","n/e","n/e","35","178","12","n/e","n/e","n/e","n/e","n/e","n/e","n/e","n/e","n/e","n/e","n/e","135","45","123","92"
"BZN|DK2","12.06.2018 14:00 - 12.06.2018 15:00 (CET/CEST)","20","n/e","n/e","37","180","13","n/e","n/e","n/e","n/e","n/e","n/e","n/e","n/e","n/e","n/e","n/e","125","43","124","104"
"BZN|DK2","12.06.2018 15:00 - 12.06.2018 16:00 (CET/CEST)","20","n/e","n/e","40","184","13","n/e","n/e","n/e","n/e","n/e","n/e","n/e","n/e","n/e","n/e","n/e","114","43","137","116"
"BZN|DK2","12.06.2018 16:00 - 12.06.2018 17:00 (CET/CEST)","19","n/e","n/e","36","178","12","n/e","n/e","n/e","n/e","n/e","n/e","n/e","n/e","n/e","n/e","n/e","102","42","145","118"
"BZN|DK2","12.06.2018 17:00 - 12.06.2018 18:00 (CET/CEST)","18","n/e","n/e","32","171","11","n/e","n/e","n/e","n/e","n/e","n/e","n/e","n/e","n/e","n/e","n/e","71","49","124","117"
"BZN|DK2","12.06.2018 18:00 - 12.06.2018 19:00 (CET/CEST)","12","n/e","n/e","35","165","11","n/e","n/e","n/e","n/e","n/e","n/e","n/e","n/e","n/e","n/e","n/e","48","57","113","121"
"BZN|DK2","12.06.2018 19:00 - 12.06.2018 20:00 (CET/CEST)","6","n/e","n/e","31","155","10","n/e","n/e","n/e","n/e","n/e","n/e","n/e","n/e","n/e","n/e","n/e","29","42","92","115"
"BZN|DK2","12.06.2018 20:00 - 12.06.2018 21:00 (CET/CEST)","8","n/e","n/e","30","152","10","n/e","n/e","n/e","n/e","n/e","n/e","n/e","n/e","n/e","n/e","n/e","12","52","114","116"
"BZN|DK2","12.06.2018 21:00 - 12.06.2018 22:00 (CET/CEST)","7","n/e","n/e","27","141","9","n/e","n/e","n/e","n/e","n/e","n/e","n/e","n/e","n/e","n/e","n/e","2","57","113","124"
"BZN|DK2","12.06.2018 22:00 - 12.06.2018 23:00 (CET/CEST)","6","n/e","n/e","27","142","9","n/e","n/e","n/e","n/e","n/e","n/e","n/e","n/e","n/e","n/e","n/e","0","58","107","109"
"BZN|DK2","12.06.2018 23:00 - 13.06.2018 00:00 (CET/CEST)","7","n/e","n/e","26","96","9","n/e","n/e","n/e","n/e","n/e","n/e","n/e","n/e","n/e","n/e","n/e","0","59","96","102"
"BZN|DK2","13.06.2018 00:00 - 13.06.2018 01:00 (CET/CEST)","7","n/e","n/e","27","98","9","n/e","n/e","n/e","n/e","n/e","n/e","n/e","n/e","n/e","n/e","n/e","0","59","77","102"
"BZN|DK2","13.06.2018 01:00 - 13.06.2018 02:00 (CET/CEST)","7","n/e","n/e","27","86","9","n/e","n/e","n/e","n/e","n/e","n/e","n/e","n/e","n/e","n/e","n/e","0","59","54","82"
"BZN|DK2","13.06.2018 02:00 - 13.06.2018 03:00 (CET/CEST)","7","n/e","n/e","27","140","9","n/e","n/e","n/e","n/e","n/e","n/e","n/e","n/e","n/e","n/e","n/e","0","60","50","74"
"BZN|DK2","13.06.2018 03:00 - 13.06.2018 04:00 (CET/CEST)","7","n/e","n/e","27","144","9","n/e","n/e","n/e","n/e","n/e","n/e","n/e","n/e","n/e","n/e","n/e","0","60","40","69"
"BZN|DK2","13.06.2018 04:00 - 13.06.2018 05:00 (CET/CEST)","7","n/e","n/e","26","142","9","n/e","n/e","n/e","n/e","n/e","n/e","n/e","n/e","n/e","n/e","n/e","0","61","44","90"
"BZN|DK2","13.06.2018 05:00 - 13.06.2018 06:00 (CET/CEST)","7","n/e","n/e","27","137","9","n/e","n/e","n/e","n/e","n/e","n/e","n/e","n/e","n/e","n/e","n/e","3","60","64","107"
"BZN|DK2","13.06.2018 06:00 - 13.06.2018 07:00 (CET/CEST)","13","n/e","n/e","27","79","9","n/e","n/e","n/e","n/e","n/e","n/e","n/e","n/e","n/e","n/e","n/e","13","61","68","119"
"BZN|DK2","13.06.2018 07:00 - 13.06.2018 08:00 (CET/CEST)","15","n/e","n/e","31","71","10","n/e","n/e","n/e","n/e","n/e","n/e","n/e","n/e","n/e","n/e","n/e","33","61","70","116"
"BZN|DK2","13.06.2018 08:00 - 13.06.2018 09:00 (CET/CEST)","14","n/e","n/e","32","62","11","n/e","n/e","n/e","n/e","n/e","n/e","n/e","n/e","n/e","n/e","n/e","64","62","51","102"
"BZN|DK2","13.06.2018 09:00 - 13.06.2018 10:00 (CET/CEST)","14","n/e","n/e","32","59","11","n/e","n/e","n/e","n/e","n/e","n/e","n/e","n/e","n/e","n/e","n/e","99","43","54","101"
"BZN|DK2","13.06.2018 10:00 - 13.06.2018 11:00 (CET/CEST)","14","n/e","n/e","30","57","10","n/e","n/e","n/e","n/e","n/e","n/e","n/e","n/e","n/e","n/e","n/e","138","54","78","111"
"BZN|DK2","13.06.2018 11:00 - 13.06.2018 12:00 (CET/CEST)","14","n/e","n/e","26","50","9","n/e","n/e","n/e","n/e","n/e","n/e","n/e","n/e","n/e","n/e","n/e","196","61","108","133"
"BZN|DK2","13.06.2018 12:00 - 13.06.2018 13:00 (CET/CEST)","6","n/e","n/e","25","47","8","n/e","n/e","n/e","n/e","n/e","n/e","n/e","n/e","n/e","n/e","n/e","210","63","169","191"
"BZN|DK2","13.06.2018 13:00 - 13.06.2018 14:00 (CET/CEST)","2","n/e","n/e","27","50","9","n/e","n/e","n/e","n/e","n/e","n/e","n/e","n/e","n/e","n/e","n/e","214","64","200","245"
"BZN|DK2","13.06.2018 14:00 - 13.06.2018 15:00 (CET/CEST)","2","n/e","n/e","26","50","9","n/e","n/e","n/e","n/e","n/e","n/e","n/e","n/e","n/e","n/e","n/e","210","65","240","317"
"BZN|DK2","13.06.2018 15:00 - 13.06.2018 16:00 (CET/CEST)","1","n/e","n/e","21","43","7","n/e","n/e","n/e","n/e","n/e","n/e","n/e","n/e","n/e","n/e","n/e","207","64","280","353"
"BZN|DK2","13.06.2018 16:00 - 13.06.2018 17:00 (CET/CEST)","1","n/e","n/e","18","37","6","n/e","n/e","n/e","n/e","n/e","n/e","n/e","n/e","n/e","n/e","n/e","184","64","302","348"
"BZN|DK2","13.06.2018 17:00 - 13.06.2018 18:00 (CET/CEST)","1","n/e","n/e","17","36","6","n/e","n/e","n/e","n/e","n/e","n/e","n/e","n/e","n/e","n/e","n/e","143","63","305","322"
"BZN|DK2","13.06.2018 18:00 - 13.06.2018 19:00 (CET/CEST)","1","n/e","n/e","20","41","7","n/e","n/e","n/e","n/e","n/e","n/e","n/e","n/e","n/e","n/e","n/e","86","63","316","310"
"BZN|DK2","13.06.2018 19:00 - 13.06.2018 20:00 (CET/CEST)","2","n/e","n/e","28","53","9","n/e","n/e","n/e","n/e","n/e","n/e","n/e","n/e","n/e","n/e","n/e","40","66","303","281"
"BZN|DK2","13.06.2018 20:00 - 13.06.2018 21:00 (CET/CEST)","2","n/e","n/e","28","53","9","n/e","n/e","n/e","n/e","n/e","n/e","n/e","n/e","n/e","n/e","n/e","15","65","267","234"
"BZN|DK2","13.06.2018 21:00 - 13.06.2018 22:00 (CET/CEST)","2","n/e","n/e","26","50","9","n/e","n/e","n/e","n/e","n/e","n/e","n/e","n/e","n/e","n/e","n/e","2","61","199","194"
"BZN|DK2","13.06.2018 22:00 - 13.06.2018 23:00 (CET/CEST)","2","n/e","n/e","36","51","9","n/e","n/e","n/e","n/e","n/e","n/e","n/e","n/e","n/e","n/e","n/e","0","52","169","169"
"BZN|DK2","13.06.2018 23:00 - 14.06.2018 00:00 (CET/CEST)","2","n/e","n/e","26","51","9","n/e","n/e","n/e","n/e","n/e","n/e","n/e","n/e","n/e","n/e","n/e","0","49","105","128"
"BZN|DK2","14.06.2018 00:00 - 14.06.2018 01:00 (CET/CEST)","2","n/e","n/e","26","52","9","n/e","n/e","n/e","n/e","n/e","n/e","n/e","n/e","n/e","n/e","n/e","0","49","95","109"
"BZN|DK2","14.06.2018 01:00 - 14.06.2018 02:00 (CET/CEST)","2","n/e","n/e","26","51","9","n/e","n/e","n/e","n/e","n/e","n/e","n/e","n/e","n/e","n/e","n/e","0","50","107","126"
"BZN|DK2","14.06.2018 02:00 - 14.06.2018 03:00 (CET/CEST)","2","n/e","n/e","26","50","9","n/e","n/e","n/e","n/e","n/e","n/e","n/e","n/e","n/e","n/e","n/e","0","50","128","138"
"BZN|DK2","14.06.2018 03:00 - 14.06.2018 04:00 (CET/CEST)","2","n/e","n/e","26","52","9","n/e","n/e","n/e","n/e","n/e","n/e","n/e","n/e","n/e","n/e","n/e","0","49","139","119"
"BZN|DK2","14.06.2018 04:00 - 14.06.2018 05:00 (CET/CEST)","2","n/e","n/e","26","50","9","n/e","n/e","n/e","n/e","n/e","n/e","n/e","n/e","n/e","n/e","n/e","0","50","70","71"
"BZN|DK2","14.06.2018 05:00 - 14.06.2018 06:00 (CET/CEST)","2","n/e","n/e","26","50","9","n/e","n/e","n/e","n/e","n/e","n/e","n/e","n/e","n/e","n/e","n/e","7","50","49","52"
"BZN|DK2","14.06.2018 06:00 - 14.06.2018 07:00 (CET/CEST)","6","n/e","n/e","27","52","9","n/e","n/e","n/e","n/e","n/e","n/e","n/e","n/e","n/e","n/e","n/e","24","49","44","81"
"BZN|DK2","14.06.2018 07:00 - 14.06.2018 08:00 (CET/CEST)","10","n/e","n/e","30","58","10","n/e","n/e","n/e","n/e","n/e","n/e","n/e","n/e","n/e","n/e","n/e","53","50","79","122"
"BZN|DK2","14.06.2018 08:00 - 14.06.2018 09:00 (CET/CEST)","10","n/e","n/e","31","60","10","n/e","n/e","n/e","n/e","n/e","n/e","n/e","n/e","n/e","n/e","n/e","92","58","62","152"
"BZN|DK2","14.06.2018 09:00 - 14.06.2018 10:00 (CET/CEST)","10","n/e","n/e","33","58","13","n/e","n/e","n/e","n/e","n/e","n/e","n/e","n/e","n/e","n/e","n/e","132","60","42","191"
"BZN|DK2","14.06.2018 10:00 - 14.06.2018 11:00 (CET/CEST)","10","n/e","n/e","29","55","21","n/e","n/e","n/e","n/e","n/e","n/e","n/e","n/e","n/e","n/e","n/e","155","61","95","230"
"BZN|DK2","14.06.2018 11:00 - 14.06.2018 12:00 (CET/CEST)","10","n/e","n/e","27","57","21","n/e","n/e","n/e","n/e","n/e","n/e","n/e","n/e","n/e","n/e","n/e","184","61","121","280"
"BZN|DK2","14.06.2018 12:00 - 14.06.2018 13:00 (CET/CEST)","4","n/e","n/e","27","59","21","n/e","n/e","n/e","n/e","n/e","n/e","n/e","n/e","n/e","n/e","n/e","194","62","129","295"
"BZN|DK2","14.06.2018 13:00 - 14.06.2018 14:00 (CET/CEST)","2","n/e","n/e","27","57","21","n/e","n/e","n/e","n/e","n/e","n/e","n/e","n/e","n/e","n/e","n/e","194","62","126","338"
"BZN|DK2","14.06.2018 14:00 - 14.06.2018 15:00 (CET/CEST)","2","n/e","n/e","27","58","21","n/e","n/e","n/e","n/e","n/e","n/e","n/e","n/e","n/e","n/e","n/e","196","61","121","352"
"BZN|DK2","14.06.2018 15:00 - 14.06.2018 16:00 (CET/CEST)","2","n/e","n/e","27","63","21","n/e","n/e","n/e","n/e","n/e","n/e","n/e","n/e","n/e","n/e","n/e","183","61","105","371"
"BZN|DK2","14.06.2018 16:00 - 14.06.2018 17:00 (CET/CEST)","2","n/e","n/e","27","73","21","n/e","n/e","n/e","n/e","n/e","n/e","n/e","n/e","n/e","n/e","n/e","142","62","92","365"
"BZN|DK2","14.06.2018 17:00 - 14.06.2018 18:00 (CET/CEST)","2","n/e","n/e","27","112","21","n/e","n/e","n/e","n/e","n/e","n/e","n/e","n/e","n/e","n/e","n/e","93","63","103","339"
"BZN|DK2","14.06.2018 18:00 - 14.06.2018 19:00 (CET/CEST)","2","n/e","n/e","27","142","21","n/e","n/e","n/e","n/e","n/e","n/e","n/e","n/e","n/e","n/e","n/e","49","64","133","299"
"BZN|DK2","14.06.2018 19:00 - 14.06.2018 20:00 (CET/CEST)","2","n/e","n/e","27","149","20","n/e","n/e","n/e","n/e","n/e","n/e","n/e","n/e","n/e","n/e","n/e","19","64","164","341"
"BZN|DK2","14.06.2018 20:00 - 14.06.2018 21:00 (CET/CEST)","2","n/e","n/e","26","119","11","n/e","n/e","n/e","n/e","n/e","n/e","n/e","n/e","n/e","n/e","n/e","5","64","208","269"
"BZN|DK2","14.06.2018 21:00 - 14.06.2018 22:00 (CET/CEST)","2","n/e","n/e","27","95","9","n/e","n/e","n/e","n/e","n/e","n/e","n/e","n/e","n/e","n/e","n/e","1","62","98","205"
"BZN|DK2","14.06.2018 22:00 - 14.06.2018 23:00 (CET/CEST)","2","n/e","n/e","26","97","9","n/e","n/e","n/e","n/e","n/e","n/e","n/e","n/e","n/e","n/e","n/e","0","63","87","215"
"BZN|DK2","14.06.2018 23:00 - 15.06.2018 00:00 (CET/CEST)","2","n/e","n/e","27","93","9","n/e","n/e","n/e","n/e","n/e","n/e","n/e","n/e","n/e","n/e","n/e","0","63","100","254"
"BZN|DK2","15.06.2018 00:00 - 15.06.2018 01:00 (CET/CEST)","2","n/e","n/e","26","65","9","n/e","n/e","n/e","n/e","n/e","n/e","n/e","n/e","n/e","n/e","n/e","0","61","173","222"
"BZN|DK2","15.06.2018 01:00 - 15.06.2018 02:00 (CET/CEST)","2","n/e","n/e","25","62","9","n/e","n/e","n/e","n/e","n/e","n/e","n/e","n/e","n/e","n/e","n/e","0","61","182","151"
"BZN|DK2","15.06.2018 02:00 - 15.06.2018 03:00 (CET/CEST)","2","n/e","n/e","26","65","9","n/e","n/e","n/e","n/e","n/e","n/e","n/e","n/e","n/e","n/e","n/e","0","62","118","124"
"BZN|DK2","15.06.2018 03:00 - 15.06.2018 04:00 (CET/CEST)","2","n/e","n/e","27","69","9","n/e","n/e","n/e","n/e","n/e","n/e","n/e","n/e","n/e","n/e","n/e","0","59","66","93"
"BZN|DK2","15.06.2018 04:00 - 15.06.2018 05:00 (CET/CEST)","2","n/e","n/e","27","72","9","n/e","n/e","n/e","n/e","n/e","n/e","n/e","n/e","n/e","n/e","n/e","0","59","35","73"
"BZN|DK2","15.06.2018 05:00 - 15.06.2018 06:00 (CET/CEST)","2","n/e","n/e","26","77","9","n/e","n/e","n/e","n/e","n/e","n/e","n/e","n/e","n/e","n/e","n/e","7","62","33","63"
"BZN|DK2","15.06.2018 06:00 - 15.06.2018 07:00 (CET/CEST)","5","n/e","n/e","47","113","10","n/e","n/e","n/e","n/e","n/e","n/e","n/e","n/e","n/e","n/e","n/e","25","63","45","57"
"BZN|DK2","15.06.2018 07:00 - 15.06.2018 08:00 (CET/CEST)","10","n/e","n/e","97","162","12","n/e","n/e","n/e","n/e","n/e","n/e","n/e","n/e","n/e","n/e","n/e","62","64","42","54"
"BZN|DK2","15.06.2018 08:00 - 15.06.2018 09:00 (CET/CEST)","11","n/e","n/e","108","171","12","n/e","n/e","n/e","n/e","n/e","n/e","n/e","n/e","n/e","n/e","n/e","110","64","27","59"
"BZN|DK2","15.06.2018 09:00 - 15.06.2018 10:00 (CET/CEST)","10","n/e","n/e","96","172","11","n/e","n/e","n/e","n/e","n/e","n/e","n/e","n/e","n/e","n/e","n/e","154","64","24","66"
"BZN|DK2","15.06.2018 10:00 - 15.06.2018 11:00 (CET/CEST)","10","n/e","n/e","84","157","10","n/e","n/e","n/e","n/e","n/e","n/e","n/e","n/e","n/e","n/e","n/e","184","64","23","75"
"BZN|DK2","15.06.2018 11:00 - 15.06.2018 12:00 (CET/CEST)","10","n/e","n/e","62","153","10","n/e","n/e","n/e","n/e","n/e","n/e","n/e","n/e","n/e","n/e","n/e","204","62","33","73"
"BZN|DK2","15.06.2018 12:00 - 15.06.2018 13:00 (CET/CEST)","10","n/e","n/e","29","145","10","n/e","n/e","n/e","n/e","n/e","n/e","n/e","n/e","n/e","n/e","n/e","220","64","34","73"
"BZN|DK2","15.06.2018 13:00 - 15.06.2018 14:00 (CET/CEST)","10","n/e","n/e","29","100","10","n/e","n/e","n/e","n/e","n/e","n/e","n/e","n/e","n/e","n/e","n/e","221","63","30","70"
"BZN|DK2","15.06.2018 14:00 - 15.06.2018 15:00 (CET/CEST)","10","n/e","n/e","28","116","10","n/e","n/e","n/e","n/e","n/e","n/e","n/e","n/e","n/e","n/e","n/e","216","62","24","61"
"BZN|DK2","15.06.2018 15:00 - 15.06.2018 16:00 (CET/CEST)","10","n/e","n/e","28","103","9","n/e","n/e","n/e","n/e","n/e","n/e","n/e","n/e","n/e","n/e","n/e","202","61","22","51"
"BZN|DK2","15.06.2018 16:00 - 15.06.2018 17:00 (CET/CEST)","10","n/e","n/e","29","78","10","n/e","n/e","n/e","n/e","n/e","n/e","n/e","n/e","n/e","n/e","n/e","169","61","8","39"
"BZN|DK2","15.06.2018 17:00 - 15.06.2018 18:00 (CET/CEST)","3","n/e","n/e","30","122","10","n/e","n/e","n/e","n/e","n/e","n/e","n/e","n/e","n/e","n/e","n/e","128","61","1","27"
"BZN|DK2","15.06.2018 18:00 - 15.06.2018 19:00 (CET/CEST)","2","n/e","n/e","31","150","10","n/e","n/e","n/e","n/e","n/e","n/e","n/e","n/e","n/e","n/e","n/e","80","62","0","19"
"BZN|DK2","15.06.2018 19:00 - 15.06.2018 20:00 (CET/CEST)","2","n/e","n/e","30","149","10","n/e","n/e","n/e","n/e","n/e","n/e","n/e","n/e","n/e","n/e","n/e","41","61","0","15"
"BZN|DK2","15.06.2018 20:00 - 15.06.2018 21:00 (CET/CEST)","2","n/e","n/e","30","122","10","n/e","n/e","n/e","n/e","n/e","n/e","n/e","n/e","n/e","n/e","n/e","16","60","3","10"
"BZN|DK2","15.06.2018 21:00 - 15.06.2018 22:00 (CET/CEST)","2","n/e","n/e","28","127","9","n/e","n/e","n/e","n/e","n/e","n/e","n/e","n/e","n/e","n/e","n/e","2","59","0","6"
"BZN|DK2","15.06.2018 22:00 - 15.06.2018 23:00 (CET/CEST)","2","n/e","n/e","28","148","9","n/e","n/e","n/e","n/e","n/e","n/e","n/e","n/e","n/e","n/e","n/e","0","59","0","5"
"BZN|DK2","15.06.2018 23:00 - 16.06.2018 00:00 (CET/CEST)","2","n/e","n/e","28","143","9","n/e","n/e","n/e","n/e","n/e","n/e","n/e","n/e","n/e","n/e","n/e","0","57","0","5"
"BZN|DK2","16.06.2018 00:00 - 16.06.2018 01:00 (CET/CEST)","2","n/e","n/e","28","77","9","n/e","n/e","n/e","n/e","n/e","n/e","n/e","n/e","n/e","n/e","n/e","0","57","0","6"
"BZN|DK2","16.06.2018 01:00 - 16.06.2018 02:00 (CET/CEST)","2","n/e","n/e","28","77","9","n/e","n/e","n/e","n/e","n/e","n/e","n/e","n/e","n/e","n/e","n/e","0","57","0","6"
"BZN|DK2","16.06.2018 02:00 - 16.06.2018 03:00 (CET/CEST)","2","n/e","n/e","28","75","9","n/e","n/e","n/e","n/e","n/e","n/e","n/e","n/e","n/e","n/e","n/e","0","58","3","7"
"BZN|DK2","16.06.2018 03:00 - 16.06.2018 04:00 (CET/CEST)","2","n/e","n/e","28","74","9","n/e","n/e","n/e","n/e","n/e","n/e","n/e","n/e","n/e","n/e","n/e","0","58","3","8"
"BZN|DK2","16.06.2018 04:00 - 16.06.2018 05:00 (CET/CEST)","2","n/e","n/e","28","77","9","n/e","n/e","n/e","n/e","n/e","n/e","n/e","n/e","n/e","n/e","n/e","0","59","3","9"
"BZN|DK2","16.06.2018 05:00 - 16.06.2018 06:00 (CET/CEST)","2","n/e","n/e","27","76","9","n/e","n/e","n/e","n/e","n/e","n/e","n/e","n/e","n/e","n/e","n/e","7","60","4","6"
"BZN|DK2","16.06.2018 06:00 - 16.06.2018 07:00 (CET/CEST)","2","n/e","n/e","28","87","9","n/e","n/e","n/e","n/e","n/e","n/e","n/e","n/e","n/e","n/e","n/e","18","58","0","5"
"BZN|DK2","16.06.2018 07:00 - 16.06.2018 08:00 (CET/CEST)","2","n/e","n/e","28","87","9","n/e","n/e","n/e","n/e","n/e","n/e","n/e","n/e","n/e","n/e","n/e","35","58","2","14"
"BZN|DK2","16.06.2018 08:00 - 16.06.2018 09:00 (CET/CEST)","2","n/e","n/e","28","124","9","n/e","n/e","n/e","n/e","n/e","n/e","n/e","n/e","n/e","n/e","n/e","61","59","12","22"
"BZN|DK2","16.06.2018 09:00 - 16.06.2018 10:00 (CET/CEST)","2","n/e","n/e","28","145","10","n/e","n/e","n/e","n/e","n/e","n/e","n/e","n/e","n/e","n/e","n/e","94","60","36","34"
"BZN|DK2","16.06.2018 10:00 - 16.06.2018 11:00 (CET/CEST)","2","n/e","n/e","28","149","9","n/e","n/e","n/e","n/e","n/e","n/e","n/e","n/e","n/e","n/e","n/e","139","60","53","68"
"BZN|DK2","16.06.2018 11:00 - 16.06.2018 12:00 (CET/CEST)","2","n/e","n/e","27","144","9","n/e","n/e","n/e","n/e","n/e","n/e","n/e","n/e","n/e","n/e","n/e","162","60","57","115"
"BZN|DK2","16.06.2018 12:00 - 16.06.2018 13:00 (CET/CEST)","2","n/e","n/e","27","122","9","n/e","n/e","n/e","n/e","n/e","n/e","n/e","n/e","n/e","n/e","n/e","153","60","65","144"
"BZN|DK2","16.06.2018 13:00 - 16.06.2018 14:00 (CET/CEST)","2","n/e","n/e","28","118","9","n/e","n/e","n/e","n/e","n/e","n/e","n/e","n/e","n/e","n/e","n/e","146","58","89","191"
"BZN|DK2","16.06.2018 14:00 - 16.06.2018 15:00 (CET/CEST)","7","n/e","n/e","28","115","9","n/e","n/e","n/e","n/e","n/e","n/e","n/e","n/e","n/e","n/e","n/e","143","58","143","194"
"BZN|DK2","16.06.2018 15:00 - 16.06.2018 16:00 (CET/CEST)","10","n/e","n/e","27","80","9","n/e","n/e","n/e","n/e","n/e","n/e","n/e","n/e","n/e","n/e","n/e","119","58","181","172"
"BZN|DK2","16.06.2018 16:00 - 16.06.2018 17:00 (CET/CEST)","10","n/e","n/e","28","77","9","n/e","n/e","n/e","n/e","n/e","n/e","n/e","n/e","n/e","n/e","n/e","85","58","106","181"
"BZN|DK2","16.06.2018 17:00 - 16.06.2018 18:00 (CET/CEST)","10","n/e","n/e","28","87","9","n/e","n/e","n/e","n/e","n/e","n/e","n/e","n/e","n/e","n/e","n/e","51","58","32","196"
"BZN|DK2","16.06.2018 18:00 - 16.06.2018 19:00 (CET/CEST)","10","n/e","n/e","28","126","9","n/e","n/e","n/e","n/e","n/e","n/e","n/e","n/e","n/e","n/e","n/e","23","58","46","195"
"BZN|DK2","16.06.2018 19:00 - 16.06.2018 20:00 (CET/CEST)","10","n/e","n/e","28","141","9","n/e","n/e","n/e","n/e","n/e","n/e","n/e","n/e","n/e","n/e","n/e","15","61","70","138"
"BZN|DK2","16.06.2018 20:00 - 16.06.2018 21:00 (CET/CEST)","10","n/e","n/e","28","145","9","n/e","n/e","n/e","n/e","n/e","n/e","n/e","n/e","n/e","n/e","n/e","7","60","98","102"
"BZN|DK2","16.06.2018 21:00 - 16.06.2018 22:00 (CET/CEST)","10","n/e","n/e","28","146","9","n/e","n/e","n/e","n/e","n/e","n/e","n/e","n/e","n/e","n/e","n/e","1","61","51","96"
"BZN|DK2","16.06.2018 22:00 - 16.06.2018 23:00 (CET/CEST)","10","n/e","n/e","27","140","9","n/e","n/e","n/e","n/e","n/e","n/e","n/e","n/e","n/e","n/e","n/e","0","62","14","79"
"BZN|DK2","16.06.2018 23:00 - 17.06.2018 00:00 (CET/CEST)","4","n/e","n/e","27","123","9","n/e","n/e","n/e","n/e","n/e","n/e","n/e","n/e","n/e","n/e","n/e","0","60","8","76"
"BZN|DK2","17.06.2018 00:00 - 17.06.2018 01:00 (CET/CEST)","2","n/e","n/e","27","86","9","n/e","n/e","n/e","n/e","n/e","n/e","n/e","n/e","n/e","n/e","n/e","0","60","6","83"
"BZN|DK2","17.06.2018 01:00 - 17.06.2018 02:00 (CET/CEST)","2","n/e","n/e","27","78","9","n/e","n/e","n/e","n/e","n/e","n/e","n/e","n/e","n/e","n/e","n/e","0","60","1","56"
"BZN|DK2","17.06.2018 02:00 - 17.06.2018 03:00 (CET/CEST)","2","n/e","n/e","27","68","9","n/e","n/e","n/e","n/e","n/e","n/e","n/e","n/e","n/e","n/e","n/e","0","60","3","55"
"BZN|DK2","17.06.2018 03:00 - 17.06.2018 04:00 (CET/CEST)","2","n/e","n/e","27","71","9","n/e","n/e","n/e","n/e","n/e","n/e","n/e","n/e","n/e","n/e","n/e","0","60","13","79"
"BZN|DK2","17.06.2018 04:00 - 17.06.2018 05:00 (CET/CEST)","2","n/e","n/e","27","84","9","n/e","n/e","n/e","n/e","n/e","n/e","n/e","n/e","n/e","n/e","n/e","0","61","50","42"
"BZN|DK2","17.06.2018 05:00 - 17.06.2018 06:00 (CET/CEST)","2","n/e","n/e","27","80","9","n/e","n/e","n/e","n/e","n/e","n/e","n/e","n/e","n/e","n/e","n/e","2","61","17","29"
"BZN|DK2","17.06.2018 06:00 - 17.06.2018 07:00 (CET/CEST)","2","n/e","n/e","27","93","9","n/e","n/e","n/e","n/e","n/e","n/e","n/e","n/e","n/e","n/e","n/e","5","61","1","22"
"BZN|DK2","17.06.2018 07:00 - 17.06.2018 08:00 (CET/CEST)","2","n/e","n/e","27","133","9","n/e","n/e","n/e","n/e","n/e","n/e","n/e","n/e","n/e","n/e","n/e","20","61","4","21"
"BZN|DK2","17.06.2018 08:00 - 17.06.2018 09:00 (CET/CEST)","2","n/e","n/e","28","141","9","n/e","n/e","n/e","n/e","n/e","n/e","n/e","n/e","n/e","n/e","n/e","49","61","9","48"
"BZN|DK2","17.06.2018 09:00 - 17.06.2018 10:00 (CET/CEST)","2","n/e","n/e","28","141","9","n/e","n/e","n/e","n/e","n/e","n/e","n/e","n/e","n/e","n/e","n/e","92","62","37","110"
"BZN|DK2","17.06.2018 10:00 - 17.06.2018 11:00 (CET/CEST)","2","n/e","n/e","28","128","9","n/e","n/e","n/e","n/e","n/e","n/e","n/e","n/e","n/e","n/e","n/e","136","62","87","168"
"BZN|DK2","17.06.2018 11:00 - 17.06.2018 12:00 (CET/CEST)","2","n/e","n/e","28","116","9","n/e","n/e","n/e","n/e","n/e","n/e","n/e","n/e","n/e","n/e","n/e","173","61","171","244"
"BZN|DK2","17.06.2018 12:00 - 17.06.2018 13:00 (CET/CEST)","2","n/e","n/e","27","131","9","n/e","n/e","n/e","n/e","n/e","n/e","n/e","n/e","n/e","n/e","n/e","183","62","110","280"
"BZN|DK2","17.06.2018 13:00 - 17.06.2018 14:00 (CET/CEST)","2","n/e","n/e","27","141","9","n/e","n/e","n/e","n/e","n/e","n/e","n/e","n/e","n/e","n/e","n/e","186","63","117","362"
"BZN|DK2","17.06.2018 14:00 - 17.06.2018 15:00 (CET/CEST)","2","n/e","n/e","27","138","9","n/e","n/e","n/e","n/e","n/e","n/e","n/e","n/e","n/e","n/e","n/e","157","64","88","349"
"BZN|DK2","17.06.2018 15:00 - 17.06.2018 16:00 (CET/CEST)","2","n/e","n/e","27","141","9","n/e","n/e","n/e","n/e","n/e","n/e","n/e","n/e","n/e","n/e","n/e","131","65","54","321"
"BZN|DK2","17.06.2018 16:00 - 17.06.2018 17:00 (CET/CEST)","2","n/e","n/e","27","146","9","n/e","n/e","n/e","n/e","n/e","n/e","n/e","n/e","n/e","n/e","n/e","121","65","113","310"
"BZN|DK2","17.06.2018 17:00 - 17.06.2018 18:00 (CET/CEST)","2","n/e","n/e","27","127","9","n/e","n/e","n/e","n/e","n/e","n/e","n/e","n/e","n/e","n/e","n/e","85","65","141","253"
"BZN|DK2","17.06.2018 18:00 - 17.06.2018 19:00 (CET/CEST)","2","n/e","n/e","28","117","9","n/e","n/e","n/e","n/e","n/e","n/e","n/e","n/e","n/e","n/e","n/e","71","66","80","222"
"BZN|DK2","17.06.2018 19:00 - 17.06.2018 20:00 (CET/CEST)","2","n/e","n/e","27","159","9","n/e","n/e","n/e","n/e","n/e","n/e","n/e","n/e","n/e","n/e","n/e","40","65","63","184"
"BZN|DK2","17.06.2018 20:00 - 17.06.2018 21:00 (CET/CEST)","2","n/e","n/e","28","146","9","n/e","n/e","n/e","n/e","n/e","n/e","n/e","n/e","n/e","n/e","n/e","16","65","62","170"
"BZN|DK2","17.06.2018 21:00 - 17.06.2018 22:00 (CET/CEST)","2","n/e","n/e","27","148","9","n/e","n/e","n/e","n/e","n/e","n/e","n/e","n/e","n/e","n/e","n/e","3","65","64","134"
"BZN|DK2","17.06.2018 22:00 - 17.06.2018 23:00 (CET/CEST)","2","n/e","n/e","27","137","9","n/e","n/e","n/e","n/e","n/e","n/e","n/e","n/e","n/e","n/e","n/e","0","65","71","126"
"BZN|DK2","17.06.2018 23:00 - 18.06.2018 00:00 (CET/CEST)","2","n/e","n/e","27","111","9","n/e","n/e","n/e","n/e","n/e","n/e","n/e","n/e","n/e","n/e","n/e","0","65","80","101"
"BZN|DK2","18.06.2018 00:00 - 18.06.2018 01:00 (CET/CEST)","2","n/e","n/e","27","72","9","n/e","n/e","n/e","n/e","n/e","n/e","n/e","n/e","n/e","n/e","n/e","0","64","67","92"
"BZN|DK2","18.06.2018 01:00 - 18.06.2018 02:00 (CET/CEST)","2","n/e","n/e","27","72","9","n/e","n/e","n/e","n/e","n/e","n/e","n/e","n/e","n/e","n/e","n/e","0","65","44","84"
"BZN|DK2","18.06.2018 02:00 - 18.06.2018 03:00 (CET/CEST)","2","n/e","n/e","27","73","9","n/e","n/e","n/e","n/e","n/e","n/e","n/e","n/e","n/e","n/e","n/e","0","65","58","89"
"BZN|DK2","18.06.2018 03:00 - 18.06.2018 04:00 (CET/CEST)","2","n/e","n/e","27","75","9","n/e","n/e","n/e","n/e","n/e","n/e","n/e","n/e","n/e","n/e","n/e","0","63","68","78"
"BZN|DK2","18.06.2018 04:00 - 18.06.2018 05:00 (CET/CEST)","2","n/e","n/e","27","70","9","n/e","n/e","n/e","n/e","n/e","n/e","n/e","n/e","n/e","n/e","n/e","0","63","70","84"
"BZN|DK2","18.06.2018 05:00 - 18.06.2018 06:00 (CET/CEST)","2","n/e","n/e","28","70","9","n/e","n/e","n/e","n/e","n/e","n/e","n/e","n/e","n/e","n/e","n/e","7","63","80","95"
"BZN|DK2","18.06.2018 06:00 - 18.06.2018 07:00 (CET/CEST)","2","n/e","n/e","38","90","10","n/e","n/e","n/e","n/e","n/e","n/e","n/e","n/e","n/e","n/e","n/e","26","61","67","90"
"BZN|DK2","18.06.2018 07:00 - 18.06.2018 08:00 (CET/CEST)","2","n/e","n/e","91","157","12","n/e","n/e","n/e","n/e","n/e","n/e","n/e","n/e","n/e","n/e","n/e","58","62","59","98"
"BZN|DK2","18.06.2018 08:00 - 18.06.2018 09:00 (CET/CEST)","4","n/e","n/e","52","150","10","n/e","n/e","n/e","n/e","n/e","n/e","n/e","n/e","n/e","n/e","n/e","101","61","48","130"
"BZN|DK2","18.06.2018 09:00 - 18.06.2018 10:00 (CET/CEST)","9","n/e","n/e","29","121","10","n/e","n/e","n/e","n/e","n/e","n/e","n/e","n/e","n/e","n/e","n/e","139","62","48","154"
"BZN|DK2","18.06.2018 10:00 - 18.06.2018 11:00 (CET/CEST)","10","n/e","n/e","29","146","10","n/e","n/e","n/e","n/e","n/e","n/e","n/e","n/e","n/e","n/e","n/e","157","60","68","173"
"BZN|DK2","18.06.2018 11:00 - 18.06.2018 12:00 (CET/CEST)","10","n/e","n/e","29","146","10","n/e","n/e","n/e","n/e","n/e","n/e","n/e","n/e","n/e","n/e","n/e","145","61","92","184"
"BZN|DK2","18.06.2018 12:00 - 18.06.2018 13:00 (CET/CEST)","10","n/e","n/e","26","140","9","n/e","n/e","n/e","n/e","n/e","n/e","n/e","n/e","n/e","n/e","n/e","140","61","117","203"
"BZN|DK2","18.06.2018 13:00 - 18.06.2018 14:00 (CET/CEST)","10","n/e","n/e","28","118","9","n/e","n/e","n/e","n/e","n/e","n/e","n/e","n/e","n/e","n/e","n/e","147","61","97","223"
"BZN|DK2","18.06.2018 14:00 - 18.06.2018 15:00 (CET/CEST)","10","n/e","n/e","24","149","8","n/e","n/e","n/e","n/e","n/e","n/e","n/e","n/e","n/e","n/e","n/e","129","62","153","251"
"BZN|DK2","18.06.2018 15:00 - 18.06.2018 16:00 (CET/CEST)","10","n/e","n/e","21","147","7","n/e","n/e","n/e","n/e","n/e","n/e","n/e","n/e","n/e","n/e","n/e","98","60","132","270"
"BZN|DK2","18.06.2018 16:00 - 18.06.2018 17:00 (CET/CEST)","10","n/e","n/e","21","126","7","n/e","n/e","n/e","n/e","n/e","n/e","n/e","n/e","n/e","n/e","n/e","70","59","182","298"
"BZN|DK2","18.06.2018 17:00 - 18.06.2018 18:00 (CET/CEST)","10","n/e","n/e","23","113","8","n/e","n/e","n/e","n/e","n/e","n/e","n/e","n/e","n/e","n/e","n/e","62","59","104","268"
"BZN|DK2","18.06.2018 18:00 - 18.06.2018 19:00 (CET/CEST)","10","n/e","n/e","81","154","10","n/e","n/e","n/e","n/e","n/e","n/e","n/e","n/e","n/e","n/e","n/e","39","60","80","270"
"BZN|DK2","18.06.2018 19:00 - 18.06.2018 20:00 (CET/CEST)","10","n/e","n/e","42","125","8","n/e","n/e","n/e","n/e","n/e","n/e","n/e","n/e","n/e","n/e","n/e","17","60","75","261"
"BZN|DK2","18.06.2018 20:00 - 18.06.2018 21:00 (CET/CEST)","10","n/e","n/e","24","133","8","n/e","n/e","n/e","n/e","n/e","n/e","n/e","n/e","n/e","n/e","n/e","8","59","85","211"
"BZN|DK2","18.06.2018 21:00 - 18.06.2018 22:00 (CET/CEST)","9","n/e","n/e","21","136","7","n/e","n/e","n/e","n/e","n/e","n/e","n/e","n/e","n/e","n/e","n/e","2","59","74","159"
"BZN|DK2","18.06.2018 22:00 - 18.06.2018 23:00 (CET/CEST)","4","n/e","n/e","20","116","7","n/e","n/e","n/e","n/e","n/e","n/e","n/e","n/e","n/e","n/e","n/e","0","59","105","160"
"BZN|DK2","18.06.2018 23:00 - 19.06.2018 00:00 (CET/CEST)","1","n/e","n/e","21","69","7","n/e","n/e","n/e","n/e","n/e","n/e","n/e","n/e","n/e","n/e","n/e","0","59","102","175"
"BZN|DK2","19.06.2018 00:00 - 19.06.2018 01:00 (CET/CEST)","1","n/e","n/e","20","59","7","n/e","n/e","n/e","n/e","n/e","n/e","n/e","n/e","n/e","n/e","n/e","0","60","144","197"
"BZN|DK2","19.06.2018 01:00 - 19.06.2018 02:00 (CET/CEST)","1","n/e","n/e","20","52","7","n/e","n/e","n/e","n/e","n/e","n/e","n/e","n/e","n/e","n/e","n/e","0","60","144","229"
"BZN|DK2","19.06.2018 02:00 - 19.06.2018 03:00 (CET/CEST)","1","n/e","n/e","20","56","7","n/e","n/e","n/e","n/e","n/e","n/e","n/e","n/e","n/e","n/e","n/e","0","60","159","276"
"BZN|DK2","19.06.2018 03:00 - 19.06.2018 04:00 (CET/CEST)","1","n/e","n/e","20","52","7","n/e","n/e","n/e","n/e","n/e","n/e","n/e","n/e","n/e","n/e","n/e","0","61","281","309"
"BZN|DK2","19.06.2018 04:00 - 19.06.2018 05:00 (CET/CEST)","1","n/e","n/e","20","53","7","n/e","n/e","n/e","n/e","n/e","n/e","n/e","n/e","n/e","n/e","n/e","0","61","231","243"
"BZN|DK2","19.06.2018 05:00 - 19.06.2018 06:00 (CET/CEST)","1","n/e","n/e","20","68","7","n/e","n/e","n/e","n/e","n/e","n/e","n/e","n/e","n/e","n/e","n/e","7","62","151","247"
"BZN|DK2","19.06.2018 06:00 - 19.06.2018 07:00 (CET/CEST)","1","n/e","n/e","20","64","7","n/e","n/e","n/e","n/e","n/e","n/e","n/e","n/e","n/e","n/e","n/e","18","61","168","250"
"BZN|DK2","19.06.2018 07:00 - 19.06.2018 08:00 (CET/CEST)","2","n/e","n/e","22","93","8","n/e","n/e","n/e","n/e","n/e","n/e","n/e","n/e","n/e","n/e","n/e","39","61","176","265"
"BZN|DK2","19.06.2018 08:00 - 19.06.2018 09:00 (CET/CEST)","8","n/e","n/e","22","86","7","n/e","n/e","n/e","n/e","n/e","n/e","n/e","n/e","n/e","n/e","n/e","62","60","189","317"
"BZN|DK2","19.06.2018 09:00 - 19.06.2018 10:00 (CET/CEST)","10","n/e","n/e","21","63","7","n/e","n/e","n/e","n/e","n/e","n/e","n/e","n/e","n/e","n/e","n/e","93","60","202","339"
"BZN|DK2","19.06.2018 10:00 - 19.06.2018 11:00 (CET/CEST)","10","n/e","n/e","20","53","7","n/e","n/e","n/e","n/e","n/e","n/e","n/e","n/e","n/e","n/e","n/e","124","60","226","395"
"BZN|DK2","19.06.2018 11:00 - 19.06.2018 12:00 (CET/CEST)","9","n/e","n/e","20","114","7","n/e","n/e","n/e","n/e","n/e","n/e","n/e","n/e","n/e","n/e","n/e","137","60","260","441"
"BZN|DK2","19.06.2018 12:00 - 19.06.2018 13:00 (CET/CEST)","10","n/e","n/e","20","83","7","n/e","n/e","n/e","n/e","n/e","n/e","n/e","n/e","n/e","n/e","n/e","174","58","256","421"
"BZN|DK2","19.06.2018 13:00 - 19.06.2018 14:00 (CET/CEST)","10","n/e","n/e","20","53","7","n/e","n/e","n/e","n/e","n/e","n/e","n/e","n/e","n/e","n/e","n/e","203","59","151","404"
"BZN|DK2","19.06.2018 14:00 - 19.06.2018 15:00 (CET/CEST)","10","n/e","n/e","20","53","7","n/e","n/e","n/e","n/e","n/e","n/e","n/e","n/e","n/e","n/e","n/e","214","58","148","418"
"BZN|DK2","19.06.2018 15:00 - 19.06.2018 16:00 (CET/CEST)","8","n/e","n/e","20","54","7","n/e","n/e","n/e","n/e","n/e","n/e","n/e","n/e","n/e","n/e","n/e","210","57","133","410"
"BZN|DK2","19.06.2018 16:00 - 19.06.2018 17:00 (CET/CEST)","8","n/e","n/e","21","53","7","n/e","n/e","n/e","n/e","n/e","n/e","n/e","n/e","n/e","n/e","n/e","192","57","113","401"
"BZN|DK2","19.06.2018 17:00 - 19.06.2018 18:00 (CET/CEST)","8","n/e","n/e","21","60","7","n/e","n/e","n/e","n/e","n/e","n/e","n/e","n/e","n/e","n/e","n/e","152","58","149","387"
"BZN|DK2","19.06.2018 18:00 - 19.06.2018 19:00 (CET/CEST)","8","n/e","n/e","22","126","8","n/e","n/e","n/e","n/e","n/e","n/e","n/e","n/e","n/e","n/e","n/e","94","59","253","394"
"BZN|DK2","19.06.2018 19:00 - 19.06.2018 20:00 (CET/CEST)","8","n/e","n/e","22","150","8","n/e","n/e","n/e","n/e","n/e","n/e","n/e","n/e","n/e","n/e","n/e","45","58","202","341"
"BZN|DK2","19.06.2018 20:00 - 19.06.2018 21:00 (CET/CEST)","8","n/e","n/e","21","98","7","n/e","n/e","n/e","n/e","n/e","n/e","n/e","n/e","n/e","n/e","n/e","17","58","170","260"
"BZN|DK2","19.06.2018 21:00 - 19.06.2018 22:00 (CET/CEST)","8","n/e","n/e","21","84","7","n/e","n/e","n/e","n/e","n/e","n/e","n/e","n/e","n/e","n/e","n/e","3","57","145","215"
"BZN|DK2","19.06.2018 22:00 - 19.06.2018 23:00 (CET/CEST)","7","n/e","n/e","21","113","7","n/e","n/e","n/e","n/e","n/e","n/e","n/e","n/e","n/e","n/e","n/e","0","57","184","194"
"BZN|DK2","19.06.2018 23:00 - 20.06.2018 00:00 (CET/CEST)","2","n/e","n/e","21","72","7","n/e","n/e","n/e","n/e","n/e","n/e","n/e","n/e","n/e","n/e","n/e","0","57","230","178"
"BZN|DK2","20.06.2018 00:00 - 20.06.2018 01:00 (CET/CEST)","1","n/e","n/e","23","66","8","n/e","n/e","n/e","n/e","n/e","n/e","n/e","n/e","n/e","n/e","n/e","0","57","186","173"
"BZN|DK2","20.06.2018 01:00 - 20.06.2018 02:00 (CET/CEST)","2","n/e","n/e","25","66","8","n/e","n/e","n/e","n/e","n/e","n/e","n/e","n/e","n/e","n/e","n/e","0","58","164","154"
"BZN|DK2","20.06.2018 02:00 - 20.06.2018 03:00 (CET/CEST)","2","n/e","n/e","25","67","8","n/e","n/e","n/e","n/e","n/e","n/e","n/e","n/e","n/e","n/e","n/e","0","58","135","133"
"BZN|DK2","20.06.2018 03:00 - 20.06.2018 04:00 (CET/CEST)","2","n/e","n/e","25","65","8","n/e","n/e","n/e","n/e","n/e","n/e","n/e","n/e","n/e","n/e","n/e","0","58","98","99"
"BZN|DK2","20.06.2018 04:00 - 20.06.2018 05:00 (CET/CEST)","2","n/e","n/e","25","65","8","n/e","n/e","n/e","n/e","n/e","n/e","n/e","n/e","n/e","n/e","n/e","0","59","51","61"
"BZN|DK2","20.06.2018 05:00 - 20.06.2018 06:00 (CET/CEST)","2","n/e","n/e","28","70","9","n/e","n/e","n/e","n/e","n/e","n/e","n/e","n/e","n/e","n/e","n/e","5","59","29","41"
"BZN|DK2","20.06.2018 06:00 - 20.06.2018 07:00 (CET/CEST)","2","n/e","n/e","83","153","12","n/e","n/e","n/e","n/e","n/e","n/e","n/e","n/e","n/e","n/e","n/e","14","63","41","49"
"BZN|DK2","20.06.2018 07:00 - 20.06.2018 08:00 (CET/CEST)","2","n/e","n/e","86","169","12","n/e","n/e","n/e","n/e","n/e","n/e","n/e","n/e","n/e","n/e","n/e","24","64","56","70"
"BZN|DK2","20.06.2018 08:00 - 20.06.2018 09:00 (CET/CEST)","2","n/e","n/e","77","178","13","n/e","n/e","n/e","n/e","n/e","n/e","n/e","n/e","n/e","n/e","n/e","39","65","95","112"
"BZN|DK2","20.06.2018 09:00 - 20.06.2018 10:00 (CET/CEST)","2","n/e","n/e","46","151","11","n/e","n/e","n/e","n/e","n/e","n/e","n/e","n/e","n/e","n/e","n/e","72","65","138","200"
"BZN|DK2","20.06.2018 10:00 - 20.06.2018 11:00 (CET/CEST)","2","n/e","n/e","29","147","19","n/e","n/e","n/e","n/e","n/e","n/e","n/e","n/e","n/e","n/e","n/e","102","65","247","282"
"BZN|DK2","20.06.2018 11:00 - 20.06.2018 12:00 (CET/CEST)","2","n/e","n/e","28","99","22","n/e","n/e","n/e","n/e","n/e","n/e","n/e","n/e","n/e","n/e","n/e","165","64","323","383"
"BZN|DK2","20.06.2018 12:00 - 20.06.2018 13:00 (CET/CEST)","2","n/e","n/e","28","79","22","n/e","n/e","n/e","n/e","n/e","n/e","n/e","n/e","n/e","n/e","n/e","188","64","325","472"
"BZN|DK2","20.06.2018 13:00 - 20.06.2018 14:00 (CET/CEST)","2","n/e","n/e","25","105","21","n/e","n/e","n/e","n/e","n/e","n/e","n/e","n/e","n/e","n/e","n/e","181","65","314","493"
"BZN|DK2","20.06.2018 14:00 - 20.06.2018 15:00 (CET/CEST)","2","n/e","n/e","25","105","21","n/e","n/e","n/e","n/e","n/e","n/e","n/e","n/e","n/e","n/e","n/e","154","66","301","470"
"BZN|DK2","20.06.2018 15:00 - 20.06.2018 16:00 (CET/CEST)","2","n/e","n/e","25","80","21","n/e","n/e","n/e","n/e","n/e","n/e","n/e","n/e","n/e","n/e","n/e","131","65","294","459"
"BZN|DK2","20.06.2018 16:00 - 20.06.2018 17:00 (CET/CEST)","2","n/e","n/e","25","71","21","n/e","n/e","n/e","n/e","n/e","n/e","n/e","n/e","n/e","n/e","n/e","112","66","286","434"
"BZN|DK2","20.06.2018 17:00 - 20.06.2018 18:00 (CET/CEST)","2","n/e","n/e","24","61","21","n/e","n/e","n/e","n/e","n/e","n/e","n/e","n/e","n/e","n/e","n/e","96","64","250","417"
"BZN|DK2","20.06.2018 18:00 - 20.06.2018 19:00 (CET/CEST)","2","n/e","n/e","25","73","21","n/e","n/e","n/e","n/e","n/e","n/e","n/e","n/e","n/e","n/e","n/e","61","65","189","366"
"BZN|DK2","20.06.2018 19:00 - 20.06.2018 20:00 (CET/CEST)","2","n/e","n/e","24","91","21","n/e","n/e","n/e","n/e","n/e","n/e","n/e","n/e","n/e","n/e","n/e","32","66","92","365"
"BZN|DK2","20.06.2018 20:00 - 20.06.2018 21:00 (CET/CEST)","2","n/e","n/e","25","122","21","n/e","n/e","n/e","n/e","n/e","n/e","n/e","n/e","n/e","n/e","n/e","12","66","100","369"
"BZN|DK2","20.06.2018 21:00 - 20.06.2018 22:00 (CET/CEST)","2","n/e","n/e","24","79","21","n/e","n/e","n/e","n/e","n/e","n/e","n/e","n/e","n/e","n/e","n/e","2","66","255","335"
"BZN|DK2","20.06.2018 22:00 - 20.06.2018 23:00 (CET/CEST)","2","n/e","n/e","24","71","21","n/e","n/e","n/e","n/e","n/e","n/e","n/e","n/e","n/e","n/e","n/e","0","66","252","297"
"BZN|DK2","20.06.2018 23:00 - 21.06.2018 00:00 (CET/CEST)","2","n/e","n/e","24","77","21","n/e","n/e","n/e","n/e","n/e","n/e","n/e","n/e","n/e","n/e","n/e","0","65","162","286"
"BZN|DK2","21.06.2018 00:00 - 21.06.2018 01:00 (CET/CEST)","2","n/e","n/e","24","71","21","n/e","n/e","n/e","n/e","n/e","n/e","n/e","n/e","n/e","n/e","n/e","0","64","93","305"
"BZN|DK2","21.06.2018 01:00 - 21.06.2018 02:00 (CET/CEST)","2","n/e","n/e","24","71","21","n/e","n/e","n/e","n/e","n/e","n/e","n/e","n/e","n/e","n/e","n/e","0","61","136","308"
"BZN|DK2","21.06.2018 02:00 - 21.06.2018 03:00 (CET/CEST)","2","n/e","n/e","24","64","21","n/e","n/e","n/e","n/e","n/e","n/e","n/e","n/e","n/e","n/e","n/e","0","60","154","321"
"BZN|DK2","21.06.2018 03:00 - 21.06.2018 04:00 (CET/CEST)","2","n/e","n/e","23","60","21","n/e","n/e","n/e","n/e","n/e","n/e","n/e","n/e","n/e","n/e","n/e","0","62","149","304"
"BZN|DK2","21.06.2018 04:00 - 21.06.2018 05:00 (CET/CEST)","2","n/e","n/e","24","68","21","n/e","n/e","n/e","n/e","n/e","n/e","n/e","n/e","n/e","n/e","n/e","0","62","131","299"
"BZN|DK2","21.06.2018 05:00 - 21.06.2018 06:00 (CET/CEST)","2","n/e","n/e","24","66","21","n/e","n/e","n/e","n/e","n/e","n/e","n/e","n/e","n/e","n/e","n/e","5","63","157","285"
"BZN|DK2","21.06.2018 06:00 - 21.06.2018 07:00 (CET/CEST)","2","n/e","n/e","29","81","22","n/e","n/e","n/e","n/e","n/e","n/e","n/e","n/e","n/e","n/e","n/e","14","65","228","229"
"BZN|DK2","21.06.2018 07:00 - 21.06.2018 08:00 (CET/CEST)","2","n/e","n/e","31","126","23","n/e","n/e","n/e","n/e","n/e","n/e","n/e","n/e","n/e","n/e","n/e","21","65","198","184"
"BZN|DK2","21.06.2018 08:00 - 21.06.2018 09:00 (CET/CEST)","4","n/e","n/e","36","159","23","n/e","n/e","n/e","n/e","n/e","n/e","n/e","n/e","n/e","n/e","n/e","46","66","97","202"
"BZN|DK2","21.06.2018 09:00 - 21.06.2018 10:00 (CET/CEST)","9","n/e","n/e","51","142","23","n/e","n/e","n/e","n/e","n/e","n/e","n/e","n/e","n/e","n/e","n/e","63","65","100","214"
"BZN|DK2","21.06.2018 10:00 - 21.06.2018 11:00 (CET/CEST)","10","n/e","n/e","46","97","22","n/e","n/e","n/e","n/e","n/e","n/e","n/e","n/e","n/e","n/e","n/e","73","64","116","195"
"BZN|DK2","21.06.2018 11:00 - 21.06.2018 12:00 (CET/CEST)","11","n/e","n/e","59","114","26","n/e","n/e","n/e","n/e","n/e","n/e","n/e","n/e","n/e","n/e","n/e","92","68","104","232"
"BZN|DK2","21.06.2018 12:00 - 21.06.2018 13:00 (CET/CEST)","10","n/e","n/e","44","63","22","n/e","n/e","n/e","n/e","n/e","n/e","n/e","n/e","n/e","n/e","n/e","128","65","95","213"
"BZN|DK2","21.06.2018 13:00 - 21.06.2018 14:00 (CET/CEST)","10","n/e","n/e","42","90","21","n/e","n/e","n/e","n/e","n/e","n/e","n/e","n/e","n/e","n/e","n/e","138","65","56","258"
"BZN|DK2","21.06.2018 14:00 - 21.06.2018 15:00 (CET/CEST)","10","n/e","n/e","45","105","22","n/e","n/e","n/e","n/e","n/e","n/e","n/e","n/e","n/e","n/e","n/e","98","65","213","306"
"BZN|DK2","21.06.2018 15:00 - 21.06.2018 16:00 (CET/CEST)","10","n/e","n/e","45","69","22","n/e","n/e","n/e","n/e","n/e","n/e","n/e","n/e","n/e","n/e","n/e","75","65","210","374"
"BZN|DK2","21.06.2018 16:00 - 21.06.2018 17:00 (CET/CEST)","10","n/e","n/e","44","64","22","n/e","n/e","n/e","n/e","n/e","n/e","n/e","n/e","n/e","n/e","n/e","89","65","346","457"
"BZN|DK2","21.06.2018 17:00 - 21.06.2018 18:00 (CET/CEST)","10","n/e","n/e","44","66","22","n/e","n/e","n/e","n/e","n/e","n/e","n/e","n/e","n/e","n/e","n/e","89","65","354","527"
"BZN|DK2","21.06.2018 18:00 - 21.06.2018 19:00 (CET/CEST)","10","n/e","n/e","44","61","22","n/e","n/e","n/e","n/e","n/e","n/e","n/e","n/e","n/e","n/e","n/e","82","65","360","557"
"BZN|DK2","21.06.2018 19:00 - 21.06.2018 20:00 (CET/CEST)","10","n/e","n/e","44","61","20","n/e","n/e","n/e","n/e","n/e","n/e","n/e","n/e","n/e","n/e","n/e","45","65","371","581"
"BZN|DK2","21.06.2018 20:00 - 21.06.2018 21:00 (CET/CEST)","10","n/e","n/e","44","61","19","n/e","n/e","n/e","n/e","n/e","n/e","n/e","n/e","n/e","n/e","n/e","16","65","372","545"
"BZN|DK2","21.06.2018 21:00 - 21.06.2018 22:00 (CET/CEST)","10","n/e","n/e","45","77","16","n/e","n/e","n/e","n/e","n/e","n/e","n/e","n/e","n/e","n/e","n/e","4","65","369","526"
"BZN|DK2","21.06.2018 22:00 - 21.06.2018 23:00 (CET/CEST)","10","n/e","n/e","45","72","13","n/e","n/e","n/e","n/e","n/e","n/e","n/e","n/e","n/e","n/e","n/e","0","66","369","503"
"BZN|DK2","21.06.2018 23:00 - 22.06.2018 00:00 (CET/CEST)","10","n/e","n/e","45","71","13","n/e","n/e","n/e","n/e","n/e","n/e","n/e","n/e","n/e","n/e","n/e","0","66","370","489"
"BZN|DK2","22.06.2018 00:00 - 22.06.2018 01:00 (CET/CEST)","10","n/e","n/e","44","70","9","n/e","n/e","n/e","n/e","n/e","n/e","n/e","n/e","n/e","n/e","n/e","0","65","367","447"
"BZN|DK2","22.06.2018 01:00 - 22.06.2018 02:00 (CET/CEST)","4","n/e","n/e","44","63","8","n/e","n/e","n/e","n/e","n/e","n/e","n/e","n/e","n/e","n/e","n/e","0","64","366","431"
"BZN|DK2","22.06.2018 02:00 - 22.06.2018 03:00 (CET/CEST)","2","n/e","n/e","44","57","8","n/e","n/e","n/e","n/e","n/e","n/e","n/e","n/e","n/e","n/e","n/e","0","65","363","392"
"BZN|DK2","22.06.2018 03:00 - 22.06.2018 04:00 (CET/CEST)","2","n/e","n/e","44","59","8","n/e","n/e","n/e","n/e","n/e","n/e","n/e","n/e","n/e","n/e","n/e","0","65","345","312"
"BZN|DK2","22.06.2018 04:00 - 22.06.2018 05:00 (CET/CEST)","2","n/e","n/e","44","65","8","n/e","n/e","n/e","n/e","n/e","n/e","n/e","n/e","n/e","n/e","n/e","0","64","230","252"
"BZN|DK2","22.06.2018 05:00 - 22.06.2018 06:00 (CET/CEST)","2","n/e","n/e","44","64","8","n/e","n/e","n/e","n/e","n/e","n/e","n/e","n/e","n/e","n/e","n/e","4","65","242","238"
"BZN|DK2","22.06.2018 06:00 - 22.06.2018 07:00 (CET/CEST)","2","n/e","n/e","45","69","9","n/e","n/e","n/e","n/e","n/e","n/e","n/e","n/e","n/e","n/e","n/e","21","65","234","216"
"BZN|DK2","22.06.2018 07:00 - 22.06.2018 08:00 (CET/CEST)","2","n/e","n/e","47","74","9","n/e","n/e","n/e","n/e","n/e","n/e","n/e","n/e","n/e","n/e","n/e","46","63","212","210"
"BZN|DK2","22.06.2018 08:00 - 22.06.2018 09:00 (CET/CEST)","2","n/e","n/e","49","71","10","n/e","n/e","n/e","n/e","n/e","n/e","n/e","n/e","n/e","n/e","n/e","87","62","214","183"
"BZN|DK2","22.06.2018 09:00 - 22.06.2018 10:00 (CET/CEST)","2","n/e","n/e","48","69","10","n/e","n/e","n/e","n/e","n/e","n/e","n/e","n/e","n/e","n/e","n/e","135","62","162","172"
"BZN|DK2","22.06.2018 10:00 - 22.06.2018 11:00 (CET/CEST)","2","n/e","n/e","47","71","9","n/e","n/e","n/e","n/e","n/e","n/e","n/e","n/e","n/e","n/e","n/e","165","56","159","172"
"BZN|DK2","22.06.2018 11:00 - 22.06.2018 12:00 (CET/CEST)","2","n/e","n/e","47","67","9","n/e","n/e","n/e","n/e","n/e","n/e","n/e","n/e","n/e","n/e","n/e","193","62","151","218"
"BZN|DK2","22.06.2018 12:00 - 22.06.2018 13:00 (CET/CEST)","2","n/e","n/e","44","72","9","n/e","n/e","n/e","n/e","n/e","n/e","n/e","n/e","n/e","n/e","n/e","215","65","167","284"
"BZN|DK2","22.06.2018 13:00 - 22.06.2018 14:00 (CET/CEST)","2","n/e","n/e","45","72","9","n/e","n/e","n/e","n/e","n/e","n/e","n/e","n/e","n/e","n/e","n/e","217","62","252","374"
"BZN|DK2","22.06.2018 14:00 - 22.06.2018 15:00 (CET/CEST)","2","n/e","n/e","44","71","9","n/e","n/e","n/e","n/e","n/e","n/e","n/e","n/e","n/e","n/e","n/e","191","64","285","434"
"BZN|DK2","22.06.2018 15:00 - 22.06.2018 16:00 (CET/CEST)","3","n/e","n/e","46","71","9","n/e","n/e","n/e","n/e","n/e","n/e","n/e","n/e","n/e","n/e","n/e","168","58","329","491"
"BZN|DK2","22.06.2018 16:00 - 22.06.2018 17:00 (CET/CEST)","3","n/e","n/e","49","70","10","n/e","n/e","n/e","n/e","n/e","n/e","n/e","n/e","n/e","n/e","n/e","133","50","363","511"
"BZN|DK2","22.06.2018 17:00 - 22.06.2018 18:00 (CET/CEST)","2","n/e","n/e","49","74","10","n/e","n/e","n/e","n/e","n/e","n/e","n/e","n/e","n/e","n/e","n/e","92","51","371","523"
"BZN|DK2","22.06.2018 18:00 - 22.06.2018 19:00 (CET/CEST)","2","n/e","n/e","49","77","10","n/e","n/e","n/e","n/e","n/e","n/e","n/e","n/e","n/e","n/e","n/e","77","51","370","490"
"BZN|DK2","22.06.2018 19:00 - 22.06.2018 20:00 (CET/CEST)","2","n/e","n/e","50","79","10","n/e","n/e","n/e","n/e","n/e","n/e","n/e","n/e","n/e","n/e","n/e","51","49","369","491"
"BZN|DK2","22.06.2018 20:00 - 22.06.2018 21:00 (CET/CEST)","2","n/e","n/e","49","78","10","n/e","n/e","n/e","n/e","n/e","n/e","n/e","n/e","n/e","n/e","n/e","19","49","367","504"
"BZN|DK2","22.06.2018 21:00 - 22.06.2018 22:00 (CET/CEST)","2","n/e","n/e","48","74","10","n/e","n/e","n/e","n/e","n/e","n/e","n/e","n/e","n/e","n/e","n/e","3","49","369","468"
"BZN|DK2","22.06.2018 22:00 - 22.06.2018 23:00 (CET/CEST)","2","n/e","n/e","43","64","9","n/e","n/e","n/e","n/e","n/e","n/e","n/e","n/e","n/e","n/e","n/e","0","61","367","443"
"BZN|DK2","22.06.2018 23:00 - 23.06.2018 00:00 (CET/CEST)","2","n/e","n/e","43","61","9","n/e","n/e","n/e","n/e","n/e","n/e","n/e","n/e","n/e","n/e","n/e","0","64","367","456"
"BZN|DK2","23.06.2018 00:00 - 23.06.2018 01:00 (CET/CEST)","2","n/e","n/e","43","69","9","n/e","n/e","n/e","n/e","n/e","n/e","n/e","n/e","n/e","n/e","n/e","0","64","365","415"
"BZN|DK2","23.06.2018 01:00 - 23.06.2018 02:00 (CET/CEST)","2","n/e","n/e","45","66","9","n/e","n/e","n/e","n/e","n/e","n/e","n/e","n/e","n/e","n/e","n/e","0","65","368","410"
"BZN|DK2","23.06.2018 02:00 - 23.06.2018 03:00 (CET/CEST)","2","n/e","n/e","45","69","9","n/e","n/e","n/e","n/e","n/e","n/e","n/e","n/e","n/e","n/e","n/e","0","65","365","401"
"BZN|DK2","23.06.2018 03:00 - 23.06.2018 04:00 (CET/CEST)","2","n/e","n/e","44","67","8","n/e","n/e","n/e","n/e","n/e","n/e","n/e","n/e","n/e","n/e","n/e","0","66","364","393"
"BZN|DK2","23.06.2018 04:00 - 23.06.2018 05:00 (CET/CEST)","2","n/e","n/e","44","66","8","n/e","n/e","n/e","n/e","n/e","n/e","n/e","n/e","n/e","n/e","n/e","1","63","359","386"
"BZN|DK2","23.06.2018 05:00 - 23.06.2018 06:00 (CET/CEST)","2","n/e","n/e","44","66","9","n/e","n/e","n/e","n/e","n/e","n/e","n/e","n/e","n/e","n/e","n/e","8","65","353","378"
"BZN|DK2","23.06.2018 06:00 - 23.06.2018 07:00 (CET/CEST)","2","n/e","n/e","44","66","8","n/e","n/e","n/e","n/e","n/e","n/e","n/e","n/e","n/e","n/e","n/e","27","65","340","379"
"BZN|DK2","23.06.2018 07:00 - 23.06.2018 08:00 (CET/CEST)","2","n/e","n/e","44","66","9","n/e","n/e","n/e","n/e","n/e","n/e","n/e","n/e","n/e","n/e","n/e","59","65","335","420"
"BZN|DK2","23.06.2018 08:00 - 23.06.2018 09:00 (CET/CEST)","2","n/e","n/e","44","94","9","n/e","n/e","n/e","n/e","n/e","n/e","n/e","n/e","n/e","n/e","n/e","94","66","327","430"
"BZN|DK2","23.06.2018 09:00 - 23.06.2018 10:00 (CET/CEST)","2","n/e","n/e","44","88","9","n/e","n/e","n/e","n/e","n/e","n/e","n/e","n/e","n/e","n/e","n/e","134","64","279","386"
"BZN|DK2","23.06.2018 10:00 - 23.06.2018 11:00 (CET/CEST)","2","n/e","n/e","44","108","9","n/e","n/e","n/e","n/e","n/e","n/e","n/e","n/e","n/e","n/e","n/e","162","65","264","334"
"BZN|DK2","23.06.2018 11:00 - 23.06.2018 12:00 (CET/CEST)","2","n/e","n/e","43","113","9","n/e","n/e","n/e","n/e","n/e","n/e","n/e","n/e","n/e","n/e","n/e","188","66","317","312"
"BZN|DK2","23.06.2018 12:00 - 23.06.2018 13:00 (CET/CEST)","3","n/e","n/e","45","114","9","n/e","n/e","n/e","n/e","n/e","n/e","n/e","n/e","n/e","n/e","n/e","182","34","340","293"
"BZN|DK2","23.06.2018 13:00 - 23.06.2018 14:00 (CET/CEST)","8","n/e","n/e","38","99","7","n/e","n/e","n/e","n/e","n/e","n/e","n/e","n/e","n/e","n/e","n/e","187","32","315","280"
"BZN|DK2","23.06.2018 14:00 - 23.06.2018 15:00 (CET/CEST)","10","n/e","n/e","36","57","6","n/e","n/e","n/e","n/e","n/e","n/e","n/e","n/e","n/e","n/e","n/e","191","33","297","305"
"BZN|DK2","23.06.2018 15:00 - 23.06.2018 16:00 (CET/CEST)","9","n/e","n/e","35","58","6","n/e","n/e","n/e","n/e","n/e","n/e","n/e","n/e","n/e","n/e","n/e","179","42","302","317"
"BZN|DK2","23.06.2018 16:00 - 23.06.2018 17:00 (CET/CEST)","9","n/e","n/e","35","74","6","n/e","n/e","n/e","n/e","n/e","n/e","n/e","n/e","n/e","n/e","n/e","140","57","272","306"
"BZN|DK2","23.06.2018 17:00 - 23.06.2018 18:00 (CET/CEST)","10","n/e","n/e","42","103","8","n/e","n/e","n/e","n/e","n/e","n/e","n/e","n/e","n/e","n/e","n/e","115","62","254","294"
"BZN|DK2","23.06.2018 18:00 - 23.06.2018 19:00 (CET/CEST)","10","n/e","n/e","45","133","9","n/e","n/e","n/e","n/e","n/e","n/e","n/e","n/e","n/e","n/e","n/e","80","64","239","271"
"BZN|DK2","23.06.2018 19:00 - 23.06.2018 20:00 (CET/CEST)","10","n/e","n/e","45","130","9","n/e","n/e","n/e","n/e","n/e","n/e","n/e","n/e","n/e","n/e","n/e","42","65","256","255"
"BZN|DK2","23.06.2018 20:00 - 23.06.2018 21:00 (CET/CEST)","10","n/e","n/e","45","92","9","n/e","n/e","n/e","n/e","n/e","n/e","n/e","n/e","n/e","n/e","n/e","17","67","289","266"
"BZN|DK2","23.06.2018 21:00 - 23.06.2018 22:00 (CET/CEST)","10","n/e","n/e","45","77","9","n/e","n/e","n/e","n/e","n/e","n/e","n/e","n/e","n/e","n/e","n/e","4","68","309","261"
"BZN|DK2","23.06.2018 22:00 - 23.06.2018 23:00 (CET/CEST)","10","n/e","n/e","45","76","9","n/e","n/e","n/e","n/e","n/e","n/e","n/e","n/e","n/e","n/e","n/e","0","67","277","268"
"BZN|DK2","23.06.2018 23:00 - 24.06.2018 00:00 (CET/CEST)","10","n/e","n/e","45","82","9","n/e","n/e","n/e","n/e","n/e","n/e","n/e","n/e","n/e","n/e","n/e","0","67","263","260"
"BZN|DK2","24.06.2018 00:00 - 24.06.2018 01:00 (CET/CEST)","10","n/e","n/e","45","81","9","n/e","n/e","n/e","n/e","n/e","n/e","n/e","n/e","n/e","n/e","n/e","0","67","241","210"
"BZN|DK2","24.06.2018 01:00 - 24.06.2018 02:00 (CET/CEST)","10","n/e","n/e","45","70","9","n/e","n/e","n/e","n/e","n/e","n/e","n/e","n/e","n/e","n/e","n/e","0","68","161","191"
"BZN|DK2","24.06.2018 02:00 - 24.06.2018 03:00 (CET/CEST)","10","n/e","n/e","47","74","9","n/e","n/e","n/e","n/e","n/e","n/e","n/e","n/e","n/e","n/e","n/e","0","66","125","163"
"BZN|DK2","24.06.2018 03:00 - 24.06.2018 04:00 (CET/CEST)","9","n/e","n/e","47","74","9","n/e","n/e","n/e","n/e","n/e","n/e","n/e","n/e","n/e","n/e","n/e","0","66","113","151"
"BZN|DK2","24.06.2018 04:00 - 24.06.2018 05:00 (CET/CEST)","10","n/e","n/e","47","70","9","n/e","n/e","n/e","n/e","n/e","n/e","n/e","n/e","n/e","n/e","n/e","0","66","94","136"
"BZN|DK2","24.06.2018 05:00 - 24.06.2018 06:00 (CET/CEST)","10","n/e","n/e","46","72","9","n/e","n/e","n/e","n/e","n/e","n/e","n/e","n/e","n/e","n/e","n/e","6","65","78","113"
"BZN|DK2","24.06.2018 06:00 - 24.06.2018 07:00 (CET/CEST)","10","n/e","n/e","45","72","9","n/e","n/e","n/e","n/e","n/e","n/e","n/e","n/e","n/e","n/e","n/e","18","66","104","98"
"BZN|DK2","24.06.2018 07:00 - 24.06.2018 08:00 (CET/CEST)","10","n/e","n/e","45","82","9","n/e","n/e","n/e","n/e","n/e","n/e","n/e","n/e","n/e","n/e","n/e","39","67","100","101"
"BZN|DK2","24.06.2018 08:00 - 24.06.2018 09:00 (CET/CEST)","10","n/e","n/e","46","77","9","n/e","n/e","n/e","n/e","n/e","n/e","n/e","n/e","n/e","n/e","n/e","67","67","86","79"
"BZN|DK2","24.06.2018 09:00 - 24.06.2018 10:00 (CET/CEST)","4","n/e","n/e","46","74","9","n/e","n/e","n/e","n/e","n/e","n/e","n/e","n/e","n/e","n/e","n/e","101","67","69","63"
"BZN|DK2","24.06.2018 10:00 - 24.06.2018 11:00 (CET/CEST)","2","n/e","n/e","46","84","9","n/e","n/e","n/e","n/e","n/e","n/e","n/e","n/e","n/e","n/e","n/e","129","67","57","52"
"BZN|DK2","24.06.2018 11:00 - 24.06.2018 12:00 (CET/CEST)","2","n/e","n/e","46","128","9","n/e","n/e","n/e","n/e","n/e","n/e","n/e","n/e","n/e","n/e","n/e","153","66","39","33"
"BZN|DK2","24.06.2018 12:00 - 24.06.2018 13:00 (CET/CEST)","3","n/e","n/e","45","110","9","n/e","n/e","n/e","n/e","n/e","n/e","n/e","n/e","n/e","n/e","n/e","177","67","15","20"
"BZN|DK2","24.06.2018 13:00 - 24.06.2018 14:00 (CET/CEST)","4","n/e","n/e","45","92","9","n/e","n/e","n/e","n/e","n/e","n/e","n/e","n/e","n/e","n/e","n/e","197","66","8","16"
"BZN|DK2","24.06.2018 14:00 - 24.06.2018 15:00 (CET/CEST)","4","n/e","n/e","45","94","9","n/e","n/e","n/e","n/e","n/e","n/e","n/e","n/e","n/e","n/e","n/e","190","66","3","21"
"BZN|DK2","24.06.2018 15:00 - 24.06.2018 16:00 (CET/CEST)","4","n/e","n/e","43","114","9","n/e","n/e","n/e","n/e","n/e","n/e","n/e","n/e","n/e","n/e","n/e","197","67","9","24"
"BZN|DK2","24.06.2018 16:00 - 24.06.2018 17:00 (CET/CEST)","3","n/e","n/e","45","120","9","n/e","n/e","n/e","n/e","n/e","n/e","n/e","n/e","n/e","n/e","n/e","183","65","18","28"
"BZN|DK2","24.06.2018 17:00 - 24.06.2018 18:00 (CET/CEST)","4","n/e","n/e","43","106","9","n/e","n/e","n/e","n/e","n/e","n/e","n/e","n/e","n/e","n/e","n/e","151","67","36","31"
"BZN|DK2","24.06.2018 18:00 - 24.06.2018 19:00 (CET/CEST)","4","n/e","n/e","45","100","9","n/e","n/e","n/e","n/e","n/e","n/e","n/e","n/e","n/e","n/e","n/e","92","68","54","33"
"BZN|DK2","24.06.2018 19:00 - 24.06.2018 20:00 (CET/CEST)","4","n/e","n/e","45","136","9","n/e","n/e","n/e","n/e","n/e","n/e","n/e","n/e","n/e","n/e","n/e","44","67","64","34"
"BZN|DK2","24.06.2018 20:00 - 24.06.2018 21:00 (CET/CEST)","3","n/e","n/e","45","136","9","n/e","n/e","n/e","n/e","n/e","n/e","n/e","n/e","n/e","n/e","n/e","20","67","50","48"
"BZN|DK2","24.06.2018 21:00 - 24.06.2018 22:00 (CET/CEST)","4","n/e","n/e","45","143","9","n/e","n/e","n/e","n/e","n/e","n/e","n/e","n/e","n/e","n/e","n/e","4","67","45","64"
"BZN|DK2","24.06.2018 22:00 - 24.06.2018 23:00 (CET/CEST)","4","n/e","n/e","44","138","9","n/e","n/e","n/e","n/e","n/e","n/e","n/e","n/e","n/e","n/e","n/e","0","66","90","71"
"BZN|DK2","24.06.2018 23:00 - 25.06.2018 00:00 (CET/CEST)","4","n/e","n/e","44","111","9","n/e","n/e","n/e","n/e","n/e","n/e","n/e","n/e","n/e","n/e","n/e","0","65","147","77"
"BZN|DK2","25.06.2018 00:00 - 25.06.2018 01:00 (CET/CEST)","4","n/e","n/e","44","82","9","n/e","n/e","n/e","n/e","n/e","n/e","n/e","n/e","n/e","n/e","n/e","0","66","145","70"
"BZN|DK2","25.06.2018 01:00 - 25.06.2018 02:00 (CET/CEST)","3","n/e","n/e","43","74","9","n/e","n/e","n/e","n/e","n/e","n/e","n/e","n/e","n/e","n/e","n/e","0","65","138","74"
"BZN|DK2","25.06.2018 02:00 - 25.06.2018 03:00 (CET/CEST)","3","n/e","n/e","43","62","9","n/e","n/e","n/e","n/e","n/e","n/e","n/e","n/e","n/e","n/e","n/e","0","65","131","59"
"BZN|DK2","25.06.2018 03:00 - 25.06.2018 04:00 (CET/CEST)","3","n/e","n/e","44","60","9","n/e","n/e","n/e","n/e","n/e","n/e","n/e","n/e","n/e","n/e","n/e","0","66","89","55"
"BZN|DK2","25.06.2018 04:00 - 25.06.2018 05:00 (CET/CEST)","3","n/e","n/e","44","61","9","n/e","n/e","n/e","n/e","n/e","n/e","n/e","n/e","n/e","n/e","n/e","1","66","92","54"
"BZN|DK2","25.06.2018 05:00 - 25.06.2018 06:00 (CET/CEST)","4","n/e","n/e","44","74","9","n/e","n/e","n/e","n/e","n/e","n/e","n/e","n/e","n/e","n/e","n/e","9","65","72","39"
"BZN|DK2","25.06.2018 06:00 - 25.06.2018 07:00 (CET/CEST)","4","n/e","n/e","45","120","9","n/e","n/e","n/e","n/e","n/e","n/e","n/e","n/e","n/e","n/e","n/e","27","66","47","31"
"BZN|DK2","25.06.2018 07:00 - 25.06.2018 08:00 (CET/CEST)","4","n/e","n/e","55","160","11","n/e","n/e","n/e","n/e","n/e","n/e","n/e","n/e","n/e","n/e","n/e","52","66","57","27"
"BZN|DK2","25.06.2018 08:00 - 25.06.2018 09:00 (CET/CEST)","9","n/e","n/e","102","177","12","n/e","n/e","n/e","n/e","n/e","n/e","n/e","n/e","n/e","n/e","n/e","68","65","49","21"
"BZN|DK2","25.06.2018 09:00 - 25.06.2018 10:00 (CET/CEST)","13","n/e","n/e","70","176","11","n/e","n/e","n/e","n/e","n/e","n/e","n/e","n/e","n/e","n/e","n/e","102","66","36","23"
"BZN|DK2","25.06.2018 10:00 - 25.06.2018 11:00 (CET/CEST)","12","n/e","n/e","50","174","11","n/e","n/e","n/e","n/e","n/e","n/e","n/e","n/e","n/e","n/e","n/e","136","66","67","34"
"BZN|DK2","25.06.2018 11:00 - 25.06.2018 12:00 (CET/CEST)","11","n/e","n/e","50","168","11","n/e","n/e","n/e","n/e","n/e","n/e","n/e","n/e","n/e","n/e","n/e","181","65","97","57"
"BZN|DK2","25.06.2018 12:00 - 25.06.2018 13:00 (CET/CEST)","12","n/e","n/e","48","165","10","n/e","n/e","n/e","n/e","n/e","n/e","n/e","n/e","n/e","n/e","n/e","208","63","116","75"
"BZN|DK2","25.06.2018 13:00 - 25.06.2018 14:00 (CET/CEST)","12","n/e","n/e","47","154","10","n/e","n/e","n/e","n/e","n/e","n/e","n/e","n/e","n/e","n/e","n/e","196","63","104","87"
"BZN|DK2","25.06.2018 14:00 - 25.06.2018 15:00 (CET/CEST)","12","n/e","n/e","46","158","9","n/e","n/e","n/e","n/e","n/e","n/e","n/e","n/e","n/e","n/e","n/e","180","64","85","79"
"BZN|DK2","25.06.2018 15:00 - 25.06.2018 16:00 (CET/CEST)","6","n/e","n/e","41","139","9","n/e","n/e","n/e","n/e","n/e","n/e","n/e","n/e","n/e","n/e","n/e","166","64","69","80"
"BZN|DK2","25.06.2018 16:00 - 25.06.2018 17:00 (CET/CEST)","3","n/e","n/e","28","127","9","n/e","n/e","n/e","n/e","n/e","n/e","n/e","n/e","n/e","n/e","n/e","142","64","83","92"
"BZN|DK2","25.06.2018 17:00 - 25.06.2018 18:00 (CET/CEST)","3","n/e","n/e","29","128","10","n/e","n/e","n/e","n/e","n/e","n/e","n/e","n/e","n/e","n/e","n/e","123","65","125","107"
"BZN|DK2","25.06.2018 18:00 - 25.06.2018 19:00 (CET/CEST)","4","n/e","n/e","29","145","10","n/e","n/e","n/e","n/e","n/e","n/e","n/e","n/e","n/e","n/e","n/e","89","65","127","122"
"BZN|DK2","25.06.2018 19:00 - 25.06.2018 20:00 (CET/CEST)","4","n/e","n/e","29","141","10","n/e","n/e","n/e","n/e","n/e","n/e","n/e","n/e","n/e","n/e","n/e","44","65","150","111"
"BZN|DK2","25.06.2018 20:00 - 25.06.2018 21:00 (CET/CEST)","4","n/e","n/e","28","114","9","n/e","n/e","n/e","n/e","n/e","n/e","n/e","n/e","n/e","n/e","n/e","16","63","145","98"
"BZN|DK2","25.06.2018 21:00 - 25.06.2018 22:00 (CET/CEST)","4","n/e","n/e","27","132","9","n/e","n/e","n/e","n/e","n/e","n/e","n/e","n/e","n/e","n/e","n/e","3","61","125","96"
"BZN|DK2","25.06.2018 22:00 - 25.06.2018 23:00 (CET/CEST)","4","n/e","n/e","26","119","9","n/e","n/e","n/e","n/e","n/e","n/e","n/e","n/e","n/e","n/e","n/e","0","61","136","92"
"BZN|DK2","25.06.2018 23:00 - 26.06.2018 00:00 (CET/CEST)","3","n/e","n/e","27","135","9","n/e","n/e","n/e","n/e","n/e","n/e","n/e","n/e","n/e","n/e","n/e","0","61","115","92"
"BZN|DK2","26.06.2018 00:00 - 26.06.2018 01:00 (CET/CEST)","4","n/e","n/e","26","120","9","n/e","n/e","n/e","n/e","n/e","n/e","n/e","n/e","n/e","n/e","n/e","0","60","112","75"
"BZN|DK2","26.06.2018 01:00 - 26.06.2018 02:00 (CET/CEST)","12","n/e","n/e","26","92","9","n/e","n/e","n/e","n/e","n/e","n/e","n/e","n/e","n/e","n/e","n/e","0","60","96","55"
"BZN|DK2","26.06.2018 02:00 - 26.06.2018 03:00 (CET/CEST)","14","n/e","n/e","26","116","9","n/e","n/e","n/e","n/e","n/e","n/e","n/e","n/e","n/e","n/e","n/e","0","60","83","33"
"BZN|DK2","26.06.2018 03:00 - 26.06.2018 04:00 (CET/CEST)","15","n/e","n/e","26","101","9","n/e","n/e","n/e","n/e","n/e","n/e","n/e","n/e","n/e","n/e","n/e","0","60","68","27"
"BZN|DK2","26.06.2018 04:00 - 26.06.2018 05:00 (CET/CEST)","14","n/e","n/e","26","77","9","n/e","n/e","n/e","n/e","n/e","n/e","n/e","n/e","n/e","n/e","n/e","0","60","72","33"
"BZN|DK2","26.06.2018 05:00 - 26.06.2018 06:00 (CET/CEST)","14","n/e","n/e","26","65","9","n/e","n/e","n/e","n/e","n/e","n/e","n/e","n/e","n/e","n/e","n/e","6","60","74","25"
"BZN|DK2","26.06.2018 06:00 - 26.06.2018 07:00 (CET/CEST)","15","n/e","n/e","32","111","10","n/e","n/e","n/e","n/e","n/e","n/e","n/e","n/e","n/e","n/e","n/e","21","60","62","14"
"BZN|DK2","26.06.2018 07:00 - 26.06.2018 08:00 (CET/CEST)","14","n/e","n/e","85","167","11","n/e","n/e","n/e","n/e","n/e","n/e","n/e","n/e","n/e","n/e","n/e","55","62","37","7"
"BZN|DK2","26.06.2018 08:00 - 26.06.2018 09:00 (CET/CEST)","15","n/e","n/e","97","182","11","n/e","n/e","n/e","n/e","n/e","n/e","n/e","n/e","n/e","n/e","n/e","101","64","25","4"
"BZN|DK2","26.06.2018 09:00 - 26.06.2018 10:00 (CET/CEST)","15","n/e","n/e","98","170","10","n/e","n/e","n/e","n/e","n/e","n/e","n/e","n/e","n/e","n/e","n/e","152","62","21","5"
"BZN|DK2","26.06.2018 10:00 - 26.06.2018 11:00 (CET/CEST)","15","n/e","n/e","95","155","9","n/e","n/e","n/e","n/e","n/e","n/e","n/e","n/e","n/e","n/e","n/e","190","61","25","10"
"BZN|DK2","26.06.2018 11:00 - 26.06.2018 12:00 (CET/CEST)","13","n/e","n/e","68","136","7","n/e","n/e","n/e","n/e","n/e","n/e","n/e","n/e","n/e","n/e","n/e","212","60","43","26"
"BZN|DK2","26.06.2018 12:00 - 26.06.2018 13:00 (CET/CEST)","13","n/e","n/e","50","135","6","n/e","n/e","n/e","n/e","n/e","n/e","n/e","n/e","n/e","n/e","n/e","219","62","67","38"
"BZN|DK2","26.06.2018 13:00 - 26.06.2018 14:00 (CET/CEST)","14","n/e","n/e","53","141","8","n/e","n/e","n/e","n/e","n/e","n/e","n/e","n/e","n/e","n/e","n/e","209","63","59","39"
"BZN|DK2","26.06.2018 14:00 - 26.06.2018 15:00 (CET/CEST)","9","n/e","n/e","24","144","7","n/e","n/e","n/e","n/e","n/e","n/e","n/e","n/e","n/e","n/e","n/e","195","69","58","64"
"BZN|DK2","26.06.2018 15:00 - 26.06.2018 16:00 (CET/CEST)","4","n/e","n/e","28","143","7","n/e","n/e","n/e","n/e","n/e","n/e","n/e","n/e","n/e","n/e","n/e","187","71","36","69"
"BZN|DK2","26.06.2018 16:00 - 26.06.2018 17:00 (CET/CEST)","4","n/e","n/e","17","113","6","n/e","n/e","n/e","n/e","n/e","n/e","n/e","n/e","n/e","n/e","n/e","160","72","21","62"
"BZN|DK2","26.06.2018 17:00 - 26.06.2018 18:00 (CET/CEST)","4","n/e","n/e","17","64","6","n/e","n/e","n/e","n/e","n/e","n/e","n/e","n/e","n/e","n/e","n/e","117","71","12","46"
"BZN|DK2","26.06.2018 18:00 - 26.06.2018 19:00 (CET/CEST)","4","n/e","n/e","16","77","6","n/e","n/e","n/e","n/e","n/e","n/e","n/e","n/e","n/e","n/e","n/e","89","72","8","40"
"BZN|DK2","26.06.2018 19:00 - 26.06.2018 20:00 (CET/CEST)","4","n/e","n/e","16","127","6","n/e","n/e","n/e","n/e","n/e","n/e","n/e","n/e","n/e","n/e","n/e","42","72","4","30"
"BZN|DK2","26.06.2018 20:00 - 26.06.2018 21:00 (CET/CEST)","4","n/e","n/e","16","118","6","n/e","n/e","n/e","n/e","n/e","n/e","n/e","n/e","n/e","n/e","n/e","15","72","2","23"
"BZN|DK2","26.06.2018 21:00 - 26.06.2018 22:00 (CET/CEST)","2","n/e","n/e","15","57","5","n/e","n/e","n/e","n/e","n/e","n/e","n/e","n/e","n/e","n/e","n/e","3","72","5","26"
"BZN|DK2","26.06.2018 22:00 - 26.06.2018 23:00 (CET/CEST)","1","n/e","n/e","15","86","5","n/e","n/e","n/e","n/e","n/e","n/e","n/e","n/e","n/e","n/e","n/e","0","72","31","29"
"BZN|DK2","26.06.2018 23:00 - 27.06.2018 00:00 (CET/CEST)","1","n/e","n/e","14","60","5","n/e","n/e","n/e","n/e","n/e","n/e","n/e","n/e","n/e","n/e","n/e","0","72","30","35"
"BZN|DK2","27.06.2018 00:00 - 27.06.2018 01:00 (CET/CEST)","1","n/e","n/e","10","65","4","n/e","n/e","n/e","n/e","n/e","n/e","n/e","n/e","n/e","n/e","n/e","0","71","14","40"
"BZN|DK2","27.06.2018 01:00 - 27.06.2018 02:00 (CET/CEST)","1","n/e","n/e","10","71","4","n/e","n/e","n/e","n/e","n/e","n/e","n/e","n/e","n/e","n/e","n/e","0","73","19","35"
"BZN|DK2","27.06.2018 02:00 - 27.06.2018 03:00 (CET/CEST)","1","n/e","n/e","10","85","4","n/e","n/e","n/e","n/e","n/e","n/e","n/e","n/e","n/e","n/e","n/e","0","72","16","32"
"BZN|DK2","27.06.2018 03:00 - 27.06.2018 04:00 (CET/CEST)","1","n/e","n/e","10","72","4","n/e","n/e","n/e","n/e","n/e","n/e","n/e","n/e","n/e","n/e","n/e","0","72","10","29"
"BZN|DK2","27.06.2018 04:00 - 27.06.2018 05:00 (CET/CEST)","1","n/e","n/e","10","97","4","n/e","n/e","n/e","n/e","n/e","n/e","n/e","n/e","n/e","n/e","n/e","0","71","7","31"
"BZN|DK2","27.06.2018 05:00 - 27.06.2018 06:00 (CET/CEST)","5","n/e","n/e","10","109","4","n/e","n/e","n/e","n/e","n/e","n/e","n/e","n/e","n/e","n/e","n/e","7","72","17","32"
"BZN|DK2","27.06.2018 06:00 - 27.06.2018 07:00 (CET/CEST)","9","n/e","n/e","18","119","6","n/e","n/e","n/e","n/e","n/e","n/e","n/e","n/e","n/e","n/e","n/e","26","72","14","29"
"BZN|DK2","27.06.2018 07:00 - 27.06.2018 08:00 (CET/CEST)","10","n/e","n/e","41","146","8","n/e","n/e","n/e","n/e","n/e","n/e","n/e","n/e","n/e","n/e","n/e","62","73","13","22"
"BZN|DK2","27.06.2018 08:00 - 27.06.2018 09:00 (CET/CEST)","10","n/e","n/e","67","160","9","n/e","n/e","n/e","n/e","n/e","n/e","n/e","n/e","n/e","n/e","n/e","109","73","1","18"
"BZN|DK2","27.06.2018 09:00 - 27.06.2018 10:00 (CET/CEST)","10","n/e","n/e","32","162","9","n/e","n/e","n/e","n/e","n/e","n/e","n/e","n/e","n/e","n/e","n/e","161","72","3","15"
"BZN|DK2","27.06.2018 10:00 - 27.06.2018 11:00 (CET/CEST)","10","n/e","n/e","28","155","9","n/e","n/e","n/e","n/e","n/e","n/e","n/e","n/e","n/e","n/e","n/e","195","72","12","15"
"BZN|DK2","27.06.2018 11:00 - 27.06.2018 12:00 (CET/CEST)","10","n/e","n/e","30","155","10","n/e","n/e","n/e","n/e","n/e","n/e","n/e","n/e","n/e","n/e","n/e","218","69","24","21"
"BZN|DK2","27.06.2018 12:00 - 27.06.2018 13:00 (CET/CEST)","9","n/e","n/e","37","157","10","n/e","n/e","n/e","n/e","n/e","n/e","n/e","n/e","n/e","n/e","n/e","225","76","16","33"
"BZN|DK2","27.06.2018 13:00 - 27.06.2018 14:00 (CET/CEST)","5","n/e","n/e","31","156","10","n/e","n/e","n/e","n/e","n/e","n/e","n/e","n/e","n/e","n/e","n/e","226","78","20","36"
"BZN|DK2","27.06.2018 14:00 - 27.06.2018 15:00 (CET/CEST)","7","n/e","n/e","31","149","10","n/e","n/e","n/e","n/e","n/e","n/e","n/e","n/e","n/e","n/e","n/e","227","79","35","37"
"BZN|DK2","27.06.2018 15:00 - 27.06.2018 16:00 (CET/CEST)","3","n/e","n/e","29","153","9","n/e","n/e","n/e","n/e","n/e","n/e","n/e","n/e","n/e","n/e","n/e","212","78","65","45"
"BZN|DK2","27.06.2018 16:00 - 27.06.2018 17:00 (CET/CEST)","2","n/e","n/e","35","154","9","n/e","n/e","n/e","n/e","n/e","n/e","n/e","n/e","n/e","n/e","n/e","179","78","84","50"
"BZN|DK2","27.06.2018 17:00 - 27.06.2018 18:00 (CET/CEST)","2","n/e","n/e","24","148","8","n/e","n/e","n/e","n/e","n/e","n/e","n/e","n/e","n/e","n/e","n/e","143","77","87","41"
"BZN|DK2","27.06.2018 18:00 - 27.06.2018 19:00 (CET/CEST)","2","n/e","n/e","24","139","8","n/e","n/e","n/e","n/e","n/e","n/e","n/e","n/e","n/e","n/e","n/e","90","78","88","35"
"BZN|DK2","27.06.2018 19:00 - 27.06.2018 20:00 (CET/CEST)","2","n/e","n/e","24","143","8","n/e","n/e","n/e","n/e","n/e","n/e","n/e","n/e","n/e","n/e","n/e","42","77","71","32"
"BZN|DK2","27.06.2018 20:00 - 27.06.2018 21:00 (CET/CEST)","2","n/e","n/e","24","139","8","n/e","n/e","n/e","n/e","n/e","n/e","n/e","n/e","n/e","n/e","n/e","15","77","42","20"
"BZN|DK2","27.06.2018 21:00 - 27.06.2018 22:00 (CET/CEST)","1","n/e","n/e","23","131","8","n/e","n/e","n/e","n/e","n/e","n/e","n/e","n/e","n/e","n/e","n/e","3","77","35","10"
"BZN|DK2","27.06.2018 22:00 - 27.06.2018 23:00 (CET/CEST)","1","n/e","n/e","22","126","8","n/e","n/e","n/e","n/e","n/e","n/e","n/e","n/e","n/e","n/e","n/e","0","77","29","11"
"BZN|DK2","27.06.2018 23:00 - 28.06.2018 00:00 (CET/CEST)","1","n/e","n/e","23","79","8","n/e","n/e","n/e","n/e","n/e","n/e","n/e","n/e","n/e","n/e","n/e","0","77","25","21"
"BZN|DK2","28.06.2018 00:00 - 28.06.2018 01:00 (CET/CEST)","1","n/e","n/e","22","71","8","n/e","n/e","n/e","n/e","n/e","n/e","n/e","n/e","n/e","n/e","n/e","0","77","11","32"
"BZN|DK2","28.06.2018 01:00 - 28.06.2018 02:00 (CET/CEST)","1","n/e","n/e","23","68","8","n/e","n/e","n/e","n/e","n/e","n/e","n/e","n/e","n/e","n/e","n/e","0","77","10","28"
"BZN|DK2","28.06.2018 02:00 - 28.06.2018 03:00 (CET/CEST)","1","n/e","n/e","22","68","8","n/e","n/e","n/e","n/e","n/e","n/e","n/e","n/e","n/e","n/e","n/e","0","77","19","18"
"BZN|DK2","28.06.2018 03:00 - 28.06.2018 04:00 (CET/CEST)","1","n/e","n/e","22","64","8","n/e","n/e","n/e","n/e","n/e","n/e","n/e","n/e","n/e","n/e","n/e","0","77","18","12"
"BZN|DK2","28.06.2018 04:00 - 28.06.2018 05:00 (CET/CEST)","1","n/e","n/e","22","65","8","n/e","n/e","n/e","n/e","n/e","n/e","n/e","n/e","n/e","n/e","n/e","1","77","8","11"
"BZN|DK2","28.06.2018 05:00 - 28.06.2018 06:00 (CET/CEST)","1","n/e","n/e","23","71","8","n/e","n/e","n/e","n/e","n/e","n/e","n/e","n/e","n/e","n/e","n/e","7","75","11","11"
"BZN|DK2","28.06.2018 06:00 - 28.06.2018 07:00 (CET/CEST)","2","n/e","n/e","25","129","8","n/e","n/e","n/e","n/e","n/e","n/e","n/e","n/e","n/e","n/e","n/e","25","74","17","11"
"BZN|DK2","28.06.2018 07:00 - 28.06.2018 08:00 (CET/CEST)","7","n/e","n/e","23","151","8","n/e","n/e","n/e","n/e","n/e","n/e","n/e","n/e","n/e","n/e","n/e","60","74","19","6"
"BZN|DK2","28.06.2018 08:00 - 28.06.2018 09:00 (CET/CEST)","14","n/e","n/e","23","155","8","n/e","n/e","n/e","n/e","n/e","n/e","n/e","n/e","n/e","n/e","n/e","109","75","12","5"
"BZN|DK2","28.06.2018 09:00 - 28.06.2018 10:00 (CET/CEST)","14","n/e","n/e","24","155","8","n/e","n/e","n/e","n/e","n/e","n/e","n/e","n/e","n/e","n/e","n/e","158","76","5","7"
"BZN|DK2","28.06.2018 10:00 - 28.06.2018 11:00 (CET/CEST)","15","n/e","n/e","34","143","8","n/e","n/e","n/e","n/e","n/e","n/e","n/e","n/e","n/e","n/e","n/e","192","77","2","7"
"BZN|DK2","28.06.2018 11:00 - 28.06.2018 12:00 (CET/CEST)","14","n/e","n/e","39","141","8","n/e","n/e","n/e","n/e","n/e","n/e","n/e","n/e","n/e","n/e","n/e","215","77","7","8"
"BZN|DK2","28.06.2018 12:00 - 28.06.2018 13:00 (CET/CEST)","15","n/e","n/e","86","148","9","n/e","n/e","n/e","n/e","n/e","n/e","n/e","n/e","n/e","n/e","n/e","228","77","6","13"
"BZN|DK2","28.06.2018 13:00 - 28.06.2018 14:00 (CET/CEST)","15","n/e","n/e","96","152","24","n/e","n/e","n/e","n/e","n/e","n/e","n/e","n/e","n/e","n/e","n/e","233","77","1","22"
"BZN|DK2","28.06.2018 14:00 - 28.06.2018 15:00 (CET/CEST)","8","n/e","n/e","92","153","25","n/e","n/e","n/e","n/e","n/e","n/e","n/e","n/e","n/e","n/e","n/e","229","78","0","28"
"BZN|DK2","28.06.2018 15:00 - 28.06.2018 16:00 (CET/CEST)","5","n/e","n/e","83","153","10","n/e","n/e","n/e","n/e","n/e","n/e","n/e","n/e","n/e","n/e","n/e","212","76","0","34"
"BZN|DK2","28.06.2018 16:00 - 28.06.2018 17:00 (CET/CEST)","2","n/e","n/e","29","147","9","n/e","n/e","n/e","n/e","n/e","n/e","n/e","n/e","n/e","n/e","n/e","185","77","1","38"
"BZN|DK2","28.06.2018 17:00 - 28.06.2018 18:00 (CET/CEST)","2","n/e","n/e","26","147","9","n/e","n/e","n/e","n/e","n/e","n/e","n/e","n/e","n/e","n/e","n/e","146","77","1","42"
"BZN|DK2","28.06.2018 18:00 - 28.06.2018 19:00 (CET/CEST)","2","n/e","n/e","27","150","9","n/e","n/e","n/e","n/e","n/e","n/e","n/e","n/e","n/e","n/e","n/e","91","76","1","57"
"BZN|DK2","28.06.2018 19:00 - 28.06.2018 20:00 (CET/CEST)","2","n/e","n/e","27","150","9","n/e","n/e","n/e","n/e","n/e","n/e","n/e","n/e","n/e","n/e","n/e","42","75","2","51"
"BZN|DK2","28.06.2018 20:00 - 28.06.2018 21:00 (CET/CEST)","2","n/e","n/e","27","147","9","n/e","n/e","n/e","n/e","n/e","n/e","n/e","n/e","n/e","n/e","n/e","14","72","5","34"
"BZN|DK2","28.06.2018 21:00 - 28.06.2018 22:00 (CET/CEST)","2","n/e","n/e","27","149","9","n/e","n/e","n/e","n/e","n/e","n/e","n/e","n/e","n/e","n/e","n/e","3","70","24","44"
"BZN|DK2","28.06.2018 22:00 - 28.06.2018 23:00 (CET/CEST)","2","n/e","n/e","27","128","9","n/e","n/e","n/e","n/e","n/e","n/e","n/e","n/e","n/e","n/e","n/e","0","71","34","75"
"BZN|DK2","28.06.2018 23:00 - 29.06.2018 00:00 (CET/CEST)","2","n/e","n/e","27","76","9","n/e","n/e","n/e","n/e","n/e","n/e","n/e","n/e","n/e","n/e","n/e","0","71","36","121"
"BZN|DK2","29.06.2018 00:00 - 29.06.2018 01:00 (CET/CEST)","2","n/e","n/e","27","111","9","n/e","n/e","n/e","n/e","n/e","n/e","n/e","n/e","n/e","n/e","n/e","0","72","61","138"
"BZN|DK2","29.06.2018 01:00 - 29.06.2018 02:00 (CET/CEST)","2","n/e","n/e","26","134","9","n/e","n/e","n/e","n/e","n/e","n/e","n/e","n/e","n/e","n/e","n/e","0","72","84","128"
"BZN|DK2","29.06.2018 02:00 - 29.06.2018 03:00 (CET/CEST)","2","n/e","n/e","26","133","9","n/e","n/e","n/e","n/e","n/e","n/e","n/e","n/e","n/e","n/e","n/e","0","75","67","114"
"BZN|DK2","29.06.2018 03:00 - 29.06.2018 04:00 (CET/CEST)","2","n/e","n/e","25","133","9","n/e","n/e","n/e","n/e","n/e","n/e","n/e","n/e","n/e","n/e","n/e","0","75","64","121"
"BZN|DK2","29.06.2018 04:00 - 29.06.2018 05:00 (CET/CEST)","2","n/e","n/e","25","145","9","n/e","n/e","n/e","n/e","n/e","n/e","n/e","n/e","n/e","n/e","n/e","0","75","68","101"
"BZN|DK2","29.06.2018 05:00 - 29.06.2018 06:00 (CET/CEST)","2","n/e","n/e","25","112","8","n/e","n/e","n/e","n/e","n/e","n/e","n/e","n/e","n/e","n/e","n/e","6","77","54","103"
"BZN|DK2","29.06.2018 06:00 - 29.06.2018 07:00 (CET/CEST)","2","n/e","n/e","25","137","8","n/e","n/e","n/e","n/e","n/e","n/e","n/e","n/e","n/e","n/e","n/e","27","78","72","82"
"BZN|DK2","29.06.2018 07:00 - 29.06.2018 08:00 (CET/CEST)","6","n/e","n/e","27","117","9","n/e","n/e","n/e","n/e","n/e","n/e","n/e","n/e","n/e","n/e","n/e","59","77","55","118"
"BZN|DK2","29.06.2018 08:00 - 29.06.2018 09:00 (CET/CEST)","10","n/e","n/e","27","113","9","n/e","n/e","n/e","n/e","n/e","n/e","n/e","n/e","n/e","n/e","n/e","102","77","47","153"
"BZN|DK2","29.06.2018 09:00 - 29.06.2018 10:00 (CET/CEST)","15","n/e","n/e","27","83","9","n/e","n/e","n/e","n/e","n/e","n/e","n/e","n/e","n/e","n/e","n/e","147","72","20","163"
"BZN|DK2","29.06.2018 10:00 - 29.06.2018 11:00 (CET/CEST)","15","n/e","n/e","26","92","9","n/e","n/e","n/e","n/e","n/e","n/e","n/e","n/e","n/e","n/e","n/e","184","76","14","184"
"BZN|DK2","29.06.2018 11:00 - 29.06.2018 12:00 (CET/CEST)","15","n/e","n/e","28","146","9","n/e","n/e","n/e","n/e","n/e","n/e","n/e","n/e","n/e","n/e","n/e","192","75","17","207"
"BZN|DK2","29.06.2018 12:00 - 29.06.2018 13:00 (CET/CEST)","15","n/e","n/e","27","151","9","n/e","n/e","n/e","n/e","n/e","n/e","n/e","n/e","n/e","n/e","n/e","208","74","47","226"
"BZN|DK2","29.06.2018 13:00 - 29.06.2018 14:00 (CET/CEST)","15","n/e","n/e","26","149","34","n/e","n/e","n/e","n/e","n/e","n/e","n/e","n/e","n/e","n/e","n/e","224","71","143","232"
"BZN|DK2","29.06.2018 14:00 - 29.06.2018 15:00 (CET/CEST)","15","n/e","n/e","26","153","9","n/e","n/e","n/e","n/e","n/e","n/e","n/e","n/e","n/e","n/e","n/e","223","71","129","226"
"BZN|DK2","29.06.2018 15:00 - 29.06.2018 16:00 (CET/CEST)","17","n/e","n/e","26","151","9","n/e","n/e","n/e","n/e","n/e","n/e","n/e","n/e","n/e","n/e","n/e","212","70","66","223"
"BZN|DK2","29.06.2018 16:00 - 29.06.2018 17:00 (CET/CEST)","15","n/e","n/e","26","127","9","n/e","n/e","n/e","n/e","n/e","n/e","n/e","n/e","n/e","n/e","n/e","189","70","58","201"
"BZN|DK2","29.06.2018 17:00 - 29.06.2018 18:00 (CET/CEST)","9","n/e","n/e","27","78","9","n/e","n/e","n/e","n/e","n/e","n/e","n/e","n/e","n/e","n/e","n/e","150","70","25","171"
"BZN|DK2","29.06.2018 18:00 - 29.06.2018 19:00 (CET/CEST)","9","n/e","n/e","27","76","9","n/e","n/e","n/e","n/e","n/e","n/e","n/e","n/e","n/e","n/e","n/e","95","71","3","169"
"BZN|DK2","29.06.2018 19:00 - 29.06.2018 20:00 (CET/CEST)","8","n/e","n/e","28","83","9","n/e","n/e","n/e","n/e","n/e","n/e","n/e","n/e","n/e","n/e","n/e","45","70","4","148"
"BZN|DK2","29.06.2018 20:00 - 29.06.2018 21:00 (CET/CEST)","6","n/e","n/e","28","133","9","n/e","n/e","n/e","n/e","n/e","n/e","n/e","n/e","n/e","n/e","n/e","16","70","6","117"
"BZN|DK2","29.06.2018 21:00 - 29.06.2018 22:00 (CET/CEST)","4","n/e","n/e","27","148","9","n/e","n/e","n/e","n/e","n/e","n/e","n/e","n/e","n/e","n/e","n/e","3","72","7","113"
"BZN|DK2","29.06.2018 22:00 - 29.06.2018 23:00 (CET/CEST)","4","n/e","n/e","27","99","9","n/e","n/e","n/e","n/e","n/e","n/e","n/e","n/e","n/e","n/e","n/e","0","72","11","79"
"BZN|DK2","29.06.2018 23:00 - 30.06.2018 00:00 (CET/CEST)","3","n/e","n/e","22","67","8","n/e","n/e","n/e","n/e","n/e","n/e","n/e","n/e","n/e","n/e","n/e","0","70","34","53"
"BZN|DK2","30.06.2018 00:00 - 30.06.2018 01:00 (CET/CEST)","3","n/e","n/e","23","72","8","n/e","n/e","n/e","n/e","n/e","n/e","n/e","n/e","n/e","n/e","n/e","0","69","45","45"
"BZN|DK2","30.06.2018 01:00 - 30.06.2018 02:00 (CET/CEST)","4","n/e","n/e","24","65","8","n/e","n/e","n/e","n/e","n/e","n/e","n/e","n/e","n/e","n/e","n/e","0","69","51","46"
"BZN|DK2","30.06.2018 02:00 - 30.06.2018 03:00 (CET/CEST)","4","n/e","n/e","26","68","9","n/e","n/e","n/e","n/e","n/e","n/e","n/e","n/e","n/e","n/e","n/e","0","70","51","37"
"BZN|DK2","30.06.2018 03:00 - 30.06.2018 04:00 (CET/CEST)","4","n/e","n/e","26","71","9","n/e","n/e","n/e","n/e","n/e","n/e","n/e","n/e","n/e","n/e","n/e","0","71","41","43"
"BZN|DK2","30.06.2018 04:00 - 30.06.2018 05:00 (CET/CEST)","4","n/e","n/e","26","74","9","n/e","n/e","n/e","n/e","n/e","n/e","n/e","n/e","n/e","n/e","n/e","0","70","25","46"
"BZN|DK2","30.06.2018 05:00 - 30.06.2018 06:00 (CET/CEST)","4","n/e","n/e","26","74","9","n/e","n/e","n/e","n/e","n/e","n/e","n/e","n/e","n/e","n/e","n/e","8","70","16","39"
"BZN|DK2","30.06.2018 06:00 - 30.06.2018 07:00 (CET/CEST)","4","n/e","n/e","25","96","8","n/e","n/e","n/e","n/e","n/e","n/e","n/e","n/e","n/e","n/e","n/e","26","70","9","20"
"BZN|DK2","30.06.2018 07:00 - 30.06.2018 08:00 (CET/CEST)","4","n/e","n/e","25","91","8","n/e","n/e","n/e","n/e","n/e","n/e","n/e","n/e","n/e","n/e","n/e","55","69","4","10"
"BZN|DK2","30.06.2018 08:00 - 30.06.2018 09:00 (CET/CEST)","4","n/e","n/e","25","86","9","n/e","n/e","n/e","n/e","n/e","n/e","n/e","n/e","n/e","n/e","n/e","90","66","0","7"
"BZN|DK2","30.06.2018 09:00 - 30.06.2018 10:00 (CET/CEST)","4","n/e","n/e","26","101","9","n/e","n/e","n/e","n/e","n/e","n/e","n/e","n/e","n/e","n/e","n/e","126","64","0","7"
"BZN|DK2","30.06.2018 10:00 - 30.06.2018 11:00 (CET/CEST)","4","n/e","n/e","26","105","9","n/e","n/e","n/e","n/e","n/e","n/e","n/e","n/e","n/e","n/e","n/e","148","62","0","10"
"BZN|DK2","30.06.2018 11:00 - 30.06.2018 12:00 (CET/CEST)","4","n/e","n/e","27","126","9","n/e","n/e","n/e","n/e","n/e","n/e","n/e","n/e","n/e","n/e","n/e","175","60","0","15"
"BZN|DK2","30.06.2018 12:00 - 30.06.2018 13:00 (CET/CEST)","4","n/e","n/e","27","124","9","n/e","n/e","n/e","n/e","n/e","n/e","n/e","n/e","n/e","n/e","n/e","190","59","0","24"
"BZN|DK2","30.06.2018 13:00 - 30.06.2018 14:00 (CET/CEST)","3","n/e","n/e","27","123","9","n/e","n/e","n/e","n/e","n/e","n/e","n/e","n/e","n/e","n/e","n/e","221","57","0","31"
"BZN|DK2","30.06.2018 14:00 - 30.06.2018 15:00 (CET/CEST)","3","n/e","n/e","27","125","9","n/e","n/e","n/e","n/e","n/e","n/e","n/e","n/e","n/e","n/e","n/e","215","58","0","35"
"BZN|DK2","30.06.2018 15:00 - 30.06.2018 16:00 (CET/CEST)","3","n/e","n/e","27","127","9","n/e","n/e","n/e","n/e","n/e","n/e","n/e","n/e","n/e","n/e","n/e","204","57","0","42"
"BZN|DK2","30.06.2018 16:00 - 30.06.2018 17:00 (CET/CEST)","4","n/e","n/e","28","126","9","n/e","n/e","n/e","n/e","n/e","n/e","n/e","n/e","n/e","n/e","n/e","184","56","0","64"
"BZN|DK2","30.06.2018 17:00 - 30.06.2018 18:00 (CET/CEST)","4","n/e","n/e","28","127","9","n/e","n/e","n/e","n/e","n/e","n/e","n/e","n/e","n/e","n/e","n/e","147","54","1","99"
"BZN|DK2","30.06.2018 18:00 - 30.06.2018 19:00 (CET/CEST)","4","n/e","n/e","28","127","9","n/e","n/e","n/e","n/e","n/e","n/e","n/e","n/e","n/e","n/e","n/e","94","55","3","114"
"BZN|DK2","30.06.2018 19:00 - 30.06.2018 20:00 (CET/CEST)","4","n/e","n/e","28","123","9","n/e","n/e","n/e","n/e","n/e","n/e","n/e","n/e","n/e","n/e","n/e","48","57","7","115"
"BZN|DK2","30.06.2018 20:00 - 30.06.2018 21:00 (CET/CEST)","4","n/e","n/e","28","126","9","n/e","n/e","n/e","n/e","n/e","n/e","n/e","n/e","n/e","n/e","n/e","17","55","10","88"
"BZN|DK2","30.06.2018 21:00 - 30.06.2018 22:00 (CET/CEST)","4","n/e","n/e","28","127","9","n/e","n/e","n/e","n/e","n/e","n/e","n/e","n/e","n/e","n/e","n/e","3","57","15","62"
"BZN|DK2","30.06.2018 22:00 - 30.06.2018 23:00 (CET/CEST)","3","n/e","n/e","27","124","9","n/e","n/e","n/e","n/e","n/e","n/e","n/e","n/e","n/e","n/e","n/e","0","56","25","72"
"BZN|DK2","30.06.2018 23:00 - 01.07.2018 00:00 (CET/CEST)","4","n/e","n/e","27","96","9","n/e","n/e","n/e","n/e","n/e","n/e","n/e","n/e","n/e","n/e","n/e","0","56","122","84"
"BZN|DK2","01.07.2018 00:00 - 01.07.2018 01:00 (CET/CEST)","3","n/e","n/e","26","138","9","n/e","n/e","n/e","n/e","n/e","n/e","n/e","n/e","n/e","n/e","n/e","0","60","149","124"
"BZN|DK2","01.07.2018 01:00 - 01.07.2018 02:00 (CET/CEST)","3","n/e","n/e","25","143","8","n/e","n/e","n/e","n/e","n/e","n/e","n/e","n/e","n/e","n/e","n/e","0","67","133","126"
"BZN|DK2","01.07.2018 02:00 - 01.07.2018 03:00 (CET/CEST)","3","n/e","n/e","25","152","8","n/e","n/e","n/e","n/e","n/e","n/e","n/e","n/e","n/e","n/e","n/e","0","70","91","117"
"BZN|DK2","01.07.2018 03:00 - 01.07.2018 04:00 (CET/CEST)","3","n/e","n/e","25","143","9","n/e","n/e","n/e","n/e","n/e","n/e","n/e","n/e","n/e","n/e","n/e","0","71","41","107"
"BZN|DK2","01.07.2018 04:00 - 01.07.2018 05:00 (CET/CEST)","3","n/e","n/e","25","131","8","n/e","n/e","n/e","n/e","n/e","n/e","n/e","n/e","n/e","n/e","n/e","0","71","22","74"
"BZN|DK2","01.07.2018 05:00 - 01.07.2018 06:00 (CET/CEST)","3","n/e","n/e","25","117","8","n/e","n/e","n/e","n/e","n/e","n/e","n/e","n/e","n/e","n/e","n/e","7","72","17","56"
"BZN|DK2","01.07.2018 06:00 - 01.07.2018 07:00 (CET/CEST)","3","n/e","n/e","25","119","9","n/e","n/e","n/e","n/e","n/e","n/e","n/e","n/e","n/e","n/e","n/e","24","71","16","39"
"BZN|DK2","01.07.2018 07:00 - 01.07.2018 08:00 (CET/CEST)","5","n/e","n/e","26","135","9","n/e","n/e","n/e","n/e","n/e","n/e","n/e","n/e","n/e","n/e","n/e","57","72","8","24"
"BZN|DK2","01.07.2018 08:00 - 01.07.2018 09:00 (CET/CEST)","8","n/e","n/e","28","138","9","n/e","n/e","n/e","n/e","n/e","n/e","n/e","n/e","n/e","n/e","n/e","102","73","1","19"
"BZN|DK2","01.07.2018 09:00 - 01.07.2018 10:00 (CET/CEST)","8","n/e","n/e","26","123","9","n/e","n/e","n/e","n/e","n/e","n/e","n/e","n/e","n/e","n/e","n/e","148","75","0","19"
"BZN|DK2","01.07.2018 10:00 - 01.07.2018 11:00 (CET/CEST)","6","n/e","n/e","26","115","9","n/e","n/e","n/e","n/e","n/e","n/e","n/e","n/e","n/e","n/e","n/e","174","74","2","30"
"BZN|DK2","01.07.2018 11:00 - 01.07.2018 12:00 (CET/CEST)","8","n/e","n/e","26","90","9","n/e","n/e","n/e","n/e","n/e","n/e","n/e","n/e","n/e","n/e","n/e","200","74","2","47"
"BZN|DK2","01.07.2018 12:00 - 01.07.2018 13:00 (CET/CEST)","8","n/e","n/e","26","90","9","n/e","n/e","n/e","n/e","n/e","n/e","n/e","n/e","n/e","n/e","n/e","213","74","2","53"
"BZN|DK2","01.07.2018 13:00 - 01.07.2018 14:00 (CET/CEST)","8","n/e","n/e","26","91","9","n/e","n/e","n/e","n/e","n/e","n/e","n/e","n/e","n/e","n/e","n/e","205","67","4","69"
"BZN|DK2","01.07.2018 14:00 - 01.07.2018 15:00 (CET/CEST)","8","n/e","n/e","26","116","9","n/e","n/e","n/e","n/e","n/e","n/e","n/e","n/e","n/e","n/e","n/e","212","63","1","67"
"BZN|DK2","01.07.2018 15:00 - 01.07.2018 16:00 (CET/CEST)","7","n/e","n/e","26","123","9","n/e","n/e","n/e","n/e","n/e","n/e","n/e","n/e","n/e","n/e","n/e","195","64","2","77"
"BZN|DK2","01.07.2018 16:00 - 01.07.2018 17:00 (CET/CEST)","6","n/e","n/e","26","124","9","n/e","n/e","n/e","n/e","n/e","n/e","n/e","n/e","n/e","n/e","n/e","162","63","5","88"
"BZN|DK2","01.07.2018 17:00 - 01.07.2018 18:00 (CET/CEST)","9","n/e","n/e","26","128","9","n/e","n/e","n/e","n/e","n/e","n/e","n/e","n/e","n/e","n/e","n/e","138","62","13","86"
"BZN|DK2","01.07.2018 18:00 - 01.07.2018 19:00 (CET/CEST)","10","n/e","n/e","26","115","9","n/e","n/e","n/e","n/e","n/e","n/e","n/e","n/e","n/e","n/e","n/e","99","62","34","94"
"BZN|DK2","01.07.2018 19:00 - 01.07.2018 20:00 (CET/CEST)","10","n/e","n/e","26","120","9","n/e","n/e","n/e","n/e","n/e","n/e","n/e","n/e","n/e","n/e","n/e","48","63","19","64"
"BZN|DK2","01.07.2018 20:00 - 01.07.2018 21:00 (CET/CEST)","10","n/e","n/e","26","121","9","n/e","n/e","n/e","n/e","n/e","n/e","n/e","n/e","n/e","n/e","n/e","16","63","9","43"
"BZN|DK2","01.07.2018 21:00 - 01.07.2018 22:00 (CET/CEST)","10","n/e","n/e","25","122","9","n/e","n/e","n/e","n/e","n/e","n/e","n/e","n/e","n/e","n/e","n/e","3","63","4","31"
"BZN|DK2","01.07.2018 22:00 - 01.07.2018 23:00 (CET/CEST)","4","n/e","n/e","25","121","9","n/e","n/e","n/e","n/e","n/e","n/e","n/e","n/e","n/e","n/e","n/e","0","63","3","25"
"BZN|DK2","01.07.2018 23:00 - 02.07.2018 00:00 (CET/CEST)","3","n/e","n/e","26","119","9","n/e","n/e","n/e","n/e","n/e","n/e","n/e","n/e","n/e","n/e","n/e","0","62","2","22"
"BZN|DK2","02.07.2018 00:00 - 02.07.2018 01:00 (CET/CEST)","3","n/e","n/e","25","144","9","n/e","n/e","n/e","n/e","n/e","n/e","n/e","n/e","n/e","n/e","n/e","0","63","3","27"
"BZN|DK2","02.07.2018 01:00 - 02.07.2018 02:00 (CET/CEST)","3","n/e","n/e","26","118","9","n/e","n/e","n/e","n/e","n/e","n/e","n/e","n/e","n/e","n/e","n/e","0","63","16","34"
"BZN|DK2","02.07.2018 02:00 - 02.07.2018 03:00 (CET/CEST)","3","n/e","n/e","25","82","9","n/e","n/e","n/e","n/e","n/e","n/e","n/e","n/e","n/e","n/e","n/e","0","63","24","42"
"BZN|DK2","02.07.2018 03:00 - 02.07.2018 04:00 (CET/CEST)","3","n/e","n/e","26","79","9","n/e","n/e","n/e","n/e","n/e","n/e","n/e","n/e","n/e","n/e","n/e","0","63","32","57"
"BZN|DK2","02.07.2018 04:00 - 02.07.2018 05:00 (CET/CEST)","3","n/e","n/e","26","72","9","n/e","n/e","n/e","n/e","n/e","n/e","n/e","n/e","n/e","n/e","n/e","0","68","46","70"
"BZN|DK2","02.07.2018 05:00 - 02.07.2018 06:00 (CET/CEST)","4","n/e","n/e","26","72","9","n/e","n/e","n/e","n/e","n/e","n/e","n/e","n/e","n/e","n/e","n/e","6","67","62","86"
"BZN|DK2","02.07.2018 06:00 - 02.07.2018 07:00 (CET/CEST)","9","n/e","n/e","27","79","9","n/e","n/e","n/e","n/e","n/e","n/e","n/e","n/e","n/e","n/e","n/e","24","67","72","76"
"BZN|DK2","02.07.2018 07:00 - 02.07.2018 08:00 (CET/CEST)","12","n/e","n/e","29","121","10","n/e","n/e","n/e","n/e","n/e","n/e","n/e","n/e","n/e","n/e","n/e","60","67","88","66"
"BZN|DK2","02.07.2018 08:00 - 02.07.2018 09:00 (CET/CEST)","12","n/e","n/e","29","114","10","n/e","n/e","n/e","n/e","n/e","n/e","n/e","n/e","n/e","n/e","n/e","111","68","125","82"
"BZN|DK2","02.07.2018 09:00 - 02.07.2018 10:00 (CET/CEST)","12","n/e","n/e","29","140","10","n/e","n/e","n/e","n/e","n/e","n/e","n/e","n/e","n/e","n/e","n/e","160","63","165","91"
"BZN|DK2","02.07.2018 10:00 - 02.07.2018 11:00 (CET/CEST)","12","n/e","n/e","29","135","10","n/e","n/e","n/e","n/e","n/e","n/e","n/e","n/e","n/e","n/e","n/e","193","64","121","103"
"BZN|DK2","02.07.2018 11:00 - 02.07.2018 12:00 (CET/CEST)","12","n/e","n/e","29","86","10","n/e","n/e","n/e","n/e","n/e","n/e","n/e","n/e","n/e","n/e","n/e","220","67","53","112"
"BZN|DK2","02.07.2018 12:00 - 02.07.2018 13:00 (CET/CEST)","12","n/e","n/e","28","106","9","n/e","n/e","n/e","n/e","n/e","n/e","n/e","n/e","n/e","n/e","n/e","232","67","49","125"
"BZN|DK2","02.07.2018 13:00 - 02.07.2018 14:00 (CET/CEST)","5","n/e","n/e","27","146","9","n/e","n/e","n/e","n/e","n/e","n/e","n/e","n/e","n/e","n/e","n/e","239","66","48","155"
"BZN|DK2","02.07.2018 14:00 - 02.07.2018 15:00 (CET/CEST)","5","n/e","n/e","22","142","8","n/e","n/e","n/e","n/e","n/e","n/e","n/e","n/e","n/e","n/e","n/e","231","63","62","174"
"BZN|DK2","02.07.2018 15:00 - 02.07.2018 16:00 (CET/CEST)","8","n/e","n/e","26","148","9","n/e","n/e","n/e","n/e","n/e","n/e","n/e","n/e","n/e","n/e","n/e","215","63","91","190"
"BZN|DK2","02.07.2018 16:00 - 02.07.2018 17:00 (CET/CEST)","8","n/e","n/e","26","128","9","n/e","n/e","n/e","n/e","n/e","n/e","n/e","n/e","n/e","n/e","n/e","194","63","126","237"
"BZN|DK2","02.07.2018 17:00 - 02.07.2018 18:00 (CET/CEST)","8","n/e","n/e","26","145","9","n/e","n/e","n/e","n/e","n/e","n/e","n/e","n/e","n/e","n/e","n/e","151","62","152","240"
"BZN|DK2","02.07.2018 18:00 - 02.07.2018 19:00 (CET/CEST)","8","n/e","n/e","26","147","9","n/e","n/e","n/e","n/e","n/e","n/e","n/e","n/e","n/e","n/e","n/e","94","62","161","203"
"BZN|DK2","02.07.2018 19:00 - 02.07.2018 20:00 (CET/CEST)","3","n/e","n/e","25","150","9","n/e","n/e","n/e","n/e","n/e","n/e","n/e","n/e","n/e","n/e","n/e","43","62","108","146"
"BZN|DK2","02.07.2018 20:00 - 02.07.2018 21:00 (CET/CEST)","3","n/e","n/e","29","144","8","n/e","n/e","n/e","n/e","n/e","n/e","n/e","n/e","n/e","n/e","n/e","15","63","60","94"
"BZN|DK2","02.07.2018 21:00 - 02.07.2018 22:00 (CET/CEST)","3","n/e","n/e","78","145","8","n/e","n/e","n/e","n/e","n/e","n/e","n/e","n/e","n/e","n/e","n/e","3","62","49","58"
"BZN|DK2","02.07.2018 22:00 - 02.07.2018 23:00 (CET/CEST)","3","n/e","n/e","39","136","7","n/e","n/e","n/e","n/e","n/e","n/e","n/e","n/e","n/e","n/e","n/e","0","62","75","57"
"BZN|DK2","02.07.2018 23:00 - 03.07.2018 00:00 (CET/CEST)","3","n/e","n/e","20","144","7","n/e","n/e","n/e","n/e","n/e","n/e","n/e","n/e","n/e","n/e","n/e","0","62","72","56"
"BZN|DK2","03.07.2018 00:00 - 03.07.2018 01:00 (CET/CEST)","3","n/e","n/e","21","140","7","n/e","n/e","n/e","n/e","n/e","n/e","n/e","n/e","n/e","n/e","n/e","0","61","46","58"
"BZN|DK2","03.07.2018 01:00 - 03.07.2018 02:00 (CET/CEST)","3","n/e","n/e","20","120","7","n/e","n/e","n/e","n/e","n/e","n/e","n/e","n/e","n/e","n/e","n/e","0","61","40","59"
"BZN|DK2","03.07.2018 02:00 - 03.07.2018 03:00 (CET/CEST)","3","n/e","n/e","20","79","7","n/e","n/e","n/e","n/e","n/e","n/e","n/e","n/e","n/e","n/e","n/e","0","61","33","63"
"BZN|DK2","03.07.2018 03:00 - 03.07.2018 04:00 (CET/CEST)","3","n/e","n/e","21","68","7","n/e","n/e","n/e","n/e","n/e","n/e","n/e","n/e","n/e","n/e","n/e","0","61","22","51"
"BZN|DK2","03.07.2018 04:00 - 03.07.2018 05:00 (CET/CEST)","3","n/e","n/e","21","65","7","n/e","n/e","n/e","n/e","n/e","n/e","n/e","n/e","n/e","n/e","n/e","0","60","12","47"
"BZN|DK2","03.07.2018 05:00 - 03.07.2018 06:00 (CET/CEST)","3","n/e","n/e","21","91","7","n/e","n/e","n/e","n/e","n/e","n/e","n/e","n/e","n/e","n/e","n/e","5","60","16","42"
"BZN|DK2","03.07.2018 06:00 - 03.07.2018 07:00 (CET/CEST)","7","n/e","n/e","22","91","8","n/e","n/e","n/e","n/e","n/e","n/e","n/e","n/e","n/e","n/e","n/e","22","61","14","32"
"BZN|DK2","03.07.2018 07:00 - 03.07.2018 08:00 (CET/CEST)","16","n/e","n/e","23","101","8","n/e","n/e","n/e","n/e","n/e","n/e","n/e","n/e","n/e","n/e","n/e","54","62","1","28"
"BZN|DK2","03.07.2018 08:00 - 03.07.2018 09:00 (CET/CEST)","16","n/e","n/e","21","93","7","n/e","n/e","n/e","n/e","n/e","n/e","n/e","n/e","n/e","n/e","n/e","104","62","0","23"
"BZN|DK2","03.07.2018 09:00 - 03.07.2018 10:00 (CET/CEST)","16","n/e","n/e","28","134","8","n/e","n/e","n/e","n/e","n/e","n/e","n/e","n/e","n/e","n/e","n/e","154","61","1","22"
"BZN|DK2","03.07.2018 10:00 - 03.07.2018 11:00 (CET/CEST)","16","n/e","n/e","62","145","8","n/e","n/e","n/e","n/e","n/e","n/e","n/e","n/e","n/e","n/e","n/e","186","59","6","30"
"BZN|DK2","03.07.2018 11:00 - 03.07.2018 12:00 (CET/CEST)","18","n/e","n/e","53","149","9","n/e","n/e","n/e","n/e","n/e","n/e","n/e","n/e","n/e","n/e","n/e","210","61","57","55"
"BZN|DK2","03.07.2018 12:00 - 03.07.2018 13:00 (CET/CEST)","19","n/e","n/e","35","152","10","n/e","n/e","n/e","n/e","n/e","n/e","n/e","n/e","n/e","n/e","n/e","224","56","67","74"
"BZN|DK2","03.07.2018 13:00 - 03.07.2018 14:00 (CET/CEST)","19","n/e","n/e","35","153","10","n/e","n/e","n/e","n/e","n/e","n/e","n/e","n/e","n/e","n/e","n/e","235","49","58","82"
"BZN|DK2","03.07.2018 14:00 - 03.07.2018 15:00 (CET/CEST)","21","n/e","n/e","29","141","10","n/e","n/e","n/e","n/e","n/e","n/e","n/e","n/e","n/e","n/e","n/e","229","57","54","80"
"BZN|DK2","03.07.2018 15:00 - 03.07.2018 16:00 (CET/CEST)","12","n/e","n/e","29","130","10","n/e","n/e","n/e","n/e","n/e","n/e","n/e","n/e","n/e","n/e","n/e","213","58","51","82"
"BZN|DK2","03.07.2018 16:00 - 03.07.2018 17:00 (CET/CEST)","7","n/e","n/e","29","118","10","n/e","n/e","n/e","n/e","n/e","n/e","n/e","n/e","n/e","n/e","n/e","191","44","60","91"
"BZN|DK2","03.07.2018 17:00 - 03.07.2018 18:00 (CET/CEST)","6","n/e","n/e","30","155","10","n/e","n/e","n/e","n/e","n/e","n/e","n/e","n/e","n/e","n/e","n/e","148","58","51","95"
"BZN|DK2","03.07.2018 18:00 - 03.07.2018 19:00 (CET/CEST)","7","n/e","n/e","29","157","10","n/e","n/e","n/e","n/e","n/e","n/e","n/e","n/e","n/e","n/e","n/e","91","59","41","92"
"BZN|DK2","03.07.2018 19:00 - 03.07.2018 20:00 (CET/CEST)","7","n/e","n/e","30","157","10","n/e","n/e","n/e","n/e","n/e","n/e","n/e","n/e","n/e","n/e","n/e","42","58","38","78"
"BZN|DK2","03.07.2018 20:00 - 03.07.2018 21:00 (CET/CEST)","8","n/e","n/e","34","156","10","n/e","n/e","n/e","n/e","n/e","n/e","n/e","n/e","n/e","n/e","n/e","15","59","41","62"
"BZN|DK2","03.07.2018 21:00 - 03.07.2018 22:00 (CET/CEST)","8","n/e","n/e","88","160","11","n/e","n/e","n/e","n/e","n/e","n/e","n/e","n/e","n/e","n/e","n/e","3","61","39","60"
"BZN|DK2","03.07.2018 22:00 - 03.07.2018 23:00 (CET/CEST)","7","n/e","n/e","100","160","11","n/e","n/e","n/e","n/e","n/e","n/e","n/e","n/e","n/e","n/e","n/e","0","61","42","65"
"BZN|DK2","03.07.2018 23:00 - 04.07.2018 00:00 (CET/CEST)","8","n/e","n/e","91","162","11","n/e","n/e","n/e","n/e","n/e","n/e","n/e","n/e","n/e","n/e","n/e","0","61","37","67"
"BZN|DK2","04.07.2018 00:00 - 04.07.2018 01:00 (CET/CEST)","7","n/e","n/e","34","123","9","n/e","n/e","n/e","n/e","n/e","n/e","n/e","n/e","n/e","n/e","n/e","0","60","45","63"
"BZN|DK2","04.07.2018 01:00 - 04.07.2018 02:00 (CET/CEST)","7","n/e","n/e","28","155","9","n/e","n/e","n/e","n/e","n/e","n/e","n/e","n/e","n/e","n/e","n/e","0","60","48","55"
"BZN|DK2","04.07.2018 02:00 - 04.07.2018 03:00 (CET/CEST)","7","n/e","n/e","28","153","9","n/e","n/e","n/e","n/e","n/e","n/e","n/e","n/e","n/e","n/e","n/e","0","60","35","51"
"BZN|DK2","04.07.2018 03:00 - 04.07.2018 04:00 (CET/CEST)","7","n/e","n/e","28","153","9","n/e","n/e","n/e","n/e","n/e","n/e","n/e","n/e","n/e","n/e","n/e","0","60","23","46"
"BZN|DK2","04.07.2018 04:00 - 04.07.2018 05:00 (CET/CEST)","7","n/e","n/e","27","151","9","n/e","n/e","n/e","n/e","n/e","n/e","n/e","n/e","n/e","n/e","n/e","0","60","18","40"
"BZN|DK2","04.07.2018 05:00 - 04.07.2018 06:00 (CET/CEST)","8","n/e","n/e","27","151","9","n/e","n/e","n/e","n/e","n/e","n/e","n/e","n/e","n/e","n/e","n/e","6","59","11","32"
"BZN|DK2","04.07.2018 06:00 - 04.07.2018 07:00 (CET/CEST)","13","n/e","n/e","29","154","10","n/e","n/e","n/e","n/e","n/e","n/e","n/e","n/e","n/e","n/e","n/e","24","61","5","18"
"BZN|DK2","04.07.2018 07:00 - 04.07.2018 08:00 (CET/CEST)","19","n/e","n/e","30","155","10","n/e","n/e","n/e","n/e","n/e","n/e","n/e","n/e","n/e","n/e","n/e","59","61","2","12"
"BZN|DK2","04.07.2018 08:00 - 04.07.2018 09:00 (CET/CEST)","20","n/e","n/e","30","166","10","n/e","n/e","n/e","n/e","n/e","n/e","n/e","n/e","n/e","n/e","n/e","109","60","2","15"
"BZN|DK2","04.07.2018 09:00 - 04.07.2018 10:00 (CET/CEST)","21","n/e","n/e","31","164","10","n/e","n/e","n/e","n/e","n/e","n/e","n/e","n/e","n/e","n/e","n/e","157","52","10","19"
"BZN|DK2","04.07.2018 10:00 - 04.07.2018 11:00 (CET/CEST)","19","n/e","n/e","44","156","8","n/e","n/e","n/e","n/e","n/e","n/e","n/e","n/e","n/e","n/e","n/e","193","51","17","21"
"BZN|DK2","04.07.2018 11:00 - 04.07.2018 12:00 (CET/CEST)","20","n/e","n/e","42","156","8","n/e","n/e","n/e","n/e","n/e","n/e","n/e","n/e","n/e","n/e","n/e","220","51","21","26"
"BZN|DK2","04.07.2018 12:00 - 04.07.2018 13:00 (CET/CEST)","20","n/e","n/e","40","145","8","n/e","n/e","n/e","n/e","n/e","n/e","n/e","n/e","n/e","n/e","n/e","229","53","20","33"
"BZN|DK2","04.07.2018 13:00 - 04.07.2018 14:00 (CET/CEST)","20","n/e","n/e","38","140","8","n/e","n/e","n/e","n/e","n/e","n/e","n/e","n/e","n/e","n/e","n/e","226","62","32","39"
"BZN|DK2","04.07.2018 14:00 - 04.07.2018 15:00 (CET/CEST)","12","n/e","n/e","31","138","8","n/e","n/e","n/e","n/e","n/e","n/e","n/e","n/e","n/e","n/e","n/e","221","66","37","45"
"BZN|DK2","04.07.2018 15:00 - 04.07.2018 16:00 (CET/CEST)","6","n/e","n/e","29","141","8","n/e","n/e","n/e","n/e","n/e","n/e","n/e","n/e","n/e","n/e","n/e","205","70","36","48"
"BZN|DK2","04.07.2018 16:00 - 04.07.2018 17:00 (CET/CEST)","5","n/e","n/e","29","145","8","n/e","n/e","n/e","n/e","n/e","n/e","n/e","n/e","n/e","n/e","n/e","182","69","24","46"
"BZN|DK2","04.07.2018 17:00 - 04.07.2018 18:00 (CET/CEST)","5","n/e","n/e","21","150","7","n/e","n/e","n/e","n/e","n/e","n/e","n/e","n/e","n/e","n/e","n/e","142","70","23","53"
"BZN|DK2","04.07.2018 18:00 - 04.07.2018 19:00 (CET/CEST)","5","n/e","n/e","24","155","8","n/e","n/e","n/e","n/e","n/e","n/e","n/e","n/e","n/e","n/e","n/e","87","70","33","66"
"BZN|DK2","04.07.2018 19:00 - 04.07.2018 20:00 (CET/CEST)","5","n/e","n/e","37","160","9","n/e","n/e","n/e","n/e","n/e","n/e","n/e","n/e","n/e","n/e","n/e","41","69","23","69"
"BZN|DK2","04.07.2018 20:00 - 04.07.2018 21:00 (CET/CEST)","4","n/e","n/e","36","153","9","n/e","n/e","n/e","n/e","n/e","n/e","n/e","n/e","n/e","n/e","n/e","14","70","28","65"
"BZN|DK2","04.07.2018 21:00 - 04.07.2018 22:00 (CET/CEST)","3","n/e","n/e","25","148","8","n/e","n/e","n/e","n/e","n/e","n/e","n/e","n/e","n/e","n/e","n/e","2","69","27","60"
"BZN|DK2","04.07.2018 22:00 - 04.07.2018 23:00 (CET/CEST)","3","n/e","n/e","25","148","8","n/e","n/e","n/e","n/e","n/e","n/e","n/e","n/e","n/e","n/e","n/e","0","69","18","69"
"BZN|DK2","04.07.2018 23:00 - 05.07.2018 00:00 (CET/CEST)","3","n/e","n/e","25","111","8","n/e","n/e","n/e","n/e","n/e","n/e","n/e","n/e","n/e","n/e","n/e","0","68","26","64"
"BZN|DK2","05.07.2018 00:00 - 05.07.2018 01:00 (CET/CEST)","3","n/e","n/e","25","118","8","n/e","n/e","n/e","n/e","n/e","n/e","n/e","n/e","n/e","n/e","n/e","0","67","40","73"
"BZN|DK2","05.07.2018 01:00 - 05.07.2018 02:00 (CET/CEST)","3","n/e","n/e","25","110","9","n/e","n/e","n/e","n/e","n/e","n/e","n/e","n/e","n/e","n/e","n/e","0","64","51","64"
"BZN|DK2","05.07.2018 02:00 - 05.07.2018 03:00 (CET/CEST)","3","n/e","n/e","25","109","9","n/e","n/e","n/e","n/e","n/e","n/e","n/e","n/e","n/e","n/e","n/e","0","64","50","61"
"BZN|DK2","05.07.2018 03:00 - 05.07.2018 04:00 (CET/CEST)","3","n/e","n/e","25","109","8","n/e","n/e","n/e","n/e","n/e","n/e","n/e","n/e","n/e","n/e","n/e","0","64","68","70"
"BZN|DK2","05.07.2018 04:00 - 05.07.2018 05:00 (CET/CEST)","3","n/e","n/e","25","108","8","n/e","n/e","n/e","n/e","n/e","n/e","n/e","n/e","n/e","n/e","n/e","0","65","82","71"
"BZN|DK2","05.07.2018 05:00 - 05.07.2018 06:00 (CET/CEST)","3","n/e","n/e","25","98","8","n/e","n/e","n/e","n/e","n/e","n/e","n/e","n/e","n/e","n/e","n/e","1","65","81","64"
"BZN|DK2","05.07.2018 06:00 - 05.07.2018 07:00 (CET/CEST)","3","n/e","n/e","25","111","9","n/e","n/e","n/e","n/e","n/e","n/e","n/e","n/e","n/e","n/e","n/e","5","64","71","70"
"BZN|DK2","05.07.2018 07:00 - 05.07.2018 08:00 (CET/CEST)","6","n/e","n/e","27","148","9","n/e","n/e","n/e","n/e","n/e","n/e","n/e","n/e","n/e","n/e","n/e","13","64","78","68"
"BZN|DK2","05.07.2018 08:00 - 05.07.2018 09:00 (CET/CEST)","12","n/e","n/e","29","123","9","n/e","n/e","n/e","n/e","n/e","n/e","n/e","n/e","n/e","n/e","n/e","27","66","70","64"
"BZN|DK2","05.07.2018 09:00 - 05.07.2018 10:00 (CET/CEST)","16","n/e","n/e","44","157","10","n/e","n/e","n/e","n/e","n/e","n/e","n/e","n/e","n/e","n/e","n/e","43","65","56","62"
"BZN|DK2","05.07.2018 10:00 - 05.07.2018 11:00 (CET/CEST)","15","n/e","n/e","37","153","8","n/e","n/e","n/e","n/e","n/e","n/e","n/e","n/e","n/e","n/e","n/e","56","64","76","79"
"BZN|DK2","05.07.2018 11:00 - 05.07.2018 12:00 (CET/CEST)","17","n/e","n/e","40","146","10","n/e","n/e","n/e","n/e","n/e","n/e","n/e","n/e","n/e","n/e","n/e","61","66","92","112"
"BZN|DK2","05.07.2018 12:00 - 05.07.2018 13:00 (CET/CEST)","17","n/e","n/e","41","145","10","n/e","n/e","n/e","n/e","n/e","n/e","n/e","n/e","n/e","n/e","n/e","60","72","106","116"
"BZN|DK2","05.07.2018 13:00 - 05.07.2018 14:00 (CET/CEST)","17","n/e","n/e","34","149","10","n/e","n/e","n/e","n/e","n/e","n/e","n/e","n/e","n/e","n/e","n/e","65","71","106","145"
"BZN|DK2","05.07.2018 14:00 - 05.07.2018 15:00 (CET/CEST)","15","n/e","n/e","30","145","9","n/e","n/e","n/e","n/e","n/e","n/e","n/e","n/e","n/e","n/e","n/e","68","72","119","153"
"BZN|DK2","05.07.2018 15:00 - 05.07.2018 16:00 (CET/CEST)","5","n/e","n/e","30","148","9","n/e","n/e","n/e","n/e","n/e","n/e","n/e","n/e","n/e","n/e","n/e","66","72","125","164"
"BZN|DK2","05.07.2018 16:00 - 05.07.2018 17:00 (CET/CEST)","3","n/e","n/e","26","152","9","n/e","n/e","n/e","n/e","n/e","n/e","n/e","n/e","n/e","n/e","n/e","69","71","115","177"
"BZN|DK2","05.07.2018 17:00 - 05.07.2018 18:00 (CET/CEST)","4","n/e","n/e","27","147","9","n/e","n/e","n/e","n/e","n/e","n/e","n/e","n/e","n/e","n/e","n/e","80","71","161","180"
"BZN|DK2","05.07.2018 18:00 - 05.07.2018 19:00 (CET/CEST)","4","n/e","n/e","28","161","9","n/e","n/e","n/e","n/e","n/e","n/e","n/e","n/e","n/e","n/e","n/e","64","70","168","184"
"BZN|DK2","05.07.2018 19:00 - 05.07.2018 20:00 (CET/CEST)","4","n/e","n/e","28","166","9","n/e","n/e","n/e","n/e","n/e","n/e","n/e","n/e","n/e","n/e","n/e","41","70","175","224"
"BZN|DK2","05.07.2018 20:00 - 05.07.2018 21:00 (CET/CEST)","4","n/e","n/e","28","151","9","n/e","n/e","n/e","n/e","n/e","n/e","n/e","n/e","n/e","n/e","n/e","15","71","195","211"
"BZN|DK2","05.07.2018 21:00 - 05.07.2018 22:00 (CET/CEST)","3","n/e","n/e","27","146","9","n/e","n/e","n/e","n/e","n/e","n/e","n/e","n/e","n/e","n/e","n/e","2","70","217","178"
"BZN|DK2","05.07.2018 22:00 - 05.07.2018 23:00 (CET/CEST)","3","n/e","n/e","26","146","9","n/e","n/e","n/e","n/e","n/e","n/e","n/e","n/e","n/e","n/e","n/e","0","71","196","159"
"BZN|DK2","05.07.2018 23:00 - 06.07.2018 00:00 (CET/CEST)","3","n/e","n/e","26","122","9","n/e","n/e","n/e","n/e","n/e","n/e","n/e","n/e","n/e","n/e","n/e","0","71","148","149"
"BZN|DK2","06.07.2018 00:00 - 06.07.2018 01:00 (CET/CEST)","3","n/e","n/e","26","91","9","n/e","n/e","n/e","n/e","n/e","n/e","n/e","n/e","n/e","n/e","n/e","0","71","168","153"
"BZN|DK2","06.07.2018 01:00 - 06.07.2018 02:00 (CET/CEST)","3","n/e","n/e","26","123","9","n/e","n/e","n/e","n/e","n/e","n/e","n/e","n/e","n/e","n/e","n/e","0","70","138","177"
"BZN|DK2","06.07.2018 02:00 - 06.07.2018 03:00 (CET/CEST)","3","n/e","n/e","26","146","9","n/e","n/e","n/e","n/e","n/e","n/e","n/e","n/e","n/e","n/e","n/e","0","71","180","183"
"BZN|DK2","06.07.2018 03:00 - 06.07.2018 04:00 (CET/CEST)","3","n/e","n/e","25","122","9","n/e","n/e","n/e","n/e","n/e","n/e","n/e","n/e","n/e","n/e","n/e","0","70","203","193"
"BZN|DK2","06.07.2018 04:00 - 06.07.2018 05:00 (CET/CEST)","3","n/e","n/e","26","113","9","n/e","n/e","n/e","n/e","n/e","n/e","n/e","n/e","n/e","n/e","n/e","0","71","241","196"
"BZN|DK2","06.07.2018 05:00 - 06.07.2018 06:00 (CET/CEST)","3","n/e","n/e","26","123","9","n/e","n/e","n/e","n/e","n/e","n/e","n/e","n/e","n/e","n/e","n/e","2","72","260","214"
"BZN|DK2","06.07.2018 06:00 - 06.07.2018 07:00 (CET/CEST)","4","n/e","n/e","27","139","9","n/e","n/e","n/e","n/e","n/e","n/e","n/e","n/e","n/e","n/e","n/e","10","72","279","266"
"BZN|DK2","06.07.2018 07:00 - 06.07.2018 08:00 (CET/CEST)","10","n/e","n/e","27","95","9","n/e","n/e","n/e","n/e","n/e","n/e","n/e","n/e","n/e","n/e","n/e","23","72","325","301"
"BZN|DK2","06.07.2018 08:00 - 06.07.2018 09:00 (CET/CEST)","16","n/e","n/e","28","84","9","n/e","n/e","n/e","n/e","n/e","n/e","n/e","n/e","n/e","n/e","n/e","50","71","338","316"
"BZN|DK2","06.07.2018 09:00 - 06.07.2018 10:00 (CET/CEST)","17","n/e","n/e","29","112","10","n/e","n/e","n/e","n/e","n/e","n/e","n/e","n/e","n/e","n/e","n/e","93","72","333","329"
"BZN|DK2","06.07.2018 10:00 - 06.07.2018 11:00 (CET/CEST)","17","n/e","n/e","29","104","10","n/e","n/e","n/e","n/e","n/e","n/e","n/e","n/e","n/e","n/e","n/e","150","71","330","362"
"BZN|DK2","06.07.2018 11:00 - 06.07.2018 12:00 (CET/CEST)","17","n/e","n/e","28","101","9","n/e","n/e","n/e","n/e","n/e","n/e","n/e","n/e","n/e","n/e","n/e","186","71","322","358"
"BZN|DK2","06.07.2018 12:00 - 06.07.2018 13:00 (CET/CEST)","17","n/e","n/e","30","148","10","n/e","n/e","n/e","n/e","n/e","n/e","n/e","n/e","n/e","n/e","n/e","220","69","326","370"
"BZN|DK2","06.07.2018 13:00 - 06.07.2018 14:00 (CET/CEST)","17","n/e","n/e","30","140","10","n/e","n/e","n/e","n/e","n/e","n/e","n/e","n/e","n/e","n/e","n/e","237","61","333","378"
"BZN|DK2","06.07.2018 14:00 - 06.07.2018 15:00 (CET/CEST)","16","n/e","n/e","29","142","10","n/e","n/e","n/e","n/e","n/e","n/e","n/e","n/e","n/e","n/e","n/e","236","57","334","388"
"BZN|DK2","06.07.2018 15:00 - 06.07.2018 16:00 (CET/CEST)","12","n/e","n/e","29","156","10","n/e","n/e","n/e","n/e","n/e","n/e","n/e","n/e","n/e","n/e","n/e","225","57","336","418"
"BZN|DK2","06.07.2018 16:00 - 06.07.2018 17:00 (CET/CEST)","12","n/e","n/e","29","155","10","n/e","n/e","n/e","n/e","n/e","n/e","n/e","n/e","n/e","n/e","n/e","196","57","328","439"
"BZN|DK2","06.07.2018 17:00 - 06.07.2018 18:00 (CET/CEST)","12","n/e","n/e","29","139","10","n/e","n/e","n/e","n/e","n/e","n/e","n/e","n/e","n/e","n/e","n/e","150","57","333","454"
"BZN|DK2","06.07.2018 18:00 - 06.07.2018 19:00 (CET/CEST)","12","n/e","n/e","29","118","10","n/e","n/e","n/e","n/e","n/e","n/e","n/e","n/e","n/e","n/e","n/e","91","55","352","454"
"BZN|DK2","06.07.2018 19:00 - 06.07.2018 20:00 (CET/CEST)","12","n/e","n/e","28","105","9","n/e","n/e","n/e","n/e","n/e","n/e","n/e","n/e","n/e","n/e","n/e","41","57","356","426"
"BZN|DK2","06.07.2018 20:00 - 06.07.2018 21:00 (CET/CEST)","12","n/e","n/e","29","133","10","n/e","n/e","n/e","n/e","n/e","n/e","n/e","n/e","n/e","n/e","n/e","14","56","357","397"
"BZN|DK2","06.07.2018 21:00 - 06.07.2018 22:00 (CET/CEST)","12","n/e","n/e","29","135","10","n/e","n/e","n/e","n/e","n/e","n/e","n/e","n/e","n/e","n/e","n/e","2","57","355","350"
"BZN|DK2","06.07.2018 22:00 - 06.07.2018 23:00 (CET/CEST)","12","n/e","n/e","29","91","10","n/e","n/e","n/e","n/e","n/e","n/e","n/e","n/e","n/e","n/e","n/e","0","57","346","300"
"BZN|DK2","06.07.2018 23:00 - 07.07.2018 00:00 (CET/CEST)","12","n/e","n/e","29","86","10","n/e","n/e","n/e","n/e","n/e","n/e","n/e","n/e","n/e","n/e","n/e","0","56","334","263"
"BZN|DK2","07.07.2018 00:00 - 07.07.2018 01:00 (CET/CEST)","4","n/e","n/e","28","117","9","n/e","n/e","n/e","n/e","n/e","n/e","n/e","n/e","n/e","n/e","n/e","0","58","307","266"
"BZN|DK2","07.07.2018 01:00 - 07.07.2018 02:00 (CET/CEST)","4","n/e","n/e","28","120","9","n/e","n/e","n/e","n/e","n/e","n/e","n/e","n/e","n/e","n/e","n/e","0","58","314","267"
"BZN|DK2","07.07.2018 02:00 - 07.07.2018 03:00 (CET/CEST)","4","n/e","n/e","28","122","9","n/e","n/e","n/e","n/e","n/e","n/e","n/e","n/e","n/e","n/e","n/e","0","58","300","262"
"BZN|DK2","07.07.2018 03:00 - 07.07.2018 04:00 (CET/CEST)","4","n/e","n/e","28","82","9","n/e","n/e","n/e","n/e","n/e","n/e","n/e","n/e","n/e","n/e","n/e","0","58","294","282"
"BZN|DK2","07.07.2018 04:00 - 07.07.2018 05:00 (CET/CEST)","4","n/e","n/e","28","97","9","n/e","n/e","n/e","n/e","n/e","n/e","n/e","n/e","n/e","n/e","n/e","0","58","318","288"
"BZN|DK2","07.07.2018 05:00 - 07.07.2018 06:00 (CET/CEST)","4","n/e","n/e","28","86","9","n/e","n/e","n/e","n/e","n/e","n/e","n/e","n/e","n/e","n/e","n/e","5","58","326","299"
"BZN|DK2","07.07.2018 06:00 - 07.07.2018 07:00 (CET/CEST)","4","n/e","n/e","28","93","10","n/e","n/e","n/e","n/e","n/e","n/e","n/e","n/e","n/e","n/e","n/e","19","58","340","308"
"BZN|DK2","07.07.2018 07:00 - 07.07.2018 08:00 (CET/CEST)","8","n/e","n/e","29","127","10","n/e","n/e","n/e","n/e","n/e","n/e","n/e","n/e","n/e","n/e","n/e","56","60","341","339"
"BZN|DK2","07.07.2018 08:00 - 07.07.2018 09:00 (CET/CEST)","9","n/e","n/e","30","129","10","n/e","n/e","n/e","n/e","n/e","n/e","n/e","n/e","n/e","n/e","n/e","107","59","349","344"
"BZN|DK2","07.07.2018 09:00 - 07.07.2018 10:00 (CET/CEST)","9","n/e","n/e","29","88","10","n/e","n/e","n/e","n/e","n/e","n/e","n/e","n/e","n/e","n/e","n/e","156","59","354","324"
"BZN|DK2","07.07.2018 10:00 - 07.07.2018 11:00 (CET/CEST)","9","n/e","n/e","29","89","10","n/e","n/e","n/e","n/e","n/e","n/e","n/e","n/e","n/e","n/e","n/e","193","58","325","299"
"BZN|DK2","07.07.2018 11:00 - 07.07.2018 12:00 (CET/CEST)","9","n/e","n/e","29","123","10","n/e","n/e","n/e","n/e","n/e","n/e","n/e","n/e","n/e","n/e","n/e","218","58","284","290"
"BZN|DK2","07.07.2018 12:00 - 07.07.2018 13:00 (CET/CEST)","9","n/e","n/e","29","159","10","n/e","n/e","n/e","n/e","n/e","n/e","n/e","n/e","n/e","n/e","n/e","233","58","308","293"
"BZN|DK2","07.07.2018 13:00 - 07.07.2018 14:00 (CET/CEST)","9","n/e","n/e","29","137","10","n/e","n/e","n/e","n/e","n/e","n/e","n/e","n/e","n/e","n/e","n/e","236","55","332","286"
"BZN|DK2","07.07.2018 14:00 - 07.07.2018 15:00 (CET/CEST)","7","n/e","n/e","29","136","10","n/e","n/e","n/e","n/e","n/e","n/e","n/e","n/e","n/e","n/e","n/e","232","56","328","277"
"BZN|DK2","07.07.2018 15:00 - 07.07.2018 16:00 (CET/CEST)","4","n/e","n/e","29","157","10","n/e","n/e","n/e","n/e","n/e","n/e","n/e","n/e","n/e","n/e","n/e","207","55","329","268"
"BZN|DK2","07.07.2018 16:00 - 07.07.2018 17:00 (CET/CEST)","4","n/e","n/e","28","157","10","n/e","n/e","n/e","n/e","n/e","n/e","n/e","n/e","n/e","n/e","n/e","171","54","320","249"
"BZN|DK2","07.07.2018 17:00 - 07.07.2018 18:00 (CET/CEST)","4","n/e","n/e","28","143","9","n/e","n/e","n/e","n/e","n/e","n/e","n/e","n/e","n/e","n/e","n/e","132","55","307","246"
"BZN|DK2","07.07.2018 18:00 - 07.07.2018 19:00 (CET/CEST)","4","n/e","n/e","29","121","10","n/e","n/e","n/e","n/e","n/e","n/e","n/e","n/e","n/e","n/e","n/e","84","54","297","252"
"BZN|DK2","07.07.2018 19:00 - 07.07.2018 20:00 (CET/CEST)","4","n/e","n/e","29","127","10","n/e","n/e","n/e","n/e","n/e","n/e","n/e","n/e","n/e","n/e","n/e","40","55","293","229"
"BZN|DK2","07.07.2018 20:00 - 07.07.2018 21:00 (CET/CEST)","4","n/e","n/e","29","116","10","n/e","n/e","n/e","n/e","n/e","n/e","n/e","n/e","n/e","n/e","n/e","14","55","302","201"
"BZN|DK2","07.07.2018 21:00 - 07.07.2018 22:00 (CET/CEST)","4","n/e","n/e","29","99","10","n/e","n/e","n/e","n/e","n/e","n/e","n/e","n/e","n/e","n/e","n/e","2","54","331","181"
"BZN|DK2","07.07.2018 22:00 - 07.07.2018 23:00 (CET/CEST)","4","n/e","n/e","28","137","9","n/e","n/e","n/e","n/e","n/e","n/e","n/e","n/e","n/e","n/e","n/e","0","55","345","151"
"BZN|DK2","07.07.2018 23:00 - 08.07.2018 00:00 (CET/CEST)","4","n/e","n/e","28","104","10","n/e","n/e","n/e","n/e","n/e","n/e","n/e","n/e","n/e","n/e","n/e","0","55","343","154"
"BZN|DK2","08.07.2018 00:00 - 08.07.2018 01:00 (CET/CEST)","4","n/e","n/e","28","96","9","n/e","n/e","n/e","n/e","n/e","n/e","n/e","n/e","n/e","n/e","n/e","0","55","315","150"
"BZN|DK2","08.07.2018 01:00 - 08.07.2018 02:00 (CET/CEST)","4","n/e","n/e","28","91","9","n/e","n/e","n/e","n/e","n/e","n/e","n/e","n/e","n/e","n/e","n/e","0","56","257","142"
"BZN|DK2","08.07.2018 02:00 - 08.07.2018 03:00 (CET/CEST)","4","n/e","n/e","28","92","9","n/e","n/e","n/e","n/e","n/e","n/e","n/e","n/e","n/e","n/e","n/e","0","56","187","132"
"BZN|DK2","08.07.2018 03:00 - 08.07.2018 04:00 (CET/CEST)","4","n/e","n/e","28","127","9","n/e","n/e","n/e","n/e","n/e","n/e","n/e","n/e","n/e","n/e","n/e","0","56","144","113"
"BZN|DK2","08.07.2018 04:00 - 08.07.2018 05:00 (CET/CEST)","4","n/e","n/e","28","87","9","n/e","n/e","n/e","n/e","n/e","n/e","n/e","n/e","n/e","n/e","n/e","0","56","127","93"
"BZN|DK2","08.07.2018 05:00 - 08.07.2018 06:00 (CET/CEST)","4","n/e","n/e","28","81","9","n/e","n/e","n/e","n/e","n/e","n/e","n/e","n/e","n/e","n/e","n/e","4","56","95","72"
"BZN|DK2","08.07.2018 06:00 - 08.07.2018 07:00 (CET/CEST)","4","n/e","n/e","30","123","10","n/e","n/e","n/e","n/e","n/e","n/e","n/e","n/e","n/e","n/e","n/e","15","56","49","52"
"BZN|DK2","08.07.2018 07:00 - 08.07.2018 08:00 (CET/CEST)","7","n/e","n/e","30","145","10","n/e","n/e","n/e","n/e","n/e","n/e","n/e","n/e","n/e","n/e","n/e","35","56","44","46"
"BZN|DK2","08.07.2018 08:00 - 08.07.2018 09:00 (CET/CEST)","9","n/e","n/e","31","129","10","n/e","n/e","n/e","n/e","n/e","n/e","n/e","n/e","n/e","n/e","n/e","57","56","40","43"
"BZN|DK2","08.07.2018 09:00 - 08.07.2018 10:00 (CET/CEST)","8","n/e","n/e","31","160","10","n/e","n/e","n/e","n/e","n/e","n/e","n/e","n/e","n/e","n/e","n/e","84","56","36","42"
"BZN|DK2","08.07.2018 10:00 - 08.07.2018 11:00 (CET/CEST)","6","n/e","n/e","30","163","10","n/e","n/e","n/e","n/e","n/e","n/e","n/e","n/e","n/e","n/e","n/e","106","55","35","34"
"BZN|DK2","08.07.2018 11:00 - 08.07.2018 12:00 (CET/CEST)","4","n/e","n/e","30","162","10","n/e","n/e","n/e","n/e","n/e","n/e","n/e","n/e","n/e","n/e","n/e","143","54","33","27"
"BZN|DK2","08.07.2018 12:00 - 08.07.2018 13:00 (CET/CEST)","4","n/e","n/e","30","160","10","n/e","n/e","n/e","n/e","n/e","n/e","n/e","n/e","n/e","n/e","n/e","162","52","53","28"
"BZN|DK2","08.07.2018 13:00 - 08.07.2018 14:00 (CET/CEST)","4","n/e","n/e","31","116","10","n/e","n/e","n/e","n/e","n/e","n/e","n/e","n/e","n/e","n/e","n/e","179","51","63","34"
"BZN|DK2","08.07.2018 14:00 - 08.07.2018 15:00 (CET/CEST)","5","n/e","n/e","30","107","10","n/e","n/e","n/e","n/e","n/e","n/e","n/e","n/e","n/e","n/e","n/e","180","50","73","48"
"BZN|DK2","08.07.2018 15:00 - 08.07.2018 16:00 (CET/CEST)","10","n/e","n/e","30","159","10","n/e","n/e","n/e","n/e","n/e","n/e","n/e","n/e","n/e","n/e","n/e","186","52","81","61"
"BZN|DK2","08.07.2018 16:00 - 08.07.2018 17:00 (CET/CEST)","12","n/e","n/e","30","153","10","n/e","n/e","n/e","n/e","n/e","n/e","n/e","n/e","n/e","n/e","n/e","170","51","83","74"
"BZN|DK2","08.07.2018 17:00 - 08.07.2018 18:00 (CET/CEST)","12","n/e","n/e","30","105","10","n/e","n/e","n/e","n/e","n/e","n/e","n/e","n/e","n/e","n/e","n/e","140","52","79","81"
"BZN|DK2","08.07.2018 18:00 - 08.07.2018 19:00 (CET/CEST)","12","n/e","n/e","30","104","10","n/e","n/e","n/e","n/e","n/e","n/e","n/e","n/e","n/e","n/e","n/e","89","54","75","97"
"BZN|DK2","08.07.2018 19:00 - 08.07.2018 20:00 (CET/CEST)","12","n/e","n/e","30","143","10","n/e","n/e","n/e","n/e","n/e","n/e","n/e","n/e","n/e","n/e","n/e","45","53","94","141"
"BZN|DK2","08.07.2018 20:00 - 08.07.2018 21:00 (CET/CEST)","5","n/e","n/e","30","160","10","n/e","n/e","n/e","n/e","n/e","n/e","n/e","n/e","n/e","n/e","n/e","15","53","179","182"
"BZN|DK2","08.07.2018 21:00 - 08.07.2018 22:00 (CET/CEST)","4","n/e","n/e","27","148","9","n/e","n/e","n/e","n/e","n/e","n/e","n/e","n/e","n/e","n/e","n/e","2","52","244","187"
"BZN|DK2","08.07.2018 22:00 - 08.07.2018 23:00 (CET/CEST)","3","n/e","n/e","22","108","8","n/e","n/e","n/e","n/e","n/e","n/e","n/e","n/e","n/e","n/e","n/e","0","51","262","210"
"BZN|DK2","08.07.2018 23:00 - 09.07.2018 00:00 (CET/CEST)","3","n/e","n/e","22","143","8","n/e","n/e","n/e","n/e","n/e","n/e","n/e","n/e","n/e","n/e","n/e","0","51","237","215"
"BZN|DK2","09.07.2018 00:00 - 09.07.2018 01:00 (CET/CEST)","3","n/e","n/e","22","123","7","n/e","n/e","n/e","n/e","n/e","n/e","n/e","n/e","n/e","n/e","n/e","0","51","180","181"
"BZN|DK2","09.07.2018 01:00 - 09.07.2018 02:00 (CET/CEST)","3","n/e","n/e","22","151","7","n/e","n/e","n/e","n/e","n/e","n/e","n/e","n/e","n/e","n/e","n/e","0","51","152","167"
"BZN|DK2","09.07.2018 02:00 - 09.07.2018 03:00 (CET/CEST)","3","n/e","n/e","22","150","7","n/e","n/e","n/e","n/e","n/e","n/e","n/e","n/e","n/e","n/e","n/e","0","51","156","175"
"BZN|DK2","09.07.2018 03:00 - 09.07.2018 04:00 (CET/CEST)","3","n/e","n/e","22","95","7","n/e","n/e","n/e","n/e","n/e","n/e","n/e","n/e","n/e","n/e","n/e","0","51","168","197"
"BZN|DK2","09.07.2018 04:00 - 09.07.2018 05:00 (CET/CEST)","3","n/e","n/e","22","73","7","n/e","n/e","n/e","n/e","n/e","n/e","n/e","n/e","n/e","n/e","n/e","0","51","153","242"
"BZN|DK2","09.07.2018 05:00 - 09.07.2018 06:00 (CET/CEST)","3","n/e","n/e","22","86","7","n/e","n/e","n/e","n/e","n/e","n/e","n/e","n/e","n/e","n/e","n/e","2","52","200","260"
"BZN|DK2","09.07.2018 06:00 - 09.07.2018 07:00 (CET/CEST)","4","n/e","n/e","23","136","8","n/e","n/e","n/e","n/e","n/e","n/e","n/e","n/e","n/e","n/e","n/e","13","52","222","298"
"BZN|DK2","09.07.2018 07:00 - 09.07.2018 08:00 (CET/CEST)","12","n/e","n/e","25","97","8","n/e","n/e","n/e","n/e","n/e","n/e","n/e","n/e","n/e","n/e","n/e","25","52","194","330"
"BZN|DK2","09.07.2018 08:00 - 09.07.2018 09:00 (CET/CEST)","16","n/e","n/e","25","107","8","n/e","n/e","n/e","n/e","n/e","n/e","n/e","n/e","n/e","n/e","n/e","41","55","279","371"
"BZN|DK2","09.07.2018 09:00 - 09.07.2018 10:00 (CET/CEST)","16","n/e","n/e","25","126","9","n/e","n/e","n/e","n/e","n/e","n/e","n/e","n/e","n/e","n/e","n/e","78","53","284","397"
"BZN|DK2","09.07.2018 10:00 - 09.07.2018 11:00 (CET/CEST)","17","n/e","n/e","24","104","8","n/e","n/e","n/e","n/e","n/e","n/e","n/e","n/e","n/e","n/e","n/e","129","54","298","391"
"BZN|DK2","09.07.2018 11:00 - 09.07.2018 12:00 (CET/CEST)","16","n/e","n/e","25","97","8","n/e","n/e","n/e","n/e","n/e","n/e","n/e","n/e","n/e","n/e","n/e","180","48","306","379"
"BZN|DK2","09.07.2018 12:00 - 09.07.2018 13:00 (CET/CEST)","17","n/e","n/e","24","93","8","n/e","n/e","n/e","n/e","n/e","n/e","n/e","n/e","n/e","n/e","n/e","204","52","297","367"
"BZN|DK2","09.07.2018 13:00 - 09.07.2018 14:00 (CET/CEST)","17","n/e","n/e","23","93","8","n/e","n/e","n/e","n/e","n/e","n/e","n/e","n/e","n/e","n/e","n/e","217","55","332","360"
"BZN|DK2","09.07.2018 14:00 - 09.07.2018 15:00 (CET/CEST)","17","n/e","n/e","23","75","8","n/e","n/e","n/e","n/e","n/e","n/e","n/e","n/e","n/e","n/e","n/e","214","54","312","349"
"BZN|DK2","09.07.2018 15:00 - 09.07.2018 16:00 (CET/CEST)","16","n/e","n/e","22","107","8","n/e","n/e","n/e","n/e","n/e","n/e","n/e","n/e","n/e","n/e","n/e","202","57","324","367"
"BZN|DK2","09.07.2018 16:00 - 09.07.2018 17:00 (CET/CEST)","5","n/e","n/e","22","106","8","n/e","n/e","n/e","n/e","n/e","n/e","n/e","n/e","n/e","n/e","n/e","173","58","319","360"
"BZN|DK2","09.07.2018 17:00 - 09.07.2018 18:00 (CET/CEST)","3","n/e","n/e","22","142","7","n/e","n/e","n/e","n/e","n/e","n/e","n/e","n/e","n/e","n/e","n/e","130","58","314","346"
"BZN|DK2","09.07.2018 18:00 - 09.07.2018 19:00 (CET/CEST)","3","n/e","n/e","29","144","8","n/e","n/e","n/e","n/e","n/e","n/e","n/e","n/e","n/e","n/e","n/e","78","59","321","342"
"BZN|DK2","09.07.2018 19:00 - 09.07.2018 20:00 (CET/CEST)","4","n/e","n/e","28","111","9","n/e","n/e","n/e","n/e","n/e","n/e","n/e","n/e","n/e","n/e","n/e","44","60","292","304"
"BZN|DK2","09.07.2018 20:00 - 09.07.2018 21:00 (CET/CEST)","4","n/e","n/e","29","220","10","n/e","n/e","n/e","n/e","n/e","n/e","n/e","n/e","n/e","n/e","n/e","20","60","315","280"
"BZN|DK2","09.07.2018 21:00 - 09.07.2018 22:00 (CET/CEST)","4","n/e","n/e","28","250","9","n/e","n/e","n/e","n/e","n/e","n/e","n/e","n/e","n/e","n/e","n/e","3","61","275","218"
"BZN|DK2","09.07.2018 22:00 - 09.07.2018 23:00 (CET/CEST)","4","n/e","n/e","28","242","9","n/e","n/e","n/e","n/e","n/e","n/e","n/e","n/e","n/e","n/e","n/e","0","61","205","154"
"BZN|DK2","09.07.2018 23:00 - 10.07.2018 00:00 (CET/CEST)","3","n/e","n/e","28","223","9","n/e","n/e","n/e","n/e","n/e","n/e","n/e","n/e","n/e","n/e","n/e","0","61","106","66"
"BZN|DK2","10.07.2018 00:00 - 10.07.2018 01:00 (CET/CEST)","3","n/e","n/e","27","187","9","n/e","n/e","n/e","n/e","n/e","n/e","n/e","n/e","n/e","n/e","n/e","0","58","47","36"
"BZN|DK2","10.07.2018 01:00 - 10.07.2018 02:00 (CET/CEST)","2","n/e","n/e","27","242","9","n/e","n/e","n/e","n/e","n/e","n/e","n/e","n/e","n/e","n/e","n/e","0","46","17","28"
"BZN|DK2","10.07.2018 02:00 - 10.07.2018 03:00 (CET/CEST)","2","n/e","n/e","27","262","9","n/e","n/e","n/e","n/e","n/e","n/e","n/e","n/e","n/e","n/e","n/e","0","55","14","22"
"BZN|DK2","10.07.2018 03:00 - 10.07.2018 04:00 (CET/CEST)","2","n/e","n/e","27","219","9","n/e","n/e","n/e","n/e","n/e","n/e","n/e","n/e","n/e","n/e","n/e","0","53","35","20"
"BZN|DK2","10.07.2018 04:00 - 10.07.2018 05:00 (CET/CEST)","4","n/e","n/e","27","188","9","n/e","n/e","n/e","n/e","n/e","n/e","n/e","n/e","n/e","n/e","n/e","0","46","19","19"
"BZN|DK2","10.07.2018 05:00 - 10.07.2018 06:00 (CET/CEST)","5","n/e","n/e","27","188","9","n/e","n/e","n/e","n/e","n/e","n/e","n/e","n/e","n/e","n/e","n/e","4","57","5","17"
"BZN|DK2","10.07.2018 06:00 - 10.07.2018 07:00 (CET/CEST)","8","n/e","n/e","25","210","8","n/e","n/e","n/e","n/e","n/e","n/e","n/e","n/e","n/e","n/e","n/e","20","57","0","17"
"BZN|DK2","10.07.2018 07:00 - 10.07.2018 08:00 (CET/CEST)","12","n/e","n/e","24","262","8","n/e","n/e","n/e","n/e","n/e","n/e","n/e","n/e","n/e","n/e","n/e","50","59","0","18"
"BZN|DK2","10.07.2018 08:00 - 10.07.2018 09:00 (CET/CEST)","16","n/e","n/e","24","272","73","n/e","n/e","n/e","n/e","n/e","n/e","n/e","n/e","n/e","n/e","n/e","93","59","0","25"
"BZN|DK2","10.07.2018 09:00 - 10.07.2018 10:00 (CET/CEST)","16","n/e","n/e","24","279","239","n/e","n/e","n/e","n/e","n/e","n/e","n/e","n/e","n/e","n/e","n/e","117","60","0","35"
"BZN|DK2","10.07.2018 10:00 - 10.07.2018 11:00 (CET/CEST)","16","n/e","n/e","25","284","130","n/e","n/e","n/e","n/e","n/e","n/e","n/e","n/e","n/e","n/e","n/e","158","60","5","47"
"BZN|DK2","10.07.2018 11:00 - 10.07.2018 12:00 (CET/CEST)","16","n/e","n/e","24","296","9","n/e","n/e","n/e","n/e","n/e","n/e","n/e","n/e","n/e","n/e","n/e","182","59","22","73"
"BZN|DK2","10.07.2018 12:00 - 10.07.2018 13:00 (CET/CEST)","16","n/e","n/e","56","287","9","n/e","n/e","n/e","n/e","n/e","n/e","n/e","n/e","n/e","n/e","n/e","154","59","42","95"
"BZN|DK2","10.07.2018 13:00 - 10.07.2018 14:00 (CET/CEST)","17","n/e","n/e","75","287","9","n/e","n/e","n/e","n/e","n/e","n/e","n/e","n/e","n/e","n/e","n/e","137","60","69","121"
"BZN|DK2","10.07.2018 14:00 - 10.07.2018 15:00 (CET/CEST)","17","n/e","n/e","32","294","9","n/e","n/e","n/e","n/e","n/e","n/e","n/e","n/e","n/e","n/e","n/e","98","61","102","128"
"BZN|DK2","10.07.2018 15:00 - 10.07.2018 16:00 (CET/CEST)","10","n/e","n/e","28","295","9","n/e","n/e","n/e","n/e","n/e","n/e","n/e","n/e","n/e","n/e","n/e","76","61","102","109"
"BZN|DK2","10.07.2018 16:00 - 10.07.2018 17:00 (CET/CEST)","7","n/e","n/e","28","285","9","n/e","n/e","n/e","n/e","n/e","n/e","n/e","n/e","n/e","n/e","n/e","56","61","76","84"
"BZN|DK2","10.07.2018 17:00 - 10.07.2018 18:00 (CET/CEST)","4","n/e","n/e","27","292","9","n/e","n/e","n/e","n/e","n/e","n/e","n/e","n/e","n/e","n/e","n/e","46","60","42","70"
"BZN|DK2","10.07.2018 18:00 - 10.07.2018 19:00 (CET/CEST)","4","n/e","n/e","27","300","9","n/e","n/e","n/e","n/e","n/e","n/e","n/e","n/e","n/e","n/e","n/e","32","61","2","52"
"BZN|DK2","10.07.2018 19:00 - 10.07.2018 20:00 (CET/CEST)","4","n/e","n/e","27","302","9","n/e","n/e","n/e","n/e","n/e","n/e","n/e","n/e","n/e","n/e","n/e","15","60","48","43"
"BZN|DK2","10.07.2018 20:00 - 10.07.2018 21:00 (CET/CEST)","3","n/e","n/e","27","300","9","n/e","n/e","n/e","n/e","n/e","n/e","n/e","n/e","n/e","n/e","n/e","4","61","131","85"
"BZN|DK2","10.07.2018 21:00 - 10.07.2018 22:00 (CET/CEST)","3","n/e","n/e","27","254","9","n/e","n/e","n/e","n/e","n/e","n/e","n/e","n/e","n/e","n/e","n/e","0","60","200","145"
"BZN|DK2","10.07.2018 22:00 - 10.07.2018 23:00 (CET/CEST)","4","n/e","n/e","27","275","9","n/e","n/e","n/e","n/e","n/e","n/e","n/e","n/e","n/e","n/e","n/e","0","60","122","169"
"BZN|DK2","10.07.2018 23:00 - 11.07.2018 00:00 (CET/CEST)","4","n/e","n/e","27","260","9","n/e","n/e","n/e","n/e","n/e","n/e","n/e","n/e","n/e","n/e","n/e","0","61","88","135"
"BZN|DK2","11.07.2018 00:00 - 11.07.2018 01:00 (CET/CEST)","3","n/e","n/e","27","231","9","n/e","n/e","n/e","n/e","n/e","n/e","n/e","n/e","n/e","n/e","n/e","0","60","107","105"
"BZN|DK2","11.07.2018 01:00 - 11.07.2018 02:00 (CET/CEST)","4","n/e","n/e","27","275","9","n/e","n/e","n/e","n/e","n/e","n/e","n/e","n/e","n/e","n/e","n/e","0","60","114","99"
"BZN|DK2","11.07.2018 02:00 - 11.07.2018 03:00 (CET/CEST)","3","n/e","n/e","27","294","9","n/e","n/e","n/e","n/e","n/e","n/e","n/e","n/e","n/e","n/e","n/e","0","61","103","101"
"BZN|DK2","11.07.2018 03:00 - 11.07.2018 04:00 (CET/CEST)","3","n/e","n/e","26","295","9","n/e","n/e","n/e","n/e","n/e","n/e","n/e","n/e","n/e","n/e","n/e","0","60","95","105"
"BZN|DK2","11.07.2018 04:00 - 11.07.2018 05:00 (CET/CEST)","4","n/e","n/e","27","266","9","n/e","n/e","n/e","n/e","n/e","n/e","n/e","n/e","n/e","n/e","n/e","0","61","101","118"
"BZN|DK2","11.07.2018 05:00 - 11.07.2018 06:00 (CET/CEST)","4","n/e","n/e","27","263","9","n/e","n/e","n/e","n/e","n/e","n/e","n/e","n/e","n/e","n/e","n/e","5","60","99","131"
"BZN|DK2","11.07.2018 06:00 - 11.07.2018 07:00 (CET/CEST)","4","n/e","n/e","30","291","10","n/e","n/e","n/e","n/e","n/e","n/e","n/e","n/e","n/e","n/e","n/e","22","61","127","145"
"BZN|DK2","11.07.2018 07:00 - 11.07.2018 08:00 (CET/CEST)","12","n/e","n/e","33","301","11","n/e","n/e","n/e","n/e","n/e","n/e","n/e","n/e","n/e","n/e","n/e","45","64","174","133"
"BZN|DK2","11.07.2018 08:00 - 11.07.2018 09:00 (CET/CEST)","17","n/e","n/e","35","307","12","n/e","n/e","n/e","n/e","n/e","n/e","n/e","n/e","n/e","n/e","n/e","87","65","181","107"
"BZN|DK2","11.07.2018 09:00 - 11.07.2018 10:00 (CET/CEST)","19","n/e","n/e","35","304","12","n/e","n/e","n/e","n/e","n/e","n/e","n/e","n/e","n/e","n/e","n/e","134","64","157","116"
"BZN|DK2","11.07.2018 10:00 - 11.07.2018 11:00 (CET/CEST)","20","n/e","n/e","35","304","11","n/e","n/e","n/e","n/e","n/e","n/e","n/e","n/e","n/e","n/e","n/e","167","63","157","124"
"BZN|DK2","11.07.2018 11:00 - 11.07.2018 12:00 (CET/CEST)","21","n/e","n/e","35","313","11","n/e","n/e","n/e","n/e","n/e","n/e","n/e","n/e","n/e","n/e","n/e","202","63","141","109"
"BZN|DK2","11.07.2018 12:00 - 11.07.2018 13:00 (CET/CEST)","21","n/e","n/e","34","332","11","n/e","n/e","n/e","n/e","n/e","n/e","n/e","n/e","n/e","n/e","n/e","230","64","169","98"
"BZN|DK2","11.07.2018 13:00 - 11.07.2018 14:00 (CET/CEST)","21","n/e","n/e","33","323","11","n/e","n/e","n/e","n/e","n/e","n/e","n/e","n/e","n/e","n/e","n/e","225","64","129","93"
"BZN|DK2","11.07.2018 14:00 - 11.07.2018 15:00 (CET/CEST)","21","n/e","n/e","32","325","10","n/e","n/e","n/e","n/e","n/e","n/e","n/e","n/e","n/e","n/e","n/e","216","63","104","85"
"BZN|DK2","11.07.2018 15:00 - 11.07.2018 16:00 (CET/CEST)","19","n/e","n/e","31","328","10","n/e","n/e","n/e","n/e","n/e","n/e","n/e","n/e","n/e","n/e","n/e","193","62","32","87"
"BZN|DK2","11.07.2018 16:00 - 11.07.2018 17:00 (CET/CEST)","9","n/e","n/e","31","328","10","n/e","n/e","n/e","n/e","n/e","n/e","n/e","n/e","n/e","n/e","n/e","134","61","21","75"
"BZN|DK2","11.07.2018 17:00 - 11.07.2018 18:00 (CET/CEST)","7","n/e","n/e","30","327","10","n/e","n/e","n/e","n/e","n/e","n/e","n/e","n/e","n/e","n/e","n/e","105","62","12","57"
"BZN|DK2","11.07.2018 18:00 - 11.07.2018 19:00 (CET/CEST)","8","n/e","n/e","30","327","10","n/e","n/e","n/e","n/e","n/e","n/e","n/e","n/e","n/e","n/e","n/e","53","63","10","51"
"BZN|DK2","11.07.2018 19:00 - 11.07.2018 20:00 (CET/CEST)","7","n/e","n/e","30","328","10","n/e","n/e","n/e","n/e","n/e","n/e","n/e","n/e","n/e","n/e","n/e","25","60","23","35"
"BZN|DK2","11.07.2018 20:00 - 11.07.2018 21:00 (CET/CEST)","8","n/e","n/e","37","304","10","n/e","n/e","n/e","n/e","n/e","n/e","n/e","n/e","n/e","n/e","n/e","9","56","28","24"
"BZN|DK2","11.07.2018 21:00 - 11.07.2018 22:00 (CET/CEST)","7","n/e","n/e","84","341","10","n/e","n/e","n/e","n/e","n/e","n/e","n/e","n/e","n/e","n/e","n/e","1","57","44","22"
"BZN|DK2","11.07.2018 22:00 - 11.07.2018 23:00 (CET/CEST)","8","n/e","n/e","89","340","10","n/e","n/e","n/e","n/e","n/e","n/e","n/e","n/e","n/e","n/e","n/e","0","59","18","27"
"BZN|DK2","11.07.2018 23:00 - 12.07.2018 00:00 (CET/CEST)","7","n/e","n/e","33","296","10","n/e","n/e","n/e","n/e","n/e","n/e","n/e","n/e","n/e","n/e","n/e","0","58","25","36"
"BZN|DK2","12.07.2018 00:00 - 12.07.2018 01:00 (CET/CEST)","7","n/e","n/e","29","279","10","n/e","n/e","n/e","n/e","n/e","n/e","n/e","n/e","n/e","n/e","n/e","0","57","19","30"
"BZN|DK2","12.07.2018 01:00 - 12.07.2018 02:00 (CET/CEST)","8","n/e","n/e","29","253","10","n/e","n/e","n/e","n/e","n/e","n/e","n/e","n/e","n/e","n/e","n/e","0","57","22","22"
"BZN|DK2","12.07.2018 02:00 - 12.07.2018 03:00 (CET/CEST)","7","n/e","n/e","29","248","10","n/e","n/e","n/e","n/e","n/e","n/e","n/e","n/e","n/e","n/e","n/e","0","57","38","23"
"BZN|DK2","12.07.2018 03:00 - 12.07.2018 04:00 (CET/CEST)","7","n/e","n/e","29","245","10","n/e","n/e","n/e","n/e","n/e","n/e","n/e","n/e","n/e","n/e","n/e","0","57","53","33"
"BZN|DK2","12.07.2018 04:00 - 12.07.2018 05:00 (CET/CEST)","7","n/e","n/e","29","245","10","n/e","n/e","n/e","n/e","n/e","n/e","n/e","n/e","n/e","n/e","n/e","0","57","47","37"
"BZN|DK2","12.07.2018 05:00 - 12.07.2018 06:00 (CET/CEST)","8","n/e","n/e","29","243","10","n/e","n/e","n/e","n/e","n/e","n/e","n/e","n/e","n/e","n/e","n/e","5","57","31","39"
"BZN|DK2","12.07.2018 06:00 - 12.07.2018 07:00 (CET/CEST)","12","n/e","n/e","30","279","10","n/e","n/e","n/e","n/e","n/e","n/e","n/e","n/e","n/e","n/e","n/e","21","59","13","33"
"BZN|DK2","12.07.2018 07:00 - 12.07.2018 08:00 (CET/CEST)","18","n/e","n/e","32","354","11","n/e","n/e","n/e","n/e","n/e","n/e","n/e","n/e","n/e","n/e","n/e","50","61","5","25"
"BZN|DK2","12.07.2018 08:00 - 12.07.2018 09:00 (CET/CEST)","20","n/e","n/e","32","359","11","n/e","n/e","n/e","n/e","n/e","n/e","n/e","n/e","n/e","n/e","n/e","94","61","4","27"
"BZN|DK2","12.07.2018 09:00 - 12.07.2018 10:00 (CET/CEST)","21","n/e","n/e","35","315","10","n/e","n/e","n/e","n/e","n/e","n/e","n/e","n/e","n/e","n/e","n/e","141","61","2","36"
"BZN|DK2","12.07.2018 10:00 - 12.07.2018 11:00 (CET/CEST)","20","n/e","n/e","30","313","10","n/e","n/e","n/e","n/e","n/e","n/e","n/e","n/e","n/e","n/e","n/e","174","61","2","63"
"BZN|DK2","12.07.2018 11:00 - 12.07.2018 12:00 (CET/CEST)","20","n/e","n/e","31","311","10","n/e","n/e","n/e","n/e","n/e","n/e","n/e","n/e","n/e","n/e","n/e","185","61","5","85"
"BZN|DK2","12.07.2018 12:00 - 12.07.2018 13:00 (CET/CEST)","20","n/e","n/e","29","289","10","n/e","n/e","n/e","n/e","n/e","n/e","n/e","n/e","n/e","n/e","n/e","197","62","14","90"
"BZN|DK2","12.07.2018 13:00 - 12.07.2018 14:00 (CET/CEST)","21","n/e","n/e","30","263","10","n/e","n/e","n/e","n/e","n/e","n/e","n/e","n/e","n/e","n/e","n/e","199","60","38","88"
"BZN|DK2","12.07.2018 14:00 - 12.07.2018 15:00 (CET/CEST)","19","n/e","n/e","29","322","10","n/e","n/e","n/e","n/e","n/e","n/e","n/e","n/e","n/e","n/e","n/e","189","61","16","84"
"BZN|DK2","12.07.2018 15:00 - 12.07.2018 16:00 (CET/CEST)","16","n/e","n/e","36","350","10","n/e","n/e","n/e","n/e","n/e","n/e","n/e","n/e","n/e","n/e","n/e","180","53","8","90"
"BZN|DK2","12.07.2018 16:00 - 12.07.2018 17:00 (CET/CEST)","8","n/e","n/e","28","299","9","n/e","n/e","n/e","n/e","n/e","n/e","n/e","n/e","n/e","n/e","n/e","147","40","3","108"
"BZN|DK2","12.07.2018 17:00 - 12.07.2018 18:00 (CET/CEST)","5","n/e","n/e","29","290","10","n/e","n/e","n/e","n/e","n/e","n/e","n/e","n/e","n/e","n/e","n/e","124","40","3","106"
"BZN|DK2","12.07.2018 18:00 - 12.07.2018 19:00 (CET/CEST)","4","n/e","n/e","29","287","10","n/e","n/e","n/e","n/e","n/e","n/e","n/e","n/e","n/e","n/e","n/e","86","37","0","78"
"BZN|DK2","12.07.2018 19:00 - 12.07.2018 20:00 (CET/CEST)","4","n/e","n/e","29","289","10","n/e","n/e","n/e","n/e","n/e","n/e","n/e","n/e","n/e","n/e","n/e","46","35","3","62"
"BZN|DK2","12.07.2018 20:00 - 12.07.2018 21:00 (CET/CEST)","4","n/e","n/e","29","297","10","n/e","n/e","n/e","n/e","n/e","n/e","n/e","n/e","n/e","n/e","n/e","19","35","6","59"
"BZN|DK2","12.07.2018 21:00 - 12.07.2018 22:00 (CET/CEST)","4","n/e","n/e","30","285","10","n/e","n/e","n/e","n/e","n/e","n/e","n/e","n/e","n/e","n/e","n/e","3","35","7","59"
"BZN|DK2","12.07.2018 22:00 - 12.07.2018 23:00 (CET/CEST)","4","n/e","n/e","74","339","10","n/e","n/e","n/e","n/e","n/e","n/e","n/e","n/e","n/e","n/e","n/e","0","35","14","80"
"BZN|DK2","12.07.2018 23:00 - 13.07.2018 00:00 (CET/CEST)","4","n/e","n/e","32","353","9","n/e","n/e","n/e","n/e","n/e","n/e","n/e","n/e","n/e","n/e","n/e","0","35","65","85"
"BZN|DK2","13.07.2018 00:00 - 13.07.2018 01:00 (CET/CEST)","3","n/e","n/e","28","292","9","n/e","n/e","n/e","n/e","n/e","n/e","n/e","n/e","n/e","n/e","n/e","0","35","153","88"
"BZN|DK2","13.07.2018 01:00 - 13.07.2018 02:00 (CET/CEST)","3","n/e","n/e","28","243","9","n/e","n/e","n/e","n/e","n/e","n/e","n/e","n/e","n/e","n/e","n/e","0","35","79","69"
"BZN|DK2","13.07.2018 02:00 - 13.07.2018 03:00 (CET/CEST)","4","n/e","n/e","28","264","9","n/e","n/e","n/e","n/e","n/e","n/e","n/e","n/e","n/e","n/e","n/e","0","35","112","71"
"BZN|DK2","13.07.2018 03:00 - 13.07.2018 04:00 (CET/CEST)","4","n/e","n/e","28","227","9","n/e","n/e","n/e","n/e","n/e","n/e","n/e","n/e","n/e","n/e","n/e","0","35","161","79"
"BZN|DK2","13.07.2018 04:00 - 13.07.2018 05:00 (CET/CEST)","3","n/e","n/e","28","223","9","n/e","n/e","n/e","n/e","n/e","n/e","n/e","n/e","n/e","n/e","n/e","0","34","194","73"
"BZN|DK2","13.07.2018 05:00 - 13.07.2018 06:00 (CET/CEST)","3","n/e","n/e","28","259","9","n/e","n/e","n/e","n/e","n/e","n/e","n/e","n/e","n/e","n/e","n/e","4","36","221","92"
"BZN|DK2","13.07.2018 06:00 - 13.07.2018 07:00 (CET/CEST)","4","n/e","n/e","29","253","10","n/e","n/e","n/e","n/e","n/e","n/e","n/e","n/e","n/e","n/e","n/e","22","35","229","80"
"BZN|DK2","13.07.2018 07:00 - 13.07.2018 08:00 (CET/CEST)","8","n/e","n/e","30","314","10","n/e","n/e","n/e","n/e","n/e","n/e","n/e","n/e","n/e","n/e","n/e","49","36","215","54"
"BZN|DK2","13.07.2018 08:00 - 13.07.2018 09:00 (CET/CEST)","13","n/e","n/e","30","349","10","n/e","n/e","n/e","n/e","n/e","n/e","n/e","n/e","n/e","n/e","n/e","87","41","144","33"
"BZN|DK2","13.07.2018 09:00 - 13.07.2018 10:00 (CET/CEST)","17","n/e","n/e","31","354","10","n/e","n/e","n/e","n/e","n/e","n/e","n/e","n/e","n/e","n/e","n/e","129","45","94","30"
"BZN|DK2","13.07.2018 10:00 - 13.07.2018 11:00 (CET/CEST)","17","n/e","n/e","37","349","10","n/e","n/e","n/e","n/e","n/e","n/e","n/e","n/e","n/e","n/e","n/e","171","52","62","35"
"BZN|DK2","13.07.2018 11:00 - 13.07.2018 12:00 (CET/CEST)","17","n/e","n/e","30","348","10","n/e","n/e","n/e","n/e","n/e","n/e","n/e","n/e","n/e","n/e","n/e","199","57","79","46"
"BZN|DK2","13.07.2018 12:00 - 13.07.2018 13:00 (CET/CEST)","15","n/e","n/e","29","350","10","n/e","n/e","n/e","n/e","n/e","n/e","n/e","n/e","n/e","n/e","n/e","220","59","98","67"
"BZN|DK2","13.07.2018 13:00 - 13.07.2018 14:00 (CET/CEST)","12","n/e","n/e","28","291","9","n/e","n/e","n/e","n/e","n/e","n/e","n/e","n/e","n/e","n/e","n/e","219","65","90","79"
"BZN|DK2","13.07.2018 14:00 - 13.07.2018 15:00 (CET/CEST)","12","n/e","n/e","28","274","9","n/e","n/e","n/e","n/e","n/e","n/e","n/e","n/e","n/e","n/e","n/e","219","66","99","109"
"BZN|DK2","13.07.2018 15:00 - 13.07.2018 16:00 (CET/CEST)","12","n/e","n/e","28","273","9","n/e","n/e","n/e","n/e","n/e","n/e","n/e","n/e","n/e","n/e","n/e","212","66","100","170"
"BZN|DK2","13.07.2018 16:00 - 13.07.2018 17:00 (CET/CEST)","12","n/e","n/e","28","271","9","n/e","n/e","n/e","n/e","n/e","n/e","n/e","n/e","n/e","n/e","n/e","178","66","154","188"
"BZN|DK2","13.07.2018 17:00 - 13.07.2018 18:00 (CET/CEST)","12","n/e","n/e","29","263","9","n/e","n/e","n/e","n/e","n/e","n/e","n/e","n/e","n/e","n/e","n/e","136","67","186","199"
"BZN|DK2","13.07.2018 18:00 - 13.07.2018 19:00 (CET/CEST)","12","n/e","n/e","79","334","9","n/e","n/e","n/e","n/e","n/e","n/e","n/e","n/e","n/e","n/e","n/e","85","66","215","232"
"BZN|DK2","13.07.2018 19:00 - 13.07.2018 20:00 (CET/CEST)","12","n/e","n/e","93","346","9","n/e","n/e","n/e","n/e","n/e","n/e","n/e","n/e","n/e","n/e","n/e","40","65","268","221"
"BZN|DK2","13.07.2018 20:00 - 13.07.2018 21:00 (CET/CEST)","6","n/e","n/e","30","334","60","n/e","n/e","n/e","n/e","n/e","n/e","n/e","n/e","n/e","n/e","n/e","14","64","220","197"
"BZN|DK2","13.07.2018 21:00 - 13.07.2018 22:00 (CET/CEST)","4","n/e","n/e","28","298","76","n/e","n/e","n/e","n/e","n/e","n/e","n/e","n/e","n/e","n/e","n/e","2","65","222","167"
"BZN|DK2","13.07.2018 22:00 - 13.07.2018 23:00 (CET/CEST)","4","n/e","n/e","27","335","76","n/e","n/e","n/e","n/e","n/e","n/e","n/e","n/e","n/e","n/e","n/e","0","65","214","151"
"BZN|DK2","13.07.2018 23:00 - 14.07.2018 00:00 (CET/CEST)","4","n/e","n/e","27","312","76","n/e","n/e","n/e","n/e","n/e","n/e","n/e","n/e","n/e","n/e","n/e","0","65","227","147"
"BZN|DK2","14.07.2018 00:00 - 14.07.2018 01:00 (CET/CEST)","3","n/e","n/e","27","308","75","n/e","n/e","n/e","n/e","n/e","n/e","n/e","n/e","n/e","n/e","n/e","0","64","238","156"
"BZN|DK2","14.07.2018 01:00 - 14.07.2018 02:00 (CET/CEST)","3","n/e","n/e","27","332","62","n/e","n/e","n/e","n/e","n/e","n/e","n/e","n/e","n/e","n/e","n/e","0","61","187","152"
"BZN|DK2","14.07.2018 02:00 - 14.07.2018 03:00 (CET/CEST)","3","n/e","n/e","27","240","9","n/e","n/e","n/e","n/e","n/e","n/e","n/e","n/e","n/e","n/e","n/e","0","62","163","140"
"BZN|DK2","14.07.2018 03:00 - 14.07.2018 04:00 (CET/CEST)","3","n/e","n/e","27","217","9","n/e","n/e","n/e","n/e","n/e","n/e","n/e","n/e","n/e","n/e","n/e","0","62","130","125"
"BZN|DK2","14.07.2018 04:00 - 14.07.2018 05:00 (CET/CEST)","3","n/e","n/e","27","215","9","n/e","n/e","n/e","n/e","n/e","n/e","n/e","n/e","n/e","n/e","n/e","0","61","101","119"
"BZN|DK2","14.07.2018 05:00 - 14.07.2018 06:00 (CET/CEST)","3","n/e","n/e","27","227","9","n/e","n/e","n/e","n/e","n/e","n/e","n/e","n/e","n/e","n/e","n/e","2","62","87","117"
"BZN|DK2","14.07.2018 06:00 - 14.07.2018 07:00 (CET/CEST)","3","n/e","n/e","28","236","9","n/e","n/e","n/e","n/e","n/e","n/e","n/e","n/e","n/e","n/e","n/e","12","62","77","103"
"BZN|DK2","14.07.2018 07:00 - 14.07.2018 08:00 (CET/CEST)","3","n/e","n/e","28","235","9","n/e","n/e","n/e","n/e","n/e","n/e","n/e","n/e","n/e","n/e","n/e","29","62","75","84"
"BZN|DK2","14.07.2018 08:00 - 14.07.2018 09:00 (CET/CEST)","6","n/e","n/e","29","235","10","n/e","n/e","n/e","n/e","n/e","n/e","n/e","n/e","n/e","n/e","n/e","47","62","68","83"
"BZN|DK2","14.07.2018 09:00 - 14.07.2018 10:00 (CET/CEST)","8","n/e","n/e","29","245","10","n/e","n/e","n/e","n/e","n/e","n/e","n/e","n/e","n/e","n/e","n/e","76","61","55","83"
"BZN|DK2","14.07.2018 10:00 - 14.07.2018 11:00 (CET/CEST)","9","n/e","n/e","29","280","10","n/e","n/e","n/e","n/e","n/e","n/e","n/e","n/e","n/e","n/e","n/e","99","60","50","86"
"BZN|DK2","14.07.2018 11:00 - 14.07.2018 12:00 (CET/CEST)","8","n/e","n/e","29","275","10","n/e","n/e","n/e","n/e","n/e","n/e","n/e","n/e","n/e","n/e","n/e","119","60","93","92"
"BZN|DK2","14.07.2018 12:00 - 14.07.2018 13:00 (CET/CEST)","8","n/e","n/e","28","263","9","n/e","n/e","n/e","n/e","n/e","n/e","n/e","n/e","n/e","n/e","n/e","131","59","104","105"
"BZN|DK2","14.07.2018 13:00 - 14.07.2018 14:00 (CET/CEST)","8","n/e","n/e","28","225","9","n/e","n/e","n/e","n/e","n/e","n/e","n/e","n/e","n/e","n/e","n/e","143","59","117","119"
"BZN|DK2","14.07.2018 14:00 - 14.07.2018 15:00 (CET/CEST)","8","n/e","n/e","27","268","9","n/e","n/e","n/e","n/e","n/e","n/e","n/e","n/e","n/e","n/e","n/e","145","60","70","115"
"BZN|DK2","14.07.2018 15:00 - 14.07.2018 16:00 (CET/CEST)","8","n/e","n/e","27","250","9","n/e","n/e","n/e","n/e","n/e","n/e","n/e","n/e","n/e","n/e","n/e","158","60","90","110"
"BZN|DK2","14.07.2018 16:00 - 14.07.2018 17:00 (CET/CEST)","7","n/e","n/e","27","215","9","n/e","n/e","n/e","n/e","n/e","n/e","n/e","n/e","n/e","n/e","n/e","174","59","75","119"
"BZN|DK2","14.07.2018 17:00 - 14.07.2018 18:00 (CET/CEST)","4","n/e","n/e","27","234","9","n/e","n/e","n/e","n/e","n/e","n/e","n/e","n/e","n/e","n/e","n/e","144","59","53","137"
"BZN|DK2","14.07.2018 18:00 - 14.07.2018 19:00 (CET/CEST)","3","n/e","n/e","27","271","9","n/e","n/e","n/e","n/e","n/e","n/e","n/e","n/e","n/e","n/e","n/e","95","60","54","145"
"BZN|DK2","14.07.2018 19:00 - 14.07.2018 20:00 (CET/CEST)","3","n/e","n/e","28","260","9","n/e","n/e","n/e","n/e","n/e","n/e","n/e","n/e","n/e","n/e","n/e","44","59","68","146"
"BZN|DK2","14.07.2018 20:00 - 14.07.2018 21:00 (CET/CEST)","3","n/e","n/e","27","256","9","n/e","n/e","n/e","n/e","n/e","n/e","n/e","n/e","n/e","n/e","n/e","14","60","66","114"
"BZN|DK2","14.07.2018 21:00 - 14.07.2018 22:00 (CET/CEST)","3","n/e","n/e","28","253","9","n/e","n/e","n/e","n/e","n/e","n/e","n/e","n/e","n/e","n/e","n/e","2","57","73","88"
"BZN|DK2","14.07.2018 22:00 - 14.07.2018 23:00 (CET/CEST)","3","n/e","n/e","28","246","9","n/e","n/e","n/e","n/e","n/e","n/e","n/e","n/e","n/e","n/e","n/e","0","57","101","87"
"BZN|DK2","14.07.2018 23:00 - 15.07.2018 00:00 (CET/CEST)","3","n/e","n/e","28","237","9","n/e","n/e","n/e","n/e","n/e","n/e","n/e","n/e","n/e","n/e","n/e","0","58","122","97"
"BZN|DK2","15.07.2018 00:00 - 15.07.2018 01:00 (CET/CEST)","3","n/e","n/e","28","232","9","n/e","n/e","n/e","n/e","n/e","n/e","n/e","n/e","n/e","n/e","n/e","0","57","93","102"
"BZN|DK2","15.07.2018 01:00 - 15.07.2018 02:00 (CET/CEST)","3","n/e","n/e","28","242","9","n/e","n/e","n/e","n/e","n/e","n/e","n/e","n/e","n/e","n/e","n/e","0","57","86","92"
"BZN|DK2","15.07.2018 02:00 - 15.07.2018 03:00 (CET/CEST)","3","n/e","n/e","28","249","9","n/e","n/e","n/e","n/e","n/e","n/e","n/e","n/e","n/e","n/e","n/e","0","59","76","91"
"BZN|DK2","15.07.2018 03:00 - 15.07.2018 04:00 (CET/CEST)","3","n/e","n/e","27","225","9","n/e","n/e","n/e","n/e","n/e","n/e","n/e","n/e","n/e","n/e","n/e","0","59","49","80"
"BZN|DK2","15.07.2018 04:00 - 15.07.2018 05:00 (CET/CEST)","3","n/e","n/e","27","210","9","n/e","n/e","n/e","n/e","n/e","n/e","n/e","n/e","n/e","n/e","n/e","0","59","40","66"
"BZN|DK2","15.07.2018 05:00 - 15.07.2018 06:00 (CET/CEST)","3","n/e","n/e","27","209","9","n/e","n/e","n/e","n/e","n/e","n/e","n/e","n/e","n/e","n/e","n/e","2","59","29","56"
"BZN|DK2","15.07.2018 06:00 - 15.07.2018 07:00 (CET/CEST)","3","n/e","n/e","28","210","9","n/e","n/e","n/e","n/e","n/e","n/e","n/e","n/e","n/e","n/e","n/e","13","58","23","34"
"BZN|DK2","15.07.2018 07:00 - 15.07.2018 08:00 (CET/CEST)","3","n/e","n/e","28","242","9","n/e","n/e","n/e","n/e","n/e","n/e","n/e","n/e","n/e","n/e","n/e","31","59","17","24"
"BZN|DK2","15.07.2018 08:00 - 15.07.2018 09:00 (CET/CEST)","6","n/e","n/e","29","246","10","n/e","n/e","n/e","n/e","n/e","n/e","n/e","n/e","n/e","n/e","n/e","61","59","9","26"
"BZN|DK2","15.07.2018 09:00 - 15.07.2018 10:00 (CET/CEST)","8","n/e","n/e","29","247","10","n/e","n/e","n/e","n/e","n/e","n/e","n/e","n/e","n/e","n/e","n/e","104","58","2","29"
"BZN|DK2","15.07.2018 10:00 - 15.07.2018 11:00 (CET/CEST)","10","n/e","n/e","28","241","9","n/e","n/e","n/e","n/e","n/e","n/e","n/e","n/e","n/e","n/e","n/e","157","59","3","28"
"BZN|DK2","15.07.2018 11:00 - 15.07.2018 12:00 (CET/CEST)","14","n/e","n/e","30","245","10","n/e","n/e","n/e","n/e","n/e","n/e","n/e","n/e","n/e","n/e","n/e","184","59","2","28"
"BZN|DK2","15.07.2018 12:00 - 15.07.2018 13:00 (CET/CEST)","15","n/e","n/e","29","252","10","n/e","n/e","n/e","n/e","n/e","n/e","n/e","n/e","n/e","n/e","n/e","207","59","11","36"
"BZN|DK2","15.07.2018 13:00 - 15.07.2018 14:00 (CET/CEST)","12","n/e","n/e","28","250","9","n/e","n/e","n/e","n/e","n/e","n/e","n/e","n/e","n/e","n/e","n/e","217","59","20","44"
"BZN|DK2","15.07.2018 14:00 - 15.07.2018 15:00 (CET/CEST)","12","n/e","n/e","28","253","9","n/e","n/e","n/e","n/e","n/e","n/e","n/e","n/e","n/e","n/e","n/e","220","59","34","47"
"BZN|DK2","15.07.2018 15:00 - 15.07.2018 16:00 (CET/CEST)","5","n/e","n/e","28","260","9","n/e","n/e","n/e","n/e","n/e","n/e","n/e","n/e","n/e","n/e","n/e","211","59","36","46"
"BZN|DK2","15.07.2018 16:00 - 15.07.2018 17:00 (CET/CEST)","3","n/e","n/e","28","256","9","n/e","n/e","n/e","n/e","n/e","n/e","n/e","n/e","n/e","n/e","n/e","185","60","32","40"
"BZN|DK2","15.07.2018 17:00 - 15.07.2018 18:00 (CET/CEST)","3","n/e","n/e","28","250","9","n/e","n/e","n/e","n/e","n/e","n/e","n/e","n/e","n/e","n/e","n/e","146","60","36","34"
"BZN|DK2","15.07.2018 18:00 - 15.07.2018 19:00 (CET/CEST)","3","n/e","n/e","29","260","10","n/e","n/e","n/e","n/e","n/e","n/e","n/e","n/e","n/e","n/e","n/e","91","60","35","32"
"BZN|DK2","15.07.2018 19:00 - 15.07.2018 20:00 (CET/CEST)","3","n/e","n/e","29","269","10","n/e","n/e","n/e","n/e","n/e","n/e","n/e","n/e","n/e","n/e","n/e","39","60","31","22"
"BZN|DK2","15.07.2018 20:00 - 15.07.2018 21:00 (CET/CEST)","4","n/e","n/e","27","268","9","n/e","n/e","n/e","n/e","n/e","n/e","n/e","n/e","n/e","n/e","n/e","13","59","24","14"
"BZN|DK2","15.07.2018 21:00 - 15.07.2018 22:00 (CET/CEST)","4","n/e","n/e","28","285","9","n/e","n/e","n/e","n/e","n/e","n/e","n/e","n/e","n/e","n/e","n/e","2","60","16","11"
"BZN|DK2","15.07.2018 22:00 - 15.07.2018 23:00 (CET/CEST)","3","n/e","n/e","26","286","9","n/e","n/e","n/e","n/e","n/e","n/e","n/e","n/e","n/e","n/e","n/e","0","59","12","14"
"BZN|DK2","15.07.2018 23:00 - 16.07.2018 00:00 (CET/CEST)","4","n/e","n/e","27","266","9","n/e","n/e","n/e","n/e","n/e","n/e","n/e","n/e","n/e","n/e","n/e","0","59","13","23"
"BZN|DK2","16.07.2018 00:00 - 16.07.2018 01:00 (CET/CEST)","4","n/e","n/e","27","239","9","n/e","n/e","n/e","n/e","n/e","n/e","n/e","n/e","n/e","n/e","n/e","0","59","11","22"
"BZN|DK2","16.07.2018 01:00 - 16.07.2018 02:00 (CET/CEST)","4","n/e","n/e","27","239","9","n/e","n/e","n/e","n/e","n/e","n/e","n/e","n/e","n/e","n/e","n/e","0","59","6","22"
"BZN|DK2","16.07.2018 02:00 - 16.07.2018 03:00 (CET/CEST)","4","n/e","n/e","28","237","9","n/e","n/e","n/e","n/e","n/e","n/e","n/e","n/e","n/e","n/e","n/e","0","59","5","24"
"BZN|DK2","16.07.2018 03:00 - 16.07.2018 04:00 (CET/CEST)","4","n/e","n/e","27","237","9","n/e","n/e","n/e","n/e","n/e","n/e","n/e","n/e","n/e","n/e","n/e","0","59","4","25"
"BZN|DK2","16.07.2018 04:00 - 16.07.2018 05:00 (CET/CEST)","4","n/e","n/e","28","224","9","n/e","n/e","n/e","n/e","n/e","n/e","n/e","n/e","n/e","n/e","n/e","0","59","26","40"
"BZN|DK2","16.07.2018 05:00 - 16.07.2018 06:00 (CET/CEST)","4","n/e","n/e","28","235","9","n/e","n/e","n/e","n/e","n/e","n/e","n/e","n/e","n/e","n/e","n/e","4","59","33","43"
"BZN|DK2","16.07.2018 06:00 - 16.07.2018 07:00 (CET/CEST)","8","n/e","n/e","30","246","10","n/e","n/e","n/e","n/e","n/e","n/e","n/e","n/e","n/e","n/e","n/e","21","61","34","35"
"BZN|DK2","16.07.2018 07:00 - 16.07.2018 08:00 (CET/CEST)","14","n/e","n/e","31","307","10","n/e","n/e","n/e","n/e","n/e","n/e","n/e","n/e","n/e","n/e","n/e","55","63","28","35"
"BZN|DK2","16.07.2018 08:00 - 16.07.2018 09:00 (CET/CEST)","17","n/e","n/e","32","332","11","n/e","n/e","n/e","n/e","n/e","n/e","n/e","n/e","n/e","n/e","n/e","102","63","6","41"
"BZN|DK2","16.07.2018 09:00 - 16.07.2018 10:00 (CET/CEST)","17","n/e","n/e","33","356","11","n/e","n/e","n/e","n/e","n/e","n/e","n/e","n/e","n/e","n/e","n/e","150","62","1","46"
"BZN|DK2","16.07.2018 10:00 - 16.07.2018 11:00 (CET/CEST)","17","n/e","n/e","32","353","11","n/e","n/e","n/e","n/e","n/e","n/e","n/e","n/e","n/e","n/e","n/e","187","63","1","46"
"BZN|DK2","16.07.2018 11:00 - 16.07.2018 12:00 (CET/CEST)","17","n/e","n/e","32","346","11","n/e","n/e","n/e","n/e","n/e","n/e","n/e","n/e","n/e","n/e","n/e","208","63","1","50"
"BZN|DK2","16.07.2018 12:00 - 16.07.2018 13:00 (CET/CEST)","17","n/e","n/e","30","334","10","n/e","n/e","n/e","n/e","n/e","n/e","n/e","n/e","n/e","n/e","n/e","224","60","1","62"
"BZN|DK2","16.07.2018 13:00 - 16.07.2018 14:00 (CET/CEST)","17","n/e","n/e","31","282","10","n/e","n/e","n/e","n/e","n/e","n/e","n/e","n/e","n/e","n/e","n/e","227","61","0","58"
"BZN|DK2","16.07.2018 14:00 - 16.07.2018 15:00 (CET/CEST)","17","n/e","n/e","29","275","10","n/e","n/e","n/e","n/e","n/e","n/e","n/e","n/e","n/e","n/e","n/e","218","61","0","60"
"BZN|DK2","16.07.2018 15:00 - 16.07.2018 16:00 (CET/CEST)","10","n/e","n/e","30","296","10","n/e","n/e","n/e","n/e","n/e","n/e","n/e","n/e","n/e","n/e","n/e","197","60","1","63"
"BZN|DK2","16.07.2018 16:00 - 16.07.2018 17:00 (CET/CEST)","8","n/e","n/e","30","279","10","n/e","n/e","n/e","n/e","n/e","n/e","n/e","n/e","n/e","n/e","n/e","166","61","1","57"
"BZN|DK2","16.07.2018 17:00 - 16.07.2018 18:00 (CET/CEST)","4","n/e","n/e","30","292","10","n/e","n/e","n/e","n/e","n/e","n/e","n/e","n/e","n/e","n/e","n/e","131","60","1","52"
"BZN|DK2","16.07.2018 18:00 - 16.07.2018 19:00 (CET/CEST)","4","n/e","n/e","30","290","10","n/e","n/e","n/e","n/e","n/e","n/e","n/e","n/e","n/e","n/e","n/e","81","61","0","46"
"BZN|DK2","16.07.2018 19:00 - 16.07.2018 20:00 (CET/CEST)","4","n/e","n/e","29","348","10","n/e","n/e","n/e","n/e","n/e","n/e","n/e","n/e","n/e","n/e","n/e","38","60","0","35"
"BZN|DK2","16.07.2018 20:00 - 16.07.2018 21:00 (CET/CEST)","4","n/e","n/e","29","355","10","n/e","n/e","n/e","n/e","n/e","n/e","n/e","n/e","n/e","n/e","n/e","12","62","0","33"
"BZN|DK2","16.07.2018 21:00 - 16.07.2018 22:00 (CET/CEST)","4","n/e","n/e","28","354","9","n/e","n/e","n/e","n/e","n/e","n/e","n/e","n/e","n/e","n/e","n/e","2","64","0","28"
"BZN|DK2","16.07.2018 22:00 - 16.07.2018 23:00 (CET/CEST)","4","n/e","n/e","28","350","9","n/e","n/e","n/e","n/e","n/e","n/e","n/e","n/e","n/e","n/e","n/e","0","66","0","23"
"BZN|DK2","16.07.2018 23:00 - 17.07.2018 00:00 (CET/CEST)","4","n/e","n/e","28","285","9","n/e","n/e","n/e","n/e","n/e","n/e","n/e","n/e","n/e","n/e","n/e","0","66","0","20"
"BZN|DK2","17.07.2018 00:00 - 17.07.2018 01:00 (CET/CEST)","4","n/e","n/e","27","264","9","n/e","n/e","n/e","n/e","n/e","n/e","n/e","n/e","n/e","n/e","n/e","0","66","0","21"
"BZN|DK2","17.07.2018 01:00 - 17.07.2018 02:00 (CET/CEST)","3","n/e","n/e","27","259","9","n/e","n/e","n/e","n/e","n/e","n/e","n/e","n/e","n/e","n/e","n/e","0","67","0","14"
"BZN|DK2","17.07.2018 02:00 - 17.07.2018 03:00 (CET/CEST)","3","n/e","n/e","27","258","9","n/e","n/e","n/e","n/e","n/e","n/e","n/e","n/e","n/e","n/e","n/e","0","62","0","10"
"BZN|DK2","17.07.2018 03:00 - 17.07.2018 04:00 (CET/CEST)","3","n/e","n/e","27","266","9","n/e","n/e","n/e","n/e","n/e","n/e","n/e","n/e","n/e","n/e","n/e","0","61","0","8"
"BZN|DK2","17.07.2018 04:00 - 17.07.2018 05:00 (CET/CEST)","3","n/e","n/e","27","260","9","n/e","n/e","n/e","n/e","n/e","n/e","n/e","n/e","n/e","n/e","n/e","0","60","0","8"
"BZN|DK2","17.07.2018 05:00 - 17.07.2018 06:00 (CET/CEST)","3","n/e","n/e","27","250","9","n/e","n/e","n/e","n/e","n/e","n/e","n/e","n/e","n/e","n/e","n/e","4","62","0","9"
"BZN|DK2","17.07.2018 06:00 - 17.07.2018 07:00 (CET/CEST)","3","n/e","n/e","27","279","9","n/e","n/e","n/e","n/e","n/e","n/e","n/e","n/e","n/e","n/e","n/e","16","64","0","10"
"BZN|DK2","17.07.2018 07:00 - 17.07.2018 08:00 (CET/CEST)","8","n/e","n/e","32","291","11","n/e","n/e","n/e","n/e","n/e","n/e","n/e","n/e","n/e","n/e","n/e","38","66","1","8"
"BZN|DK2","17.07.2018 08:00 - 17.07.2018 09:00 (CET/CEST)","12","n/e","n/e","32","265","11","n/e","n/e","n/e","n/e","n/e","n/e","n/e","n/e","n/e","n/e","n/e","63","69","0","6"
"BZN|DK2","17.07.2018 09:00 - 17.07.2018 10:00 (CET/CEST)","12","n/e","n/e","32","232","11","n/e","n/e","n/e","n/e","n/e","n/e","n/e","n/e","n/e","n/e","n/e","92","70","0","5"
"BZN|DK2","17.07.2018 10:00 - 17.07.2018 11:00 (CET/CEST)","12","n/e","n/e","32","270","11","n/e","n/e","n/e","n/e","n/e","n/e","n/e","n/e","n/e","n/e","n/e","112","69","0","5"
"BZN|DK2","17.07.2018 11:00 - 17.07.2018 12:00 (CET/CEST)","12","n/e","n/e","30","271","10","n/e","n/e","n/e","n/e","n/e","n/e","n/e","n/e","n/e","n/e","n/e","126","70","0","9"
"BZN|DK2","17.07.2018 12:00 - 17.07.2018 13:00 (CET/CEST)","16","n/e","n/e","29","271","10","n/e","n/e","n/e","n/e","n/e","n/e","n/e","n/e","n/e","n/e","n/e","128","54","1","16"
"BZN|DK2","17.07.2018 13:00 - 17.07.2018 14:00 (CET/CEST)","17","n/e","n/e","29","272","10","n/e","n/e","n/e","n/e","n/e","n/e","n/e","n/e","n/e","n/e","n/e","108","61","3","18"
"BZN|DK2","17.07.2018 14:00 - 17.07.2018 15:00 (CET/CEST)","17","n/e","n/e","29","271","10","n/e","n/e","n/e","n/e","n/e","n/e","n/e","n/e","n/e","n/e","n/e","88","68","3","20"
"BZN|DK2","17.07.2018 15:00 - 17.07.2018 16:00 (CET/CEST)","17","n/e","n/e","28","269","9","n/e","n/e","n/e","n/e","n/e","n/e","n/e","n/e","n/e","n/e","n/e","80","72","1","24"
"BZN|DK2","17.07.2018 16:00 - 17.07.2018 17:00 (CET/CEST)","9","n/e","n/e","28","270","10","n/e","n/e","n/e","n/e","n/e","n/e","n/e","n/e","n/e","n/e","n/e","90","74","6","41"
"BZN|DK2","17.07.2018 17:00 - 17.07.2018 18:00 (CET/CEST)","4","n/e","n/e","29","272","10","n/e","n/e","n/e","n/e","n/e","n/e","n/e","n/e","n/e","n/e","n/e","78","76","2","33"
"BZN|DK2","17.07.2018 18:00 - 17.07.2018 19:00 (CET/CEST)","4","n/e","n/e","29","283","10","n/e","n/e","n/e","n/e","n/e","n/e","n/e","n/e","n/e","n/e","n/e","49","70","1","19"
"BZN|DK2","17.07.2018 19:00 - 17.07.2018 20:00 (CET/CEST)","3","n/e","n/e","29","288","10","n/e","n/e","n/e","n/e","n/e","n/e","n/e","n/e","n/e","n/e","n/e","26","68","4","13"
"BZN|DK2","17.07.2018 20:00 - 17.07.2018 21:00 (CET/CEST)","3","n/e","n/e","29","284","10","n/e","n/e","n/e","n/e","n/e","n/e","n/e","n/e","n/e","n/e","n/e","13","66","1","11"
"BZN|DK2","17.07.2018 21:00 - 17.07.2018 22:00 (CET/CEST)","3","n/e","n/e","28","282","10","n/e","n/e","n/e","n/e","n/e","n/e","n/e","n/e","n/e","n/e","n/e","2","61","1","12"
"BZN|DK2","17.07.2018 22:00 - 17.07.2018 23:00 (CET/CEST)","3","n/e","n/e","29","286","10","n/e","n/e","n/e","n/e","n/e","n/e","n/e","n/e","n/e","n/e","n/e","0","50","1","13"
"BZN|DK2","17.07.2018 23:00 - 18.07.2018 00:00 (CET/CEST)","3","n/e","n/e","27","261","9","n/e","n/e","n/e","n/e","n/e","n/e","n/e","n/e","n/e","n/e","n/e","0","50","1","12"
"BZN|DK2","18.07.2018 00:00 - 18.07.2018 01:00 (CET/CEST)","3","n/e","n/e","28","226","9","n/e","n/e","n/e","n/e","n/e","n/e","n/e","n/e","n/e","n/e","n/e","0","49","1","17"
"BZN|DK2","18.07.2018 01:00 - 18.07.2018 02:00 (CET/CEST)","3","n/e","n/e","24","241","8","n/e","n/e","n/e","n/e","n/e","n/e","n/e","n/e","n/e","n/e","n/e","0","50","2","24"
"BZN|DK2","18.07.2018 02:00 - 18.07.2018 03:00 (CET/CEST)","3","n/e","n/e","23","233","8","n/e","n/e","n/e","n/e","n/e","n/e","n/e","n/e","n/e","n/e","n/e","0","52","6","35"
"BZN|DK2","18.07.2018 03:00 - 18.07.2018 04:00 (CET/CEST)","3","n/e","n/e","23","239","8","n/e","n/e","n/e","n/e","n/e","n/e","n/e","n/e","n/e","n/e","n/e","0","53","56","49"
"BZN|DK2","18.07.2018 04:00 - 18.07.2018 05:00 (CET/CEST)","3","n/e","n/e","23","209","8","n/e","n/e","n/e","n/e","n/e","n/e","n/e","n/e","n/e","n/e","n/e","0","57","87","56"
"BZN|DK2","18.07.2018 05:00 - 18.07.2018 06:00 (CET/CEST)","3","n/e","n/e","23","234","8","n/e","n/e","n/e","n/e","n/e","n/e","n/e","n/e","n/e","n/e","n/e","1","59","157","69"
"BZN|DK2","18.07.2018 06:00 - 18.07.2018 07:00 (CET/CEST)","3","n/e","n/e","24","264","8","n/e","n/e","n/e","n/e","n/e","n/e","n/e","n/e","n/e","n/e","n/e","7","62","203","79"
"BZN|DK2","18.07.2018 07:00 - 18.07.2018 08:00 (CET/CEST)","4","n/e","n/e","26","270","9","n/e","n/e","n/e","n/e","n/e","n/e","n/e","n/e","n/e","n/e","n/e","23","61","217","91"
"BZN|DK2","18.07.2018 08:00 - 18.07.2018 09:00 (CET/CEST)","10","n/e","n/e","32","294","9","n/e","n/e","n/e","n/e","n/e","n/e","n/e","n/e","n/e","n/e","n/e","44","67","208","84"
"BZN|DK2","18.07.2018 09:00 - 18.07.2018 10:00 (CET/CEST)","16","n/e","n/e","22","283","8","n/e","n/e","n/e","n/e","n/e","n/e","n/e","n/e","n/e","n/e","n/e","73","77","135","75"
"BZN|DK2","18.07.2018 10:00 - 18.07.2018 11:00 (CET/CEST)","16","n/e","n/e","21","278","7","n/e","n/e","n/e","n/e","n/e","n/e","n/e","n/e","n/e","n/e","n/e","94","78","141","77"
"BZN|DK2","18.07.2018 11:00 - 18.07.2018 12:00 (CET/CEST)","17","n/e","n/e","19","268","7","n/e","n/e","n/e","n/e","n/e","n/e","n/e","n/e","n/e","n/e","n/e","120","79","177","82"
"BZN|DK2","18.07.2018 12:00 - 18.07.2018 13:00 (CET/CEST)","20","n/e","n/e","18","263","6","n/e","n/e","n/e","n/e","n/e","n/e","n/e","n/e","n/e","n/e","n/e","154","80","184","91"
"BZN|DK2","18.07.2018 13:00 - 18.07.2018 14:00 (CET/CEST)","12","n/e","n/e","15","257","5","n/e","n/e","n/e","n/e","n/e","n/e","n/e","n/e","n/e","n/e","n/e","166","77","210","105"
"BZN|DK2","18.07.2018 14:00 - 18.07.2018 15:00 (CET/CEST)","11","n/e","n/e","14","262","5","n/e","n/e","n/e","n/e","n/e","n/e","n/e","n/e","n/e","n/e","n/e","178","75","222","121"
"BZN|DK2","18.07.2018 15:00 - 18.07.2018 16:00 (CET/CEST)","7","n/e","n/e","13","257","5","n/e","n/e","n/e","n/e","n/e","n/e","n/e","n/e","n/e","n/e","n/e","173","74","260","126"
"BZN|DK2","18.07.2018 16:00 - 18.07.2018 17:00 (CET/CEST)","6","n/e","n/e","14","257","5","n/e","n/e","n/e","n/e","n/e","n/e","n/e","n/e","n/e","n/e","n/e","154","75","267","151"
"BZN|DK2","18.07.2018 17:00 - 18.07.2018 18:00 (CET/CEST)","6","n/e","n/e","19","268","7","n/e","n/e","n/e","n/e","n/e","n/e","n/e","n/e","n/e","n/e","n/e","128","75","264","161"
"BZN|DK2","18.07.2018 18:00 - 18.07.2018 19:00 (CET/CEST)","6","n/e","n/e","19","260","7","n/e","n/e","n/e","n/e","n/e","n/e","n/e","n/e","n/e","n/e","n/e","85","74","232","175"
"BZN|DK2","18.07.2018 19:00 - 18.07.2018 20:00 (CET/CEST)","7","n/e","n/e","19","262","7","n/e","n/e","n/e","n/e","n/e","n/e","n/e","n/e","n/e","n/e","n/e","43","74","256","185"
"BZN|DK2","18.07.2018 20:00 - 18.07.2018 21:00 (CET/CEST)","7","n/e","n/e","18","259","6","n/e","n/e","n/e","n/e","n/e","n/e","n/e","n/e","n/e","n/e","n/e","15","75","243","190"
"BZN|DK2","18.07.2018 21:00 - 18.07.2018 22:00 (CET/CEST)","7","n/e","n/e","19","261","7","n/e","n/e","n/e","n/e","n/e","n/e","n/e","n/e","n/e","n/e","n/e","2","74","248","215"
"BZN|DK2","18.07.2018 22:00 - 18.07.2018 23:00 (CET/CEST)","6","n/e","n/e","19","264","7","n/e","n/e","n/e","n/e","n/e","n/e","n/e","n/e","n/e","n/e","n/e","0","74","185","208"
"BZN|DK2","18.07.2018 23:00 - 19.07.2018 00:00 (CET/CEST)","6","n/e","n/e","18","253","6","n/e","n/e","n/e","n/e","n/e","n/e","n/e","n/e","n/e","n/e","n/e","0","74","147","227"
"BZN|DK2","19.07.2018 00:00 - 19.07.2018 01:00 (CET/CEST)","6","n/e","n/e","18","252","6","n/e","n/e","n/e","n/e","n/e","n/e","n/e","n/e","n/e","n/e","n/e","0","74","151","215"
"BZN|DK2","19.07.2018 01:00 - 19.07.2018 02:00 (CET/CEST)","6","n/e","n/e","18","267","6","n/e","n/e","n/e","n/e","n/e","n/e","n/e","n/e","n/e","n/e","n/e","0","70","157","196"
"BZN|DK2","19.07.2018 02:00 - 19.07.2018 03:00 (CET/CEST)","6","n/e","n/e","18","267","6","n/e","n/e","n/e","n/e","n/e","n/e","n/e","n/e","n/e","n/e","n/e","0","68","168","169"
"BZN|DK2","19.07.2018 03:00 - 19.07.2018 04:00 (CET/CEST)","6","n/e","n/e","18","262","6","n/e","n/e","n/e","n/e","n/e","n/e","n/e","n/e","n/e","n/e","n/e","0","68","159","158"
"BZN|DK2","19.07.2018 04:00 - 19.07.2018 05:00 (CET/CEST)","6","n/e","n/e","18","212","6","n/e","n/e","n/e","n/e","n/e","n/e","n/e","n/e","n/e","n/e","n/e","0","66","124","149"
"BZN|DK2","19.07.2018 05:00 - 19.07.2018 06:00 (CET/CEST)","6","n/e","n/e","19","241","6","n/e","n/e","n/e","n/e","n/e","n/e","n/e","n/e","n/e","n/e","n/e","3","66","102","140"
"BZN|DK2","19.07.2018 06:00 - 19.07.2018 07:00 (CET/CEST)","6","n/e","n/e","19","263","7","n/e","n/e","n/e","n/e","n/e","n/e","n/e","n/e","n/e","n/e","n/e","17","68","114","135"
"BZN|DK2","19.07.2018 07:00 - 19.07.2018 08:00 (CET/CEST)","10","n/e","n/e","25","270","9","n/e","n/e","n/e","n/e","n/e","n/e","n/e","n/e","n/e","n/e","n/e","46","71","98","134"
"BZN|DK2","19.07.2018 08:00 - 19.07.2018 09:00 (CET/CEST)","17","n/e","n/e","29","280","10","n/e","n/e","n/e","n/e","n/e","n/e","n/e","n/e","n/e","n/e","n/e","90","71","102","150"
"BZN|DK2","19.07.2018 09:00 - 19.07.2018 10:00 (CET/CEST)","20","n/e","n/e","31","279","9","n/e","n/e","n/e","n/e","n/e","n/e","n/e","n/e","n/e","n/e","n/e","143","69","127","151"
"BZN|DK2","19.07.2018 10:00 - 19.07.2018 11:00 (CET/CEST)","20","n/e","n/e","28","273","9","n/e","n/e","n/e","n/e","n/e","n/e","n/e","n/e","n/e","n/e","n/e","182","68","101","133"
"BZN|DK2","19.07.2018 11:00 - 19.07.2018 12:00 (CET/CEST)","20","n/e","n/e","28","273","9","n/e","n/e","n/e","n/e","n/e","n/e","n/e","n/e","n/e","n/e","n/e","207","67","94","131"
"BZN|DK2","19.07.2018 12:00 - 19.07.2018 13:00 (CET/CEST)","20","n/e","n/e","28","277","9","n/e","n/e","n/e","n/e","n/e","n/e","n/e","n/e","n/e","n/e","n/e","219","66","145","118"
"BZN|DK2","19.07.2018 13:00 - 19.07.2018 14:00 (CET/CEST)","17","n/e","n/e","28","285","9","n/e","n/e","n/e","n/e","n/e","n/e","n/e","n/e","n/e","n/e","n/e","223","68","137","112"
"BZN|DK2","19.07.2018 14:00 - 19.07.2018 15:00 (CET/CEST)","12","n/e","n/e","28","284","9","n/e","n/e","n/e","n/e","n/e","n/e","n/e","n/e","n/e","n/e","n/e","218","68","84","93"
"BZN|DK2","19.07.2018 15:00 - 19.07.2018 16:00 (CET/CEST)","12","n/e","n/e","29","283","10","n/e","n/e","n/e","n/e","n/e","n/e","n/e","n/e","n/e","n/e","n/e","209","65","49","71"
"BZN|DK2","19.07.2018 16:00 - 19.07.2018 17:00 (CET/CEST)","6","n/e","n/e","28","284","10","n/e","n/e","n/e","n/e","n/e","n/e","n/e","n/e","n/e","n/e","n/e","183","66","45","68"
"BZN|DK2","19.07.2018 17:00 - 19.07.2018 18:00 (CET/CEST)","3","n/e","n/e","28","280","9","n/e","n/e","n/e","n/e","n/e","n/e","n/e","n/e","n/e","n/e","n/e","141","64","35","70"
"BZN|DK2","19.07.2018 18:00 - 19.07.2018 19:00 (CET/CEST)","3","n/e","n/e","29","274","10","n/e","n/e","n/e","n/e","n/e","n/e","n/e","n/e","n/e","n/e","n/e","86","64","45","72"
"BZN|DK2","19.07.2018 19:00 - 19.07.2018 20:00 (CET/CEST)","3","n/e","n/e","28","274","9","n/e","n/e","n/e","n/e","n/e","n/e","n/e","n/e","n/e","n/e","n/e","39","65","45","76"
"BZN|DK2","19.07.2018 20:00 - 19.07.2018 21:00 (CET/CEST)","3","n/e","n/e","28","278","9","n/e","n/e","n/e","n/e","n/e","n/e","n/e","n/e","n/e","n/e","n/e","13","65","42","95"
"BZN|DK2","19.07.2018 21:00 - 19.07.2018 22:00 (CET/CEST)","3","n/e","n/e","28","279","9","n/e","n/e","n/e","n/e","n/e","n/e","n/e","n/e","n/e","n/e","n/e","1","65","63","123"
"BZN|DK2","19.07.2018 22:00 - 19.07.2018 23:00 (CET/CEST)","3","n/e","n/e","27","275","9","n/e","n/e","n/e","n/e","n/e","n/e","n/e","n/e","n/e","n/e","n/e","0","65","97","133"
"BZN|DK2","19.07.2018 23:00 - 20.07.2018 00:00 (CET/CEST)","3","n/e","n/e","27","270","9","n/e","n/e","n/e","n/e","n/e","n/e","n/e","n/e","n/e","n/e","n/e","0","64","103","139"
"BZN|DK2","20.07.2018 00:00 - 20.07.2018 01:00 (CET/CEST)","3","n/e","n/e","28","263","9","n/e","n/e","n/e","n/e","n/e","n/e","n/e","n/e","n/e","n/e","n/e","0","66","85","118"
"BZN|DK2","20.07.2018 01:00 - 20.07.2018 02:00 (CET/CEST)","3","n/e","n/e","27","253","9","n/e","n/e","n/e","n/e","n/e","n/e","n/e","n/e","n/e","n/e","n/e","0","64","73","102"
"BZN|DK2","20.07.2018 02:00 - 20.07.2018 03:00 (CET/CEST)","3","n/e","n/e","27","217","9","n/e","n/e","n/e","n/e","n/e","n/e","n/e","n/e","n/e","n/e","n/e","0","63","59","103"
"BZN|DK2","20.07.2018 03:00 - 20.07.2018 04:00 (CET/CEST)","3","n/e","n/e","26","261","9","n/e","n/e","n/e","n/e","n/e","n/e","n/e","n/e","n/e","n/e","n/e","0","64","62","90"
"BZN|DK2","20.07.2018 04:00 - 20.07.2018 05:00 (CET/CEST)","3","n/e","n/e","26","240","9","n/e","n/e","n/e","n/e","n/e","n/e","n/e","n/e","n/e","n/e","n/e","0","65","59","80"
"BZN|DK2","20.07.2018 05:00 - 20.07.2018 06:00 (CET/CEST)","3","n/e","n/e","26","256","9","n/e","n/e","n/e","n/e","n/e","n/e","n/e","n/e","n/e","n/e","n/e","4","64","65","85"
"BZN|DK2","20.07.2018 06:00 - 20.07.2018 07:00 (CET/CEST)","3","n/e","n/e","28","275","9","n/e","n/e","n/e","n/e","n/e","n/e","n/e","n/e","n/e","n/e","n/e","19","66","53","73"
"BZN|DK2","20.07.2018 07:00 - 20.07.2018 08:00 (CET/CEST)","10","n/e","n/e","30","279","10","n/e","n/e","n/e","n/e","n/e","n/e","n/e","n/e","n/e","n/e","n/e","53","66","50","70"
"BZN|DK2","20.07.2018 08:00 - 20.07.2018 09:00 (CET/CEST)","17","n/e","n/e","31","282","10","n/e","n/e","n/e","n/e","n/e","n/e","n/e","n/e","n/e","n/e","n/e","101","58","46","78"
"BZN|DK2","20.07.2018 09:00 - 20.07.2018 10:00 (CET/CEST)","17","n/e","n/e","31","277","10","n/e","n/e","n/e","n/e","n/e","n/e","n/e","n/e","n/e","n/e","n/e","152","59","36","79"
"BZN|DK2","20.07.2018 10:00 - 20.07.2018 11:00 (CET/CEST)","17","n/e","n/e","30","279","10","n/e","n/e","n/e","n/e","n/e","n/e","n/e","n/e","n/e","n/e","n/e","192","60","36","87"
"BZN|DK2","20.07.2018 11:00 - 20.07.2018 12:00 (CET/CEST)","16","n/e","n/e","29","284","10","n/e","n/e","n/e","n/e","n/e","n/e","n/e","n/e","n/e","n/e","n/e","218","58","62","101"
"BZN|DK2","20.07.2018 12:00 - 20.07.2018 13:00 (CET/CEST)","17","n/e","n/e","30","278","10","n/e","n/e","n/e","n/e","n/e","n/e","n/e","n/e","n/e","n/e","n/e","232","56","103","115"
"BZN|DK2","20.07.2018 13:00 - 20.07.2018 14:00 (CET/CEST)","16","n/e","n/e","30","280","10","n/e","n/e","n/e","n/e","n/e","n/e","n/e","n/e","n/e","n/e","n/e","233","56","117","130"
"BZN|DK2","20.07.2018 14:00 - 20.07.2018 15:00 (CET/CEST)","17","n/e","n/e","27","273","9","n/e","n/e","n/e","n/e","n/e","n/e","n/e","n/e","n/e","n/e","n/e","226","59","112","121"
"BZN|DK2","20.07.2018 15:00 - 20.07.2018 16:00 (CET/CEST)","15","n/e","n/e","28","276","9","n/e","n/e","n/e","n/e","n/e","n/e","n/e","n/e","n/e","n/e","n/e","209","60","95","106"
"BZN|DK2","20.07.2018 16:00 - 20.07.2018 17:00 (CET/CEST)","12","n/e","n/e","29","276","10","n/e","n/e","n/e","n/e","n/e","n/e","n/e","n/e","n/e","n/e","n/e","183","60","67","97"
"BZN|DK2","20.07.2018 17:00 - 20.07.2018 18:00 (CET/CEST)","12","n/e","n/e","28","273","9","n/e","n/e","n/e","n/e","n/e","n/e","n/e","n/e","n/e","n/e","n/e","141","61","61","89"
"BZN|DK2","20.07.2018 18:00 - 20.07.2018 19:00 (CET/CEST)","12","n/e","n/e","28","269","9","n/e","n/e","n/e","n/e","n/e","n/e","n/e","n/e","n/e","n/e","n/e","85","62","46","70"
"BZN|DK2","20.07.2018 19:00 - 20.07.2018 20:00 (CET/CEST)","11","n/e","n/e","27","268","9","n/e","n/e","n/e","n/e","n/e","n/e","n/e","n/e","n/e","n/e","n/e","39","62","25","41"
"BZN|DK2","20.07.2018 20:00 - 20.07.2018 21:00 (CET/CEST)","11","n/e","n/e","28","276","9","n/e","n/e","n/e","n/e","n/e","n/e","n/e","n/e","n/e","n/e","n/e","13","61","17","27"
"BZN|DK2","20.07.2018 21:00 - 20.07.2018 22:00 (CET/CEST)","4","n/e","n/e","38","322","9","n/e","n/e","n/e","n/e","n/e","n/e","n/e","n/e","n/e","n/e","n/e","1","61","6","17"
"BZN|DK2","20.07.2018 22:00 - 20.07.2018 23:00 (CET/CEST)","3","n/e","n/e","28","279","9","n/e","n/e","n/e","n/e","n/e","n/e","n/e","n/e","n/e","n/e","n/e","0","60","3","16"
"BZN|DK2","20.07.2018 23:00 - 21.07.2018 00:00 (CET/CEST)","3","n/e","n/e","28","267","9","n/e","n/e","n/e","n/e","n/e","n/e","n/e","n/e","n/e","n/e","n/e","0","61","1","15"
"BZN|DK2","21.07.2018 00:00 - 21.07.2018 01:00 (CET/CEST)","3","n/e","n/e","27","272","9","n/e","n/e","n/e","n/e","n/e","n/e","n/e","n/e","n/e","n/e","n/e","0","60","1","14"
"BZN|DK2","21.07.2018 01:00 - 21.07.2018 02:00 (CET/CEST)","3","n/e","n/e","27","224","9","n/e","n/e","n/e","n/e","n/e","n/e","n/e","n/e","n/e","n/e","n/e","0","60","3","16"
"BZN|DK2","21.07.2018 02:00 - 21.07.2018 03:00 (CET/CEST)","3","n/e","n/e","27","231","9","n/e","n/e","n/e","n/e","n/e","n/e","n/e","n/e","n/e","n/e","n/e","0","60","5","17"
"BZN|DK2","21.07.2018 03:00 - 21.07.2018 04:00 (CET/CEST)","3","n/e","n/e","27","238","9","n/e","n/e","n/e","n/e","n/e","n/e","n/e","n/e","n/e","n/e","n/e","0","60","4","18"
"BZN|DK2","21.07.2018 04:00 - 21.07.2018 05:00 (CET/CEST)","3","n/e","n/e","27","218","9","n/e","n/e","n/e","n/e","n/e","n/e","n/e","n/e","n/e","n/e","n/e","0","59","2","20"
"BZN|DK2","21.07.2018 05:00 - 21.07.2018 06:00 (CET/CEST)","3","n/e","n/e","27","244","9","n/e","n/e","n/e","n/e","n/e","n/e","n/e","n/e","n/e","n/e","n/e","3","60","2","17"
"BZN|DK2","21.07.2018 06:00 - 21.07.2018 07:00 (CET/CEST)","3","n/e","n/e","27","253","9","n/e","n/e","n/e","n/e","n/e","n/e","n/e","n/e","n/e","n/e","n/e","19","62","2","15"
"BZN|DK2","21.07.2018 07:00 - 21.07.2018 08:00 (CET/CEST)","4","n/e","n/e","28","271","9","n/e","n/e","n/e","n/e","n/e","n/e","n/e","n/e","n/e","n/e","n/e","50","62","1","10"
"BZN|DK2","21.07.2018 08:00 - 21.07.2018 09:00 (CET/CEST)","7","n/e","n/e","29","280","10","n/e","n/e","n/e","n/e","n/e","n/e","n/e","n/e","n/e","n/e","n/e","96","63","0","10"
"BZN|DK2","21.07.2018 09:00 - 21.07.2018 10:00 (CET/CEST)","8","n/e","n/e","29","279","10","n/e","n/e","n/e","n/e","n/e","n/e","n/e","n/e","n/e","n/e","n/e","146","62","0","11"
"BZN|DK2","21.07.2018 10:00 - 21.07.2018 11:00 (CET/CEST)","8","n/e","n/e","29","272","10","n/e","n/e","n/e","n/e","n/e","n/e","n/e","n/e","n/e","n/e","n/e","187","61","0","16"
"BZN|DK2","21.07.2018 11:00 - 21.07.2018 12:00 (CET/CEST)","8","n/e","n/e","29","275","10","n/e","n/e","n/e","n/e","n/e","n/e","n/e","n/e","n/e","n/e","n/e","208","63","1","28"
"BZN|DK2","21.07.2018 12:00 - 21.07.2018 13:00 (CET/CEST)","8","n/e","n/e","29","273","10","n/e","n/e","n/e","n/e","n/e","n/e","n/e","n/e","n/e","n/e","n/e","225","61","2","31"
"BZN|DK2","21.07.2018 13:00 - 21.07.2018 14:00 (CET/CEST)","7","n/e","n/e","28","270","9","n/e","n/e","n/e","n/e","n/e","n/e","n/e","n/e","n/e","n/e","n/e","231","60","4","34"
"BZN|DK2","21.07.2018 14:00 - 21.07.2018 15:00 (CET/CEST)","4","n/e","n/e","27","277","9","n/e","n/e","n/e","n/e","n/e","n/e","n/e","n/e","n/e","n/e","n/e","222","60","8","37"
"BZN|DK2","21.07.2018 15:00 - 21.07.2018 16:00 (CET/CEST)","3","n/e","n/e","27","274","9","n/e","n/e","n/e","n/e","n/e","n/e","n/e","n/e","n/e","n/e","n/e","205","61","2","39"
"BZN|DK2","21.07.2018 16:00 - 21.07.2018 17:00 (CET/CEST)","3","n/e","n/e","27","268","9","n/e","n/e","n/e","n/e","n/e","n/e","n/e","n/e","n/e","n/e","n/e","176","62","1","40"
"BZN|DK2","21.07.2018 17:00 - 21.07.2018 18:00 (CET/CEST)","3","n/e","n/e","27","272","9","n/e","n/e","n/e","n/e","n/e","n/e","n/e","n/e","n/e","n/e","n/e","135","61","0","37"
"BZN|DK2","21.07.2018 18:00 - 21.07.2018 19:00 (CET/CEST)","3","n/e","n/e","27","274","9","n/e","n/e","n/e","n/e","n/e","n/e","n/e","n/e","n/e","n/e","n/e","81","60","1","28"
"BZN|DK2","21.07.2018 19:00 - 21.07.2018 20:00 (CET/CEST)","3","n/e","n/e","27","270","9","n/e","n/e","n/e","n/e","n/e","n/e","n/e","n/e","n/e","n/e","n/e","37","61","0","26"
"BZN|DK2","21.07.2018 20:00 - 21.07.2018 21:00 (CET/CEST)","3","n/e","n/e","27","262","9","n/e","n/e","n/e","n/e","n/e","n/e","n/e","n/e","n/e","n/e","n/e","12","61","1","22"
"BZN|DK2","21.07.2018 21:00 - 21.07.2018 22:00 (CET/CEST)","3","n/e","n/e","27","267","9","n/e","n/e","n/e","n/e","n/e","n/e","n/e","n/e","n/e","n/e","n/e","1","61","0","25"
"BZN|DK2","21.07.2018 22:00 - 21.07.2018 23:00 (CET/CEST)","3","n/e","n/e","26","270","9","n/e","n/e","n/e","n/e","n/e","n/e","n/e","n/e","n/e","n/e","n/e","0","61","0","25"
"BZN|DK2","21.07.2018 23:00 - 22.07.2018 00:00 (CET/CEST)","3","n/e","n/e","26","263","9","n/e","n/e","n/e","n/e","n/e","n/e","n/e","n/e","n/e","n/e","n/e","0","61","0","22"
"BZN|DK2","22.07.2018 00:00 - 22.07.2018 01:00 (CET/CEST)","3","n/e","n/e","26","269","9","n/e","n/e","n/e","n/e","n/e","n/e","n/e","n/e","n/e","n/e","n/e","0","60","0","17"
"BZN|DK2","22.07.2018 01:00 - 22.07.2018 02:00 (CET/CEST)","3","n/e","n/e","26","271","9","n/e","n/e","n/e","n/e","n/e","n/e","n/e","n/e","n/e","n/e","n/e","0","60","0","13"
"BZN|DK2","22.07.2018 02:00 - 22.07.2018 03:00 (CET/CEST)","3","n/e","n/e","26","270","9","n/e","n/e","n/e","n/e","n/e","n/e","n/e","n/e","n/e","n/e","n/e","0","60","10","10"
"BZN|DK2","22.07.2018 03:00 - 22.07.2018 04:00 (CET/CEST)","3","n/e","n/e","26","268","9","n/e","n/e","n/e","n/e","n/e","n/e","n/e","n/e","n/e","n/e","n/e","0","59","8","5"
"BZN|DK2","22.07.2018 04:00 - 22.07.2018 05:00 (CET/CEST)","3","n/e","n/e","25","265","9","n/e","n/e","n/e","n/e","n/e","n/e","n/e","n/e","n/e","n/e","n/e","0","59","0","5"
"BZN|DK2","22.07.2018 05:00 - 22.07.2018 06:00 (CET/CEST)","3","n/e","n/e","26","268","9","n/e","n/e","n/e","n/e","n/e","n/e","n/e","n/e","n/e","n/e","n/e","2","59","0","5"
"BZN|DK2","22.07.2018 06:00 - 22.07.2018 07:00 (CET/CEST)","3","n/e","n/e","26","277","9","n/e","n/e","n/e","n/e","n/e","n/e","n/e","n/e","n/e","n/e","n/e","11","60","0","5"
"BZN|DK2","22.07.2018 07:00 - 22.07.2018 08:00 (CET/CEST)","3","n/e","n/e","26","276","9","n/e","n/e","n/e","n/e","n/e","n/e","n/e","n/e","n/e","n/e","n/e","34","60","0","5"
"BZN|DK2","22.07.2018 08:00 - 22.07.2018 09:00 (CET/CEST)","7","n/e","n/e","26","279","9","n/e","n/e","n/e","n/e","n/e","n/e","n/e","n/e","n/e","n/e","n/e","59","61","1","8"
"BZN|DK2","22.07.2018 09:00 - 22.07.2018 10:00 (CET/CEST)","8","n/e","n/e","27","288","9","n/e","n/e","n/e","n/e","n/e","n/e","n/e","n/e","n/e","n/e","n/e","110","61","0","8"
"BZN|DK2","22.07.2018 10:00 - 22.07.2018 11:00 (CET/CEST)","8","n/e","n/e","27","272","9","n/e","n/e","n/e","n/e","n/e","n/e","n/e","n/e","n/e","n/e","n/e","132","61","0","10"
"BZN|DK2","22.07.2018 11:00 - 22.07.2018 12:00 (CET/CEST)","10","n/e","n/e","27","268","9","n/e","n/e","n/e","n/e","n/e","n/e","n/e","n/e","n/e","n/e","n/e","150","61","0","12"
"BZN|DK2","22.07.2018 12:00 - 22.07.2018 13:00 (CET/CEST)","15","n/e","n/e","27","279","9","n/e","n/e","n/e","n/e","n/e","n/e","n/e","n/e","n/e","n/e","n/e","179","61","0","17"
"BZN|DK2","22.07.2018 13:00 - 22.07.2018 14:00 (CET/CEST)","15","n/e","n/e","25","278","9","n/e","n/e","n/e","n/e","n/e","n/e","n/e","n/e","n/e","n/e","n/e","196","61","0","22"
"BZN|DK2","22.07.2018 14:00 - 22.07.2018 15:00 (CET/CEST)","12","n/e","n/e","24","273","8","n/e","n/e","n/e","n/e","n/e","n/e","n/e","n/e","n/e","n/e","n/e","181","61","0","24"
"BZN|DK2","22.07.2018 15:00 - 22.07.2018 16:00 (CET/CEST)","11","n/e","n/e","24","275","8","n/e","n/e","n/e","n/e","n/e","n/e","n/e","n/e","n/e","n/e","n/e","180","60","2","33"
"BZN|DK2","22.07.2018 16:00 - 22.07.2018 17:00 (CET/CEST)","5","n/e","n/e","25","263","8","n/e","n/e","n/e","n/e","n/e","n/e","n/e","n/e","n/e","n/e","n/e","165","61","9","33"
"BZN|DK2","22.07.2018 17:00 - 22.07.2018 18:00 (CET/CEST)","3","n/e","n/e","25","275","9","n/e","n/e","n/e","n/e","n/e","n/e","n/e","n/e","n/e","n/e","n/e","133","60","12","31"
"BZN|DK2","22.07.2018 18:00 - 22.07.2018 19:00 (CET/CEST)","3","n/e","n/e","25","268","8","n/e","n/e","n/e","n/e","n/e","n/e","n/e","n/e","n/e","n/e","n/e","85","61","20","33"
"BZN|DK2","22.07.2018 19:00 - 22.07.2018 20:00 (CET/CEST)","3","n/e","n/e","26","271","9","n/e","n/e","n/e","n/e","n/e","n/e","n/e","n/e","n/e","n/e","n/e","38","60","27","53"
"BZN|DK2","22.07.2018 20:00 - 22.07.2018 21:00 (CET/CEST)","3","n/e","n/e","26","271","9","n/e","n/e","n/e","n/e","n/e","n/e","n/e","n/e","n/e","n/e","n/e","11","61","57","70"
"BZN|DK2","22.07.2018 21:00 - 22.07.2018 22:00 (CET/CEST)","3","n/e","n/e","26","270","9","n/e","n/e","n/e","n/e","n/e","n/e","n/e","n/e","n/e","n/e","n/e","1","61","101","75"
"BZN|DK2","22.07.2018 22:00 - 22.07.2018 23:00 (CET/CEST)","3","n/e","n/e","26","271","9","n/e","n/e","n/e","n/e","n/e","n/e","n/e","n/e","n/e","n/e","n/e","0","62","150","68"
"BZN|DK2","22.07.2018 23:00 - 23.07.2018 00:00 (CET/CEST)","3","n/e","n/e","26","260","9","n/e","n/e","n/e","n/e","n/e","n/e","n/e","n/e","n/e","n/e","n/e","0","60","126","66"
"BZN|DK2","23.07.2018 00:00 - 23.07.2018 01:00 (CET/CEST)","3","n/e","n/e","26","269","9","n/e","n/e","n/e","n/e","n/e","n/e","n/e","n/e","n/e","n/e","n/e","0","59","77","62"
"BZN|DK2","23.07.2018 01:00 - 23.07.2018 02:00 (CET/CEST)","3","n/e","n/e","26","268","9","n/e","n/e","n/e","n/e","n/e","n/e","n/e","n/e","n/e","n/e","n/e","0","60","60","63"
"BZN|DK2","23.07.2018 02:00 - 23.07.2018 03:00 (CET/CEST)","3","n/e","n/e","26","267","9","n/e","n/e","n/e","n/e","n/e","n/e","n/e","n/e","n/e","n/e","n/e","0","59","60","62"
"BZN|DK2","23.07.2018 03:00 - 23.07.2018 04:00 (CET/CEST)","3","n/e","n/e","26","268","9","n/e","n/e","n/e","n/e","n/e","n/e","n/e","n/e","n/e","n/e","n/e","0","60","65","60"
"BZN|DK2","23.07.2018 04:00 - 23.07.2018 05:00 (CET/CEST)","3","n/e","n/e","29","264","10","n/e","n/e","n/e","n/e","n/e","n/e","n/e","n/e","n/e","n/e","n/e","0","50","71","58"
"BZN|DK2","23.07.2018 05:00 - 23.07.2018 06:00 (CET/CEST)","3","n/e","n/e","29","270","10","n/e","n/e","n/e","n/e","n/e","n/e","n/e","n/e","n/e","n/e","n/e","3","51","68","59"
"BZN|DK2","23.07.2018 06:00 - 23.07.2018 07:00 (CET/CEST)","4","n/e","n/e","30","278","10","n/e","n/e","n/e","n/e","n/e","n/e","n/e","n/e","n/e","n/e","n/e","18","55","85","51"
"BZN|DK2","23.07.2018 07:00 - 23.07.2018 08:00 (CET/CEST)","11","n/e","n/e","30","279","10","n/e","n/e","n/e","n/e","n/e","n/e","n/e","n/e","n/e","n/e","n/e","45","62","66","50"
"BZN|DK2","23.07.2018 08:00 - 23.07.2018 09:00 (CET/CEST)","16","n/e","n/e","36","278","10","n/e","n/e","n/e","n/e","n/e","n/e","n/e","n/e","n/e","n/e","n/e","77","54","49","53"
"BZN|DK2","23.07.2018 09:00 - 23.07.2018 10:00 (CET/CEST)","17","n/e","n/e","30","306","10","n/e","n/e","n/e","n/e","n/e","n/e","n/e","n/e","n/e","n/e","n/e","101","56","28","51"
"BZN|DK2","23.07.2018 10:00 - 23.07.2018 11:00 (CET/CEST)","16","n/e","n/e","51","378","10","n/e","n/e","n/e","n/e","n/e","n/e","n/e","n/e","n/e","n/e","n/e","117","57","37","70"
"BZN|DK2","23.07.2018 11:00 - 23.07.2018 12:00 (CET/CEST)","16","n/e","n/e","73","376","9","n/e","n/e","n/e","n/e","n/e","n/e","n/e","n/e","n/e","n/e","n/e","146","58","65","73"
"BZN|DK2","23.07.2018 12:00 - 23.07.2018 13:00 (CET/CEST)","16","n/e","n/e","81","305","8","n/e","n/e","n/e","n/e","n/e","n/e","n/e","n/e","n/e","n/e","n/e","170","34","70","89"
"BZN|DK2","23.07.2018 13:00 - 23.07.2018 14:00 (CET/CEST)","11","n/e","n/e","81","264","8","n/e","n/e","n/e","n/e","n/e","n/e","n/e","n/e","n/e","n/e","n/e","189","39","52","88"
"BZN|DK2","23.07.2018 14:00 - 23.07.2018 15:00 (CET/CEST)","5","n/e","n/e","77","259","7","n/e","n/e","n/e","n/e","n/e","n/e","n/e","n/e","n/e","n/e","n/e","190","33","49","84"
"BZN|DK2","23.07.2018 15:00 - 23.07.2018 16:00 (CET/CEST)","3","n/e","n/e","77","262","7","n/e","n/e","n/e","n/e","n/e","n/e","n/e","n/e","n/e","n/e","n/e","186","33","62","91"
"BZN|DK2","23.07.2018 16:00 - 23.07.2018 17:00 (CET/CEST)","3","n/e","n/e","77","260","7","n/e","n/e","n/e","n/e","n/e","n/e","n/e","n/e","n/e","n/e","n/e","169","41","64","79"
"BZN|DK2","23.07.2018 17:00 - 23.07.2018 18:00 (CET/CEST)","3","n/e","n/e","76","257","7","n/e","n/e","n/e","n/e","n/e","n/e","n/e","n/e","n/e","n/e","n/e","129","49","53","63"
"BZN|DK2","23.07.2018 18:00 - 23.07.2018 19:00 (CET/CEST)","3","n/e","n/e","24","252","6","n/e","n/e","n/e","n/e","n/e","n/e","n/e","n/e","n/e","n/e","n/e","80","51","39","54"
"BZN|DK2","23.07.2018 19:00 - 23.07.2018 20:00 (CET/CEST)","3","n/e","n/e","50","264","7","n/e","n/e","n/e","n/e","n/e","n/e","n/e","n/e","n/e","n/e","n/e","36","53","29","45"
"BZN|DK2","23.07.2018 20:00 - 23.07.2018 21:00 (CET/CEST)","3","n/e","n/e","74","270","7","n/e","n/e","n/e","n/e","n/e","n/e","n/e","n/e","n/e","n/e","n/e","11","58","10","40"
"BZN|DK2","23.07.2018 21:00 - 23.07.2018 22:00 (CET/CEST)","3","n/e","n/e","79","275","7","n/e","n/e","n/e","n/e","n/e","n/e","n/e","n/e","n/e","n/e","n/e","1","61","6","49"
"BZN|DK2","23.07.2018 22:00 - 23.07.2018 23:00 (CET/CEST)","3","n/e","n/e","77","271","7","n/e","n/e","n/e","n/e","n/e","n/e","n/e","n/e","n/e","n/e","n/e","0","62","10","47"
"BZN|DK2","23.07.2018 23:00 - 24.07.2018 00:00 (CET/CEST)","3","n/e","n/e","25","262","6","n/e","n/e","n/e","n/e","n/e","n/e","n/e","n/e","n/e","n/e","n/e","0","61","22","28"
"BZN|DK2","24.07.2018 00:00 - 24.07.2018 01:00 (CET/CEST)","3","n/e","n/e","18","261","6","n/e","n/e","n/e","n/e","n/e","n/e","n/e","n/e","n/e","n/e","n/e","0","59","18","23"
"BZN|DK2","24.07.2018 01:00 - 24.07.2018 02:00 (CET/CEST)","3","n/e","n/e","18","253","6","n/e","n/e","n/e","n/e","n/e","n/e","n/e","n/e","n/e","n/e","n/e","0","57","12","17"
"BZN|DK2","24.07.2018 02:00 - 24.07.2018 03:00 (CET/CEST)","3","n/e","n/e","18","248","6","n/e","n/e","n/e","n/e","n/e","n/e","n/e","n/e","n/e","n/e","n/e","0","55","3","11"
"BZN|DK2","24.07.2018 03:00 - 24.07.2018 04:00 (CET/CEST)","3","n/e","n/e","18","256","6","n/e","n/e","n/e","n/e","n/e","n/e","n/e","n/e","n/e","n/e","n/e","0","56","1","8"
"BZN|DK2","24.07.2018 04:00 - 24.07.2018 05:00 (CET/CEST)","3","n/e","n/e","18","250","6","n/e","n/e","n/e","n/e","n/e","n/e","n/e","n/e","n/e","n/e","n/e","0","55","0","7"
"BZN|DK2","24.07.2018 05:00 - 24.07.2018 06:00 (CET/CEST)","3","n/e","n/e","17","246","6","n/e","n/e","n/e","n/e","n/e","n/e","n/e","n/e","n/e","n/e","n/e","2","56","0","6"
"BZN|DK2","24.07.2018 06:00 - 24.07.2018 07:00 (CET/CEST)","3","n/e","n/e","18","256","6","n/e","n/e","n/e","n/e","n/e","n/e","n/e","n/e","n/e","n/e","n/e","16","56","0","6"
"BZN|DK2","24.07.2018 07:00 - 24.07.2018 08:00 (CET/CEST)","11","n/e","n/e","20","258","7","n/e","n/e","n/e","n/e","n/e","n/e","n/e","n/e","n/e","n/e","n/e","45","58","0","5"
"BZN|DK2","24.07.2018 08:00 - 24.07.2018 09:00 (CET/CEST)","16","n/e","n/e","21","284","7","n/e","n/e","n/e","n/e","n/e","n/e","n/e","n/e","n/e","n/e","n/e","91","59","0","5"
"BZN|DK2","24.07.2018 09:00 - 24.07.2018 10:00 (CET/CEST)","16","n/e","n/e","21","260","7","n/e","n/e","n/e","n/e","n/e","n/e","n/e","n/e","n/e","n/e","n/e","140","58","0","8"
"BZN|DK2","24.07.2018 10:00 - 24.07.2018 11:00 (CET/CEST)","16","n/e","n/e","20","262","7","n/e","n/e","n/e","n/e","n/e","n/e","n/e","n/e","n/e","n/e","n/e","177","57","0","10"
"BZN|DK2","24.07.2018 11:00 - 24.07.2018 12:00 (CET/CEST)","15","n/e","n/e","19","260","6","n/e","n/e","n/e","n/e","n/e","n/e","n/e","n/e","n/e","n/e","n/e","190","56","0","11"
"BZN|DK2","24.07.2018 12:00 - 24.07.2018 13:00 (CET/CEST)","15","n/e","n/e","19","257","7","n/e","n/e","n/e","n/e","n/e","n/e","n/e","n/e","n/e","n/e","n/e","201","56","0","17"
"BZN|DK2","24.07.2018 13:00 - 24.07.2018 14:00 (CET/CEST)","15","n/e","n/e","19","257","7","n/e","n/e","n/e","n/e","n/e","n/e","n/e","n/e","n/e","n/e","n/e","207","56","0","22"
"BZN|DK2","24.07.2018 14:00 - 24.07.2018 15:00 (CET/CEST)","11","n/e","n/e","19","271","7","n/e","n/e","n/e","n/e","n/e","n/e","n/e","n/e","n/e","n/e","n/e","200","55","1","29"
"BZN|DK2","24.07.2018 15:00 - 24.07.2018 16:00 (CET/CEST)","4","n/e","n/e","19","306","6","n/e","n/e","n/e","n/e","n/e","n/e","n/e","n/e","n/e","n/e","n/e","187","56","2","23"
"BZN|DK2","24.07.2018 16:00 - 24.07.2018 17:00 (CET/CEST)","3","n/e","n/e","20","351","7","n/e","n/e","n/e","n/e","n/e","n/e","n/e","n/e","n/e","n/e","n/e","165","55","5","17"
"BZN|DK2","24.07.2018 17:00 - 24.07.2018 18:00 (CET/CEST)","3","n/e","n/e","24","357","8","n/e","n/e","n/e","n/e","n/e","n/e","n/e","n/e","n/e","n/e","n/e","127","56","2","13"
"BZN|DK2","24.07.2018 18:00 - 24.07.2018 19:00 (CET/CEST)","3","n/e","n/e","25","363","9","n/e","n/e","n/e","n/e","n/e","n/e","n/e","n/e","n/e","n/e","n/e","77","55","5","13"
"BZN|DK2","24.07.2018 19:00 - 24.07.2018 20:00 (CET/CEST)","3","n/e","n/e","25","363","9","n/e","n/e","n/e","n/e","n/e","n/e","n/e","n/e","n/e","n/e","n/e","33","55","0","10"
"BZN|DK2","24.07.2018 20:00 - 24.07.2018 21:00 (CET/CEST)","3","n/e","n/e","27","365","9","n/e","n/e","n/e","n/e","n/e","n/e","n/e","n/e","n/e","n/e","n/e","10","52","0","7"
"BZN|DK2","24.07.2018 21:00 - 24.07.2018 22:00 (CET/CEST)","3","n/e","n/e","50","367","9","n/e","n/e","n/e","n/e","n/e","n/e","n/e","n/e","n/e","n/e","n/e","1","53","0","5"
"BZN|DK2","24.07.2018 22:00 - 24.07.2018 23:00 (CET/CEST)","3","n/e","n/e","52","360","9","n/e","n/e","n/e","n/e","n/e","n/e","n/e","n/e","n/e","n/e","n/e","0","54","0","5"
"BZN|DK2","24.07.2018 23:00 - 25.07.2018 00:00 (CET/CEST)","3","n/e","n/e","53","367","9","n/e","n/e","n/e","n/e","n/e","n/e","n/e","n/e","n/e","n/e","n/e","0","54","0","5"
"BZN|DK2","25.07.2018 00:00 - 25.07.2018 01:00 (CET/CEST)","3","n/e","n/e","26","313","8","n/e","n/e","n/e","n/e","n/e","n/e","n/e","n/e","n/e","n/e","n/e","0","53","0","4"
"BZN|DK2","25.07.2018 01:00 - 25.07.2018 02:00 (CET/CEST)","3","n/e","n/e","25","260","8","n/e","n/e","n/e","n/e","n/e","n/e","n/e","n/e","n/e","n/e","n/e","0","52","0","5"
"BZN|DK2","25.07.2018 02:00 - 25.07.2018 03:00 (CET/CEST)","3","n/e","n/e","25","260","8","n/e","n/e","n/e","n/e","n/e","n/e","n/e","n/e","n/e","n/e","n/e","0","52","0","5"
"BZN|DK2","25.07.2018 03:00 - 25.07.2018 04:00 (CET/CEST)","3","n/e","n/e","25","255","9","n/e","n/e","n/e","n/e","n/e","n/e","n/e","n/e","n/e","n/e","n/e","0","53","0","6"
"BZN|DK2","25.07.2018 04:00 - 25.07.2018 05:00 (CET/CEST)","3","n/e","n/e","25","259","8","n/e","n/e","n/e","n/e","n/e","n/e","n/e","n/e","n/e","n/e","n/e","0","53","0","6"
"BZN|DK2","25.07.2018 05:00 - 25.07.2018 06:00 (CET/CEST)","3","n/e","n/e","25","259","9","n/e","n/e","n/e","n/e","n/e","n/e","n/e","n/e","n/e","n/e","n/e","2","53","0","5"
"BZN|DK2","25.07.2018 06:00 - 25.07.2018 07:00 (CET/CEST)","4","n/e","n/e","27","268","9","n/e","n/e","n/e","n/e","n/e","n/e","n/e","n/e","n/e","n/e","n/e","16","53","0","7"
"BZN|DK2","25.07.2018 07:00 - 25.07.2018 08:00 (CET/CEST)","12","n/e","n/e","28","338","9","n/e","n/e","n/e","n/e","n/e","n/e","n/e","n/e","n/e","n/e","n/e","45","59","0","4"
"BZN|DK2","25.07.2018 08:00 - 25.07.2018 09:00 (CET/CEST)","17","n/e","n/e","28","356","10","n/e","n/e","n/e","n/e","n/e","n/e","n/e","n/e","n/e","n/e","n/e","89","60","0","4"
"BZN|DK2","25.07.2018 09:00 - 25.07.2018 10:00 (CET/CEST)","17","n/e","n/e","28","358","9","n/e","n/e","n/e","n/e","n/e","n/e","n/e","n/e","n/e","n/e","n/e","136","60","0","4"
"BZN|DK2","25.07.2018 10:00 - 25.07.2018 11:00 (CET/CEST)","17","n/e","n/e","28","361","9","n/e","n/e","n/e","n/e","n/e","n/e","n/e","n/e","n/e","n/e","n/e","177","60","0","6"
"BZN|DK2","25.07.2018 11:00 - 25.07.2018 12:00 (CET/CEST)","20","n/e","n/e","27","364","9","n/e","n/e","n/e","n/e","n/e","n/e","n/e","n/e","n/e","n/e","n/e","202","54","0","10"
"BZN|DK2","25.07.2018 12:00 - 25.07.2018 13:00 (CET/CEST)","20","n/e","n/e","28","369","9","n/e","n/e","n/e","n/e","n/e","n/e","n/e","n/e","n/e","n/e","n/e","215","52","0","15"
"BZN|DK2","25.07.2018 13:00 - 25.07.2018 14:00 (CET/CEST)","19","n/e","n/e","27","368","9","n/e","n/e","n/e","n/e","n/e","n/e","n/e","n/e","n/e","n/e","n/e","218","54","2","20"
"BZN|DK2","25.07.2018 14:00 - 25.07.2018 15:00 (CET/CEST)","8","n/e","n/e","26","365","9","n/e","n/e","n/e","n/e","n/e","n/e","n/e","n/e","n/e","n/e","n/e","207","52","8","18"
"BZN|DK2","25.07.2018 15:00 - 25.07.2018 16:00 (CET/CEST)","7","n/e","n/e","24","357","8","n/e","n/e","n/e","n/e","n/e","n/e","n/e","n/e","n/e","n/e","n/e","188","53","9","19"
"BZN|DK2","25.07.2018 16:00 - 25.07.2018 17:00 (CET/CEST)","6","n/e","n/e","25","326","9","n/e","n/e","n/e","n/e","n/e","n/e","n/e","n/e","n/e","n/e","n/e","161","52","5","23"
"BZN|DK2","25.07.2018 17:00 - 25.07.2018 18:00 (CET/CEST)","6","n/e","n/e","26","359","9","n/e","n/e","n/e","n/e","n/e","n/e","n/e","n/e","n/e","n/e","n/e","120","50","2","22"
"BZN|DK2","25.07.2018 18:00 - 25.07.2018 19:00 (CET/CEST)","6","n/e","n/e","26","364","9","n/e","n/e","n/e","n/e","n/e","n/e","n/e","n/e","n/e","n/e","n/e","71","49","5","23"
"BZN|DK2","25.07.2018 19:00 - 25.07.2018 20:00 (CET/CEST)","7","n/e","n/e","28","366","10","n/e","n/e","n/e","n/e","n/e","n/e","n/e","n/e","n/e","n/e","n/e","29","41","3","39"
"BZN|DK2","25.07.2018 20:00 - 25.07.2018 21:00 (CET/CEST)","7","n/e","n/e","29","364","10","n/e","n/e","n/e","n/e","n/e","n/e","n/e","n/e","n/e","n/e","n/e","9","40","21","39"
"BZN|DK2","25.07.2018 21:00 - 25.07.2018 22:00 (CET/CEST)","7","n/e","n/e","29","369","10","n/e","n/e","n/e","n/e","n/e","n/e","n/e","n/e","n/e","n/e","n/e","1","40","21","26"
"BZN|DK2","25.07.2018 22:00 - 25.07.2018 23:00 (CET/CEST)","6","n/e","n/e","29","371","10","n/e","n/e","n/e","n/e","n/e","n/e","n/e","n/e","n/e","n/e","n/e","0","40","6","25"
"BZN|DK2","25.07.2018 23:00 - 26.07.2018 00:00 (CET/CEST)","6","n/e","n/e","28","293","9","n/e","n/e","n/e","n/e","n/e","n/e","n/e","n/e","n/e","n/e","n/e","0","42","0","36"
"BZN|DK2","26.07.2018 00:00 - 26.07.2018 01:00 (CET/CEST)","6","n/e","n/e","22","250","8","n/e","n/e","n/e","n/e","n/e","n/e","n/e","n/e","n/e","n/e","n/e","0","52","1","41"
"BZN|DK2","26.07.2018 01:00 - 26.07.2018 02:00 (CET/CEST)","6","n/e","n/e","21","241","7","n/e","n/e","n/e","n/e","n/e","n/e","n/e","n/e","n/e","n/e","n/e","0","52","1","52"
"BZN|DK2","26.07.2018 02:00 - 26.07.2018 03:00 (CET/CEST)","6","n/e","n/e","22","238","7","n/e","n/e","n/e","n/e","n/e","n/e","n/e","n/e","n/e","n/e","n/e","0","53","2","76"
"BZN|DK2","26.07.2018 03:00 - 26.07.2018 04:00 (CET/CEST)","6","n/e","n/e","26","247","9","n/e","n/e","n/e","n/e","n/e","n/e","n/e","n/e","n/e","n/e","n/e","0","54","2","71"
"BZN|DK2","26.07.2018 04:00 - 26.07.2018 05:00 (CET/CEST)","7","n/e","n/e","26","255","9","n/e","n/e","n/e","n/e","n/e","n/e","n/e","n/e","n/e","n/e","n/e","0","53","5","75"
"BZN|DK2","26.07.2018 05:00 - 26.07.2018 06:00 (CET/CEST)","6","n/e","n/e","26","255","9","n/e","n/e","n/e","n/e","n/e","n/e","n/e","n/e","n/e","n/e","n/e","2","53","16","66"
"BZN|DK2","26.07.2018 06:00 - 26.07.2018 07:00 (CET/CEST)","6","n/e","n/e","26","260","9","n/e","n/e","n/e","n/e","n/e","n/e","n/e","n/e","n/e","n/e","n/e","16","53","30","63"
"BZN|DK2","26.07.2018 07:00 - 26.07.2018 08:00 (CET/CEST)","8","n/e","n/e","29","334","10","n/e","n/e","n/e","n/e","n/e","n/e","n/e","n/e","n/e","n/e","n/e","56","58","23","50"
"BZN|DK2","26.07.2018 08:00 - 26.07.2018 09:00 (CET/CEST)","15","n/e","n/e","30","361","10","n/e","n/e","n/e","n/e","n/e","n/e","n/e","n/e","n/e","n/e","n/e","120","57","17","38"
"BZN|DK2","26.07.2018 09:00 - 26.07.2018 10:00 (CET/CEST)","17","n/e","n/e","34","370","10","n/e","n/e","n/e","n/e","n/e","n/e","n/e","n/e","n/e","n/e","n/e","172","55","18","27"
"BZN|DK2","26.07.2018 10:00 - 26.07.2018 11:00 (CET/CEST)","17","n/e","n/e","31","371","10","n/e","n/e","n/e","n/e","n/e","n/e","n/e","n/e","n/e","n/e","n/e","188","57","23","22"
"BZN|DK2","26.07.2018 11:00 - 26.07.2018 12:00 (CET/CEST)","17","n/e","n/e","33","355","11","n/e","n/e","n/e","n/e","n/e","n/e","n/e","n/e","n/e","n/e","n/e","221","57","22","22"
"BZN|DK2","26.07.2018 12:00 - 26.07.2018 13:00 (CET/CEST)","17","n/e","n/e","32","334","11","n/e","n/e","n/e","n/e","n/e","n/e","n/e","n/e","n/e","n/e","n/e","240","57","22","33"
"BZN|DK2","26.07.2018 13:00 - 26.07.2018 14:00 (CET/CEST)","16","n/e","n/e","32","328","11","n/e","n/e","n/e","n/e","n/e","n/e","n/e","n/e","n/e","n/e","n/e","246","59","22","38"
"BZN|DK2","26.07.2018 14:00 - 26.07.2018 15:00 (CET/CEST)","11","n/e","n/e","31","288","10","n/e","n/e","n/e","n/e","n/e","n/e","n/e","n/e","n/e","n/e","n/e","240","58","30","40"
"BZN|DK2","26.07.2018 15:00 - 26.07.2018 16:00 (CET/CEST)","4","n/e","n/e","36","283","12","n/e","n/e","n/e","n/e","n/e","n/e","n/e","n/e","n/e","n/e","n/e","208","47","19","37"
"BZN|DK2","26.07.2018 16:00 - 26.07.2018 17:00 (CET/CEST)","4","n/e","n/e","37","286","12","n/e","n/e","n/e","n/e","n/e","n/e","n/e","n/e","n/e","n/e","n/e","170","44","14","33"
"BZN|DK2","26.07.2018 17:00 - 26.07.2018 18:00 (CET/CEST)","4","n/e","n/e","36","301","12","n/e","n/e","n/e","n/e","n/e","n/e","n/e","n/e","n/e","n/e","n/e","126","45","12","35"
"BZN|DK2","26.07.2018 18:00 - 26.07.2018 19:00 (CET/CEST)","4","n/e","n/e","33","360","11","n/e","n/e","n/e","n/e","n/e","n/e","n/e","n/e","n/e","n/e","n/e","75","53","16","38"
"BZN|DK2","26.07.2018 19:00 - 26.07.2018 20:00 (CET/CEST)","4","n/e","n/e","32","366","11","n/e","n/e","n/e","n/e","n/e","n/e","n/e","n/e","n/e","n/e","n/e","33","55","19","43"
"BZN|DK2","26.07.2018 20:00 - 26.07.2018 21:00 (CET/CEST)","4","n/e","n/e","32","366","11","n/e","n/e","n/e","n/e","n/e","n/e","n/e","n/e","n/e","n/e","n/e","10","53","15","38"
"BZN|DK2","26.07.2018 21:00 - 26.07.2018 22:00 (CET/CEST)","4","n/e","n/e","32","342","11","n/e","n/e","n/e","n/e","n/e","n/e","n/e","n/e","n/e","n/e","n/e","1","52","12","31"
"BZN|DK2","26.07.2018 22:00 - 26.07.2018 23:00 (CET/CEST)","4","n/e","n/e","32","270","11","n/e","n/e","n/e","n/e","n/e","n/e","n/e","n/e","n/e","n/e","n/e","0","54","15","36"
"BZN|DK2","26.07.2018 23:00 - 27.07.2018 00:00 (CET/CEST)","4","n/e","n/e","31","255","10","n/e","n/e","n/e","n/e","n/e","n/e","n/e","n/e","n/e","n/e","n/e","0","56","26","43"
"BZN|DK2","27.07.2018 00:00 - 27.07.2018 01:00 (CET/CEST)","4","n/e","n/e","31","272","10","n/e","n/e","n/e","n/e","n/e","n/e","n/e","n/e","n/e","n/e","n/e","0","56","48","55"
"BZN|DK2","27.07.2018 01:00 - 27.07.2018 02:00 (CET/CEST)","4","n/e","n/e","31","257","10","n/e","n/e","n/e","n/e","n/e","n/e","n/e","n/e","n/e","n/e","n/e","0","57","41","58"
"BZN|DK2","27.07.2018 02:00 - 27.07.2018 03:00 (CET/CEST)","4","n/e","n/e","31","258","10","n/e","n/e","n/e","n/e","n/e","n/e","n/e","n/e","n/e","n/e","n/e","0","55","21","64"
"BZN|DK2","27.07.2018 03:00 - 27.07.2018 04:00 (CET/CEST)","4","n/e","n/e","31","257","10","n/e","n/e","n/e","n/e","n/e","n/e","n/e","n/e","n/e","n/e","n/e","0","56","17","61"
"BZN|DK2","27.07.2018 04:00 - 27.07.2018 05:00 (CET/CEST)","4","n/e","n/e","31","233","10","n/e","n/e","n/e","n/e","n/e","n/e","n/e","n/e","n/e","n/e","n/e","0","55","12","68"
"BZN|DK2","27.07.2018 05:00 - 27.07.2018 06:00 (CET/CEST)","8","n/e","n/e","31","261","10","n/e","n/e","n/e","n/e","n/e","n/e","n/e","n/e","n/e","n/e","n/e","2","55","21","58"
"BZN|DK2","27.07.2018 06:00 - 27.07.2018 07:00 (CET/CEST)","12","n/e","n/e","32","267","11","n/e","n/e","n/e","n/e","n/e","n/e","n/e","n/e","n/e","n/e","n/e","15","55","35","54"
"BZN|DK2","27.07.2018 07:00 - 27.07.2018 08:00 (CET/CEST)","16","n/e","n/e","35","309","12","n/e","n/e","n/e","n/e","n/e","n/e","n/e","n/e","n/e","n/e","n/e","43","58","49","42"
"BZN|DK2","27.07.2018 08:00 - 27.07.2018 09:00 (CET/CEST)","17","n/e","n/e","54","384","12","n/e","n/e","n/e","n/e","n/e","n/e","n/e","n/e","n/e","n/e","n/e","88","58","64","47"
"BZN|DK2","27.07.2018 09:00 - 27.07.2018 10:00 (CET/CEST)","17","n/e","n/e","69","378","14","n/e","n/e","n/e","n/e","n/e","n/e","n/e","n/e","n/e","n/e","n/e","137","51","93","61"
"BZN|DK2","27.07.2018 10:00 - 27.07.2018 11:00 (CET/CEST)","17","n/e","n/e","68","375","13","n/e","n/e","n/e","n/e","n/e","n/e","n/e","n/e","n/e","n/e","n/e","174","56","143","98"
"BZN|DK2","27.07.2018 11:00 - 27.07.2018 12:00 (CET/CEST)","17","n/e","n/e","63","343","12","n/e","n/e","n/e","n/e","n/e","n/e","n/e","n/e","n/e","n/e","n/e","210","63","145","131"
"BZN|DK2","27.07.2018 12:00 - 27.07.2018 13:00 (CET/CEST)","13","n/e","n/e","61","335","12","n/e","n/e","n/e","n/e","n/e","n/e","n/e","n/e","n/e","n/e","n/e","227","57","177","158"
"BZN|DK2","27.07.2018 13:00 - 27.07.2018 14:00 (CET/CEST)","6","n/e","n/e","44","307","14","n/e","n/e","n/e","n/e","n/e","n/e","n/e","n/e","n/e","n/e","n/e","214","58","169","203"
"BZN|DK2","27.07.2018 14:00 - 27.07.2018 15:00 (CET/CEST)","3","n/e","n/e","28","266","9","n/e","n/e","n/e","n/e","n/e","n/e","n/e","n/e","n/e","n/e","n/e","204","55","185","224"
"BZN|DK2","27.07.2018 15:00 - 27.07.2018 16:00 (CET/CEST)","3","n/e","n/e","27","269","9","n/e","n/e","n/e","n/e","n/e","n/e","n/e","n/e","n/e","n/e","n/e","194","56","219","261"
"BZN|DK2","27.07.2018 16:00 - 27.07.2018 17:00 (CET/CEST)","3","n/e","n/e","27","265","9","n/e","n/e","n/e","n/e","n/e","n/e","n/e","n/e","n/e","n/e","n/e","166","55","272","299"
"BZN|DK2","27.07.2018 17:00 - 27.07.2018 18:00 (CET/CEST)","3","n/e","n/e","26","258","9","n/e","n/e","n/e","n/e","n/e","n/e","n/e","n/e","n/e","n/e","n/e","127","55","294","302"
"BZN|DK2","27.07.2018 18:00 - 27.07.2018 19:00 (CET/CEST)","3","n/e","n/e","27","250","9","n/e","n/e","n/e","n/e","n/e","n/e","n/e","n/e","n/e","n/e","n/e","75","55","310","298"
"BZN|DK2","27.07.2018 19:00 - 27.07.2018 20:00 (CET/CEST)","3","n/e","n/e","26","254","9","n/e","n/e","n/e","n/e","n/e","n/e","n/e","n/e","n/e","n/e","n/e","32","56","288","296"
"BZN|DK2","27.07.2018 20:00 - 27.07.2018 21:00 (CET/CEST)","3","n/e","n/e","26","263","9","n/e","n/e","n/e","n/e","n/e","n/e","n/e","n/e","n/e","n/e","n/e","9","55","271","255"
"BZN|DK2","27.07.2018 21:00 - 27.07.2018 22:00 (CET/CEST)","3","n/e","n/e","27","267","9","n/e","n/e","n/e","n/e","n/e","n/e","n/e","n/e","n/e","n/e","n/e","1","54","277","220"
"BZN|DK2","27.07.2018 22:00 - 27.07.2018 23:00 (CET/CEST)","3","n/e","n/e","27","245","9","n/e","n/e","n/e","n/e","n/e","n/e","n/e","n/e","n/e","n/e","n/e","0","55","271","191"
"BZN|DK2","27.07.2018 23:00 - 28.07.2018 00:00 (CET/CEST)","3","n/e","n/e","27","250","9","n/e","n/e","n/e","n/e","n/e","n/e","n/e","n/e","n/e","n/e","n/e","0","55","278","157"
"BZN|DK2","28.07.2018 00:00 - 28.07.2018 01:00 (CET/CEST)","3","n/e","n/e","27","213","9","n/e","n/e","n/e","n/e","n/e","n/e","n/e","n/e","n/e","n/e","n/e","0","55","276","188"
"BZN|DK2","28.07.2018 01:00 - 28.07.2018 02:00 (CET/CEST)","3","n/e","n/e","26","239","9","n/e","n/e","n/e","n/e","n/e","n/e","n/e","n/e","n/e","n/e","n/e","0","55","263","182"
"BZN|DK2","28.07.2018 02:00 - 28.07.2018 03:00 (CET/CEST)","3","n/e","n/e","26","251","9","n/e","n/e","n/e","n/e","n/e","n/e","n/e","n/e","n/e","n/e","n/e","0","56","211","150"
"BZN|DK2","28.07.2018 03:00 - 28.07.2018 04:00 (CET/CEST)","3","n/e","n/e","26","253","9","n/e","n/e","n/e","n/e","n/e","n/e","n/e","n/e","n/e","n/e","n/e","0","55","205","155"
"BZN|DK2","28.07.2018 04:00 - 28.07.2018 05:00 (CET/CEST)","3","n/e","n/e","27","248","9","n/e","n/e","n/e","n/e","n/e","n/e","n/e","n/e","n/e","n/e","n/e","0","55","202","165"
"BZN|DK2","28.07.2018 05:00 - 28.07.2018 06:00 (CET/CEST)","3","n/e","n/e","27","233","9","n/e","n/e","n/e","n/e","n/e","n/e","n/e","n/e","n/e","n/e","n/e","2","55","183","159"
"BZN|DK2","28.07.2018 06:00 - 28.07.2018 07:00 (CET/CEST)","3","n/e","n/e","27","207","9","n/e","n/e","n/e","n/e","n/e","n/e","n/e","n/e","n/e","n/e","n/e","14","55","174","166"
"BZN|DK2","28.07.2018 07:00 - 28.07.2018 08:00 (CET/CEST)","7","n/e","n/e","28","242","9","n/e","n/e","n/e","n/e","n/e","n/e","n/e","n/e","n/e","n/e","n/e","41","55","158","175"
"BZN|DK2","28.07.2018 08:00 - 28.07.2018 09:00 (CET/CEST)","8","n/e","n/e","28","263","9","n/e","n/e","n/e","n/e","n/e","n/e","n/e","n/e","n/e","n/e","n/e","85","56","146","210"
"BZN|DK2","28.07.2018 09:00 - 28.07.2018 10:00 (CET/CEST)","8","n/e","n/e","28","260","9","n/e","n/e","n/e","n/e","n/e","n/e","n/e","n/e","n/e","n/e","n/e","132","56","129","238"
"BZN|DK2","28.07.2018 10:00 - 28.07.2018 11:00 (CET/CEST)","9","n/e","n/e","28","258","9","n/e","n/e","n/e","n/e","n/e","n/e","n/e","n/e","n/e","n/e","n/e","177","55","101","237"
"BZN|DK2","28.07.2018 11:00 - 28.07.2018 12:00 (CET/CEST)","8","n/e","n/e","26","251","9","n/e","n/e","n/e","n/e","n/e","n/e","n/e","n/e","n/e","n/e","n/e","200","55","100","239"
"BZN|DK2","28.07.2018 12:00 - 28.07.2018 13:00 (CET/CEST)","8","n/e","n/e","26","251","9","n/e","n/e","n/e","n/e","n/e","n/e","n/e","n/e","n/e","n/e","n/e","207","54","126","238"
"BZN|DK2","28.07.2018 13:00 - 28.07.2018 14:00 (CET/CEST)","8","n/e","n/e","38","250","9","n/e","n/e","n/e","n/e","n/e","n/e","n/e","n/e","n/e","n/e","n/e","210","53","168","227"
"BZN|DK2","28.07.2018 14:00 - 28.07.2018 15:00 (CET/CEST)","8","n/e","n/e","39","228","9","n/e","n/e","n/e","n/e","n/e","n/e","n/e","n/e","n/e","n/e","n/e","216","53","205","212"
"BZN|DK2","28.07.2018 15:00 - 28.07.2018 16:00 (CET/CEST)","4","n/e","n/e","26","247","9","n/e","n/e","n/e","n/e","n/e","n/e","n/e","n/e","n/e","n/e","n/e","201","54","256","224"
"BZN|DK2","28.07.2018 16:00 - 28.07.2018 17:00 (CET/CEST)","3","n/e","n/e","26","248","9","n/e","n/e","n/e","n/e","n/e","n/e","n/e","n/e","n/e","n/e","n/e","172","54","262","246"
"BZN|DK2","28.07.2018 17:00 - 28.07.2018 18:00 (CET/CEST)","3","n/e","n/e","26","250","9","n/e","n/e","n/e","n/e","n/e","n/e","n/e","n/e","n/e","n/e","n/e","127","54","245","234"
"BZN|DK2","28.07.2018 18:00 - 28.07.2018 19:00 (CET/CEST)","3","n/e","n/e","26","189","9","n/e","n/e","n/e","n/e","n/e","n/e","n/e","n/e","n/e","n/e","n/e","66","54","211","238"
"BZN|DK2","28.07.2018 19:00 - 28.07.2018 20:00 (CET/CEST)","3","n/e","n/e","24","167","8","n/e","n/e","n/e","n/e","n/e","n/e","n/e","n/e","n/e","n/e","n/e","22","54","205","235"
"BZN|DK2","28.07.2018 20:00 - 28.07.2018 21:00 (CET/CEST)","3","n/e","n/e","43","169","7","n/e","n/e","n/e","n/e","n/e","n/e","n/e","n/e","n/e","n/e","n/e","3","53","84","122"
"BZN|DK2","28.07.2018 21:00 - 28.07.2018 22:00 (CET/CEST)","3","n/e","n/e","47","173","8","n/e","n/e","n/e","n/e","n/e","n/e","n/e","n/e","n/e","n/e","n/e","0","53","48","57"
"BZN|DK2","28.07.2018 22:00 - 28.07.2018 23:00 (CET/CEST)","3","n/e","n/e","31","173","9","n/e","n/e","n/e","n/e","n/e","n/e","n/e","n/e","n/e","n/e","n/e","0","54","2","23"
"BZN|DK2","28.07.2018 23:00 - 29.07.2018 00:00 (CET/CEST)","3","n/e","n/e","29","175","10","n/e","n/e","n/e","n/e","n/e","n/e","n/e","n/e","n/e","n/e","n/e","0","53","0","7"
"BZN|DK2","29.07.2018 00:00 - 29.07.2018 01:00 (CET/CEST)","3","n/e","n/e","30","178","10","n/e","n/e","n/e","n/e","n/e","n/e","n/e","n/e","n/e","n/e","n/e","0","54","8","21"
"BZN|DK2","29.07.2018 01:00 - 29.07.2018 02:00 (CET/CEST)","3","n/e","n/e","30","180","10","n/e","n/e","n/e","n/e","n/e","n/e","n/e","n/e","n/e","n/e","n/e","0","54","92","50"
"BZN|DK2","29.07.2018 02:00 - 29.07.2018 03:00 (CET/CEST)","3","n/e","n/e","30","179","10","n/e","n/e","n/e","n/e","n/e","n/e","n/e","n/e","n/e","n/e","n/e","0","54","98","75"
"BZN|DK2","29.07.2018 03:00 - 29.07.2018 04:00 (CET/CEST)","4","n/e","n/e","30","180","10","n/e","n/e","n/e","n/e","n/e","n/e","n/e","n/e","n/e","n/e","n/e","0","54","178","129"
"BZN|DK2","29.07.2018 04:00 - 29.07.2018 05:00 (CET/CEST)","3","n/e","n/e","29","179","10","n/e","n/e","n/e","n/e","n/e","n/e","n/e","n/e","n/e","n/e","n/e","0","54","184","116"
"BZN|DK2","29.07.2018 05:00 - 29.07.2018 06:00 (CET/CEST)","3","n/e","n/e","28","179","9","n/e","n/e","n/e","n/e","n/e","n/e","n/e","n/e","n/e","n/e","n/e","1","54","178","94"
"BZN|DK2","29.07.2018 06:00 - 29.07.2018 07:00 (CET/CEST)","3","n/e","n/e","26","171","9","n/e","n/e","n/e","n/e","n/e","n/e","n/e","n/e","n/e","n/e","n/e","11","54","135","65"
"BZN|DK2","29.07.2018 07:00 - 29.07.2018 08:00 (CET/CEST)","3","n/e","n/e","26","175","9","n/e","n/e","n/e","n/e","n/e","n/e","n/e","n/e","n/e","n/e","n/e","40","54","67","38"
"BZN|DK2","29.07.2018 08:00 - 29.07.2018 09:00 (CET/CEST)","7","n/e","n/e","27","177","9","n/e","n/e","n/e","n/e","n/e","n/e","n/e","n/e","n/e","n/e","n/e","82","54","36","28"
"BZN|DK2","29.07.2018 09:00 - 29.07.2018 10:00 (CET/CEST)","10","n/e","n/e","27","177","9","n/e","n/e","n/e","n/e","n/e","n/e","n/e","n/e","n/e","n/e","n/e","127","53","33","27"
"BZN|DK2","29.07.2018 10:00 - 29.07.2018 11:00 (CET/CEST)","12","n/e","n/e","27","177","9","n/e","n/e","n/e","n/e","n/e","n/e","n/e","n/e","n/e","n/e","n/e","162","54","22","25"
"BZN|DK2","29.07.2018 11:00 - 29.07.2018 12:00 (CET/CEST)","12","n/e","n/e","27","173","9","n/e","n/e","n/e","n/e","n/e","n/e","n/e","n/e","n/e","n/e","n/e","190","54","3","24"
"BZN|DK2","29.07.2018 12:00 - 29.07.2018 13:00 (CET/CEST)","12","n/e","n/e","27","178","9","n/e","n/e","n/e","n/e","n/e","n/e","n/e","n/e","n/e","n/e","n/e","209","54","0","15"
"BZN|DK2","29.07.2018 13:00 - 29.07.2018 14:00 (CET/CEST)","12","n/e","n/e","26","177","9","n/e","n/e","n/e","n/e","n/e","n/e","n/e","n/e","n/e","n/e","n/e","223","54","1","12"
"BZN|DK2","29.07.2018 14:00 - 29.07.2018 15:00 (CET/CEST)","5","n/e","n/e","26","175","9","n/e","n/e","n/e","n/e","n/e","n/e","n/e","n/e","n/e","n/e","n/e","209","54","0","15"
"BZN|DK2","29.07.2018 15:00 - 29.07.2018 16:00 (CET/CEST)","3","n/e","n/e","26","174","9","n/e","n/e","n/e","n/e","n/e","n/e","n/e","n/e","n/e","n/e","n/e","183","54","1","20"
"BZN|DK2","29.07.2018 16:00 - 29.07.2018 17:00 (CET/CEST)","3","n/e","n/e","27","175","9","n/e","n/e","n/e","n/e","n/e","n/e","n/e","n/e","n/e","n/e","n/e","154","55","1","20"
"BZN|DK2","29.07.2018 17:00 - 29.07.2018 18:00 (CET/CEST)","3","n/e","n/e","26","175","9","n/e","n/e","n/e","n/e","n/e","n/e","n/e","n/e","n/e","n/e","n/e","136","54","1","24"
"BZN|DK2","29.07.2018 18:00 - 29.07.2018 19:00 (CET/CEST)","3","n/e","n/e","26","174","9","n/e","n/e","n/e","n/e","n/e","n/e","n/e","n/e","n/e","n/e","n/e","75","54","4","22"
"BZN|DK2","29.07.2018 19:00 - 29.07.2018 20:00 (CET/CEST)","3","n/e","n/e","26","175","9","n/e","n/e","n/e","n/e","n/e","n/e","n/e","n/e","n/e","n/e","n/e","32","56","11","29"
"BZN|DK2","29.07.2018 20:00 - 29.07.2018 21:00 (CET/CEST)","3","n/e","n/e","26","175","9","n/e","n/e","n/e","n/e","n/e","n/e","n/e","n/e","n/e","n/e","n/e","8","55","38","35"
"BZN|DK2","29.07.2018 21:00 - 29.07.2018 22:00 (CET/CEST)","3","n/e","n/e","26","176","9","n/e","n/e","n/e","n/e","n/e","n/e","n/e","n/e","n/e","n/e","n/e","0","55","36","50"
"BZN|DK2","29.07.2018 22:00 - 29.07.2018 23:00 (CET/CEST)","3","n/e","n/e","26","200","9","n/e","n/e","n/e","n/e","n/e","n/e","n/e","n/e","n/e","n/e","n/e","0","55","54","79"
"BZN|DK2","29.07.2018 23:00 - 30.07.2018 00:00 (CET/CEST)","3","n/e","n/e","26","208","9","n/e","n/e","n/e","n/e","n/e","n/e","n/e","n/e","n/e","n/e","n/e","0","56","91","94"
"BZN|DK2","30.07.2018 00:00 - 30.07.2018 01:00 (CET/CEST)","3","n/e","n/e","26","173","9","n/e","n/e","n/e","n/e","n/e","n/e","n/e","n/e","n/e","n/e","n/e","0","56","120","101"
"BZN|DK2","30.07.2018 01:00 - 30.07.2018 02:00 (CET/CEST)","3","n/e","n/e","26","170","9","n/e","n/e","n/e","n/e","n/e","n/e","n/e","n/e","n/e","n/e","n/e","0","55","100","87"
"BZN|DK2","30.07.2018 02:00 - 30.07.2018 03:00 (CET/CEST)","3","n/e","n/e","26","172","9","n/e","n/e","n/e","n/e","n/e","n/e","n/e","n/e","n/e","n/e","n/e","0","53","73","112"
"BZN|DK2","30.07.2018 03:00 - 30.07.2018 04:00 (CET/CEST)","3","n/e","n/e","26","172","9","n/e","n/e","n/e","n/e","n/e","n/e","n/e","n/e","n/e","n/e","n/e","0","54","79","118"
"BZN|DK2","30.07.2018 04:00 - 30.07.2018 05:00 (CET/CEST)","3","n/e","n/e","26","175","9","n/e","n/e","n/e","n/e","n/e","n/e","n/e","n/e","n/e","n/e","n/e","0","53","63","93"
"BZN|DK2","30.07.2018 05:00 - 30.07.2018 06:00 (CET/CEST)","4","n/e","n/e","27","173","9","n/e","n/e","n/e","n/e","n/e","n/e","n/e","n/e","n/e","n/e","n/e","1","53","53","90"
"BZN|DK2","30.07.2018 06:00 - 30.07.2018 07:00 (CET/CEST)","9","n/e","n/e","28","183","9","n/e","n/e","n/e","n/e","n/e","n/e","n/e","n/e","n/e","n/e","n/e","10","56","38","83"
"BZN|DK2","30.07.2018 07:00 - 30.07.2018 08:00 (CET/CEST)","14","n/e","n/e","34","229","10","n/e","n/e","n/e","n/e","n/e","n/e","n/e","n/e","n/e","n/e","n/e","30","60","39","65"
"BZN|DK2","30.07.2018 08:00 - 30.07.2018 09:00 (CET/CEST)","17","n/e","n/e","85","271","10","n/e","n/e","n/e","n/e","n/e","n/e","n/e","n/e","n/e","n/e","n/e","61","61","32","64"
"BZN|DK2","30.07.2018 09:00 - 30.07.2018 10:00 (CET/CEST)","16","n/e","n/e","51","229","10","n/e","n/e","n/e","n/e","n/e","n/e","n/e","n/e","n/e","n/e","n/e","99","62","27","76"
"BZN|DK2","30.07.2018 10:00 - 30.07.2018 11:00 (CET/CEST)","17","n/e","n/e","30","268","10","n/e","n/e","n/e","n/e","n/e","n/e","n/e","n/e","n/e","n/e","n/e","129","47","38","71"
"BZN|DK2","30.07.2018 11:00 - 30.07.2018 12:00 (CET/CEST)","16","n/e","n/e","29","264","10","n/e","n/e","n/e","n/e","n/e","n/e","n/e","n/e","n/e","n/e","n/e","157","42","42","68"
"BZN|DK2","30.07.2018 12:00 - 30.07.2018 13:00 (CET/CEST)","17","n/e","n/e","29","277","10","n/e","n/e","n/e","n/e","n/e","n/e","n/e","n/e","n/e","n/e","n/e","165","44","51","68"
"BZN|DK2","30.07.2018 13:00 - 30.07.2018 14:00 (CET/CEST)","16","n/e","n/e","28","253","10","n/e","n/e","n/e","n/e","n/e","n/e","n/e","n/e","n/e","n/e","n/e","192","43","34","87"
"BZN|DK2","30.07.2018 14:00 - 30.07.2018 15:00 (CET/CEST)","10","n/e","n/e","27","245","9","n/e","n/e","n/e","n/e","n/e","n/e","n/e","n/e","n/e","n/e","n/e","193","43","31","110"
"BZN|DK2","30.07.2018 15:00 - 30.07.2018 16:00 (CET/CEST)","3","n/e","n/e","27","246","9","n/e","n/e","n/e","n/e","n/e","n/e","n/e","n/e","n/e","n/e","n/e","188","46","78","116"
"BZN|DK2","30.07.2018 16:00 - 30.07.2018 17:00 (CET/CEST)","3","n/e","n/e","26","250","9","n/e","n/e","n/e","n/e","n/e","n/e","n/e","n/e","n/e","n/e","n/e","155","48","132","105"
"BZN|DK2","30.07.2018 17:00 - 30.07.2018 18:00 (CET/CEST)","3","n/e","n/e","27","275","9","n/e","n/e","n/e","n/e","n/e","n/e","n/e","n/e","n/e","n/e","n/e","112","48","163","81"
"BZN|DK2","30.07.2018 18:00 - 30.07.2018 19:00 (CET/CEST)","3","n/e","n/e","28","276","9","n/e","n/e","n/e","n/e","n/e","n/e","n/e","n/e","n/e","n/e","n/e","64","47","139","52"
"BZN|DK2","30.07.2018 19:00 - 30.07.2018 20:00 (CET/CEST)","3","n/e","n/e","27","274","9","n/e","n/e","n/e","n/e","n/e","n/e","n/e","n/e","n/e","n/e","n/e","28","46","126","35"
"BZN|DK2","30.07.2018 20:00 - 30.07.2018 21:00 (CET/CEST)","3","n/e","n/e","27","275","9","n/e","n/e","n/e","n/e","n/e","n/e","n/e","n/e","n/e","n/e","n/e","7","46","140","35"
"BZN|DK2","30.07.2018 21:00 - 30.07.2018 22:00 (CET/CEST)","3","n/e","n/e","27","276","9","n/e","n/e","n/e","n/e","n/e","n/e","n/e","n/e","n/e","n/e","n/e","0","46","152","40"
"BZN|DK2","30.07.2018 22:00 - 30.07.2018 23:00 (CET/CEST)","3","n/e","n/e","48","277","9","n/e","n/e","n/e","n/e","n/e","n/e","n/e","n/e","n/e","n/e","n/e","0","48","183","53"
"BZN|DK2","30.07.2018 23:00 - 31.07.2018 00:00 (CET/CEST)","3","n/e","n/e","26","244","9","n/e","n/e","n/e","n/e","n/e","n/e","n/e","n/e","n/e","n/e","n/e","0","47","195","73"
"BZN|DK2","31.07.2018 00:00 - 31.07.2018 01:00 (CET/CEST)","3","n/e","n/e","26","180","9","n/e","n/e","n/e","n/e","n/e","n/e","n/e","n/e","n/e","n/e","n/e","0","47","192","111"
"BZN|DK2","31.07.2018 01:00 - 31.07.2018 02:00 (CET/CEST)","3","n/e","n/e","23","171","8","n/e","n/e","n/e","n/e","n/e","n/e","n/e","n/e","n/e","n/e","n/e","0","47","165","111"
"BZN|DK2","31.07.2018 02:00 - 31.07.2018 03:00 (CET/CEST)","3","n/e","n/e","19","165","6","n/e","n/e","n/e","n/e","n/e","n/e","n/e","n/e","n/e","n/e","n/e","0","47","126","106"
"BZN|DK2","31.07.2018 03:00 - 31.07.2018 04:00 (CET/CEST)","3","n/e","n/e","19","165","6","n/e","n/e","n/e","n/e","n/e","n/e","n/e","n/e","n/e","n/e","n/e","0","46","121","121"
"BZN|DK2","31.07.2018 04:00 - 31.07.2018 05:00 (CET/CEST)","3","n/e","n/e","22","169","8","n/e","n/e","n/e","n/e","n/e","n/e","n/e","n/e","n/e","n/e","n/e","0","47","115","129"
"BZN|DK2","31.07.2018 05:00 - 31.07.2018 06:00 (CET/CEST)","3","n/e","n/e","23","171","8","n/e","n/e","n/e","n/e","n/e","n/e","n/e","n/e","n/e","n/e","n/e","2","46","111","143"
"BZN|DK2","31.07.2018 06:00 - 31.07.2018 07:00 (CET/CEST)","8","n/e","n/e","23","197","8","n/e","n/e","n/e","n/e","n/e","n/e","n/e","n/e","n/e","n/e","n/e","14","48","112","138"
"BZN|DK2","31.07.2018 07:00 - 31.07.2018 08:00 (CET/CEST)","15","n/e","n/e","25","271","8","n/e","n/e","n/e","n/e","n/e","n/e","n/e","n/e","n/e","n/e","n/e","41","48","104","116"
"BZN|DK2","31.07.2018 08:00 - 31.07.2018 09:00 (CET/CEST)","16","n/e","n/e","26","276","9","n/e","n/e","n/e","n/e","n/e","n/e","n/e","n/e","n/e","n/e","n/e","85","53","86","104"
"BZN|DK2","31.07.2018 09:00 - 31.07.2018 10:00 (CET/CEST)","16","n/e","n/e","23","270","8","n/e","n/e","n/e","n/e","n/e","n/e","n/e","n/e","n/e","n/e","n/e","134","54","88","112"
"BZN|DK2","31.07.2018 10:00 - 31.07.2018 11:00 (CET/CEST)","16","n/e","n/e","35","270","8","n/e","n/e","n/e","n/e","n/e","n/e","n/e","n/e","n/e","n/e","n/e","174","54","112","145"
"BZN|DK2","31.07.2018 11:00 - 31.07.2018 12:00 (CET/CEST)","16","n/e","n/e","34","266","9","n/e","n/e","n/e","n/e","n/e","n/e","n/e","n/e","n/e","n/e","n/e","194","55","152","180"
"BZN|DK2","31.07.2018 12:00 - 31.07.2018 13:00 (CET/CEST)","16","n/e","n/e","21","176","7","n/e","n/e","n/e","n/e","n/e","n/e","n/e","n/e","n/e","n/e","n/e","215","54","168","234"
"BZN|DK2","31.07.2018 13:00 - 31.07.2018 14:00 (CET/CEST)","10","n/e","n/e","24","170","8","n/e","n/e","n/e","n/e","n/e","n/e","n/e","n/e","n/e","n/e","n/e","222","50","166","282"
"BZN|DK2","31.07.2018 14:00 - 31.07.2018 15:00 (CET/CEST)","7","n/e","n/e","26","173","9","n/e","n/e","n/e","n/e","n/e","n/e","n/e","n/e","n/e","n/e","n/e","205","48","193","291"
"BZN|DK2","31.07.2018 15:00 - 31.07.2018 16:00 (CET/CEST)","3","n/e","n/e","27","175","9","n/e","n/e","n/e","n/e","n/e","n/e","n/e","n/e","n/e","n/e","n/e","164","49","224","274"
"BZN|DK2","31.07.2018 16:00 - 31.07.2018 17:00 (CET/CEST)","3","n/e","n/e","28","187","9","n/e","n/e","n/e","n/e","n/e","n/e","n/e","n/e","n/e","n/e","n/e","111","50","233","253"
"BZN|DK2","31.07.2018 17:00 - 31.07.2018 18:00 (CET/CEST)","3","n/e","n/e","26","228","9","n/e","n/e","n/e","n/e","n/e","n/e","n/e","n/e","n/e","n/e","n/e","68","50","215","241"
"BZN|DK2","31.07.2018 18:00 - 31.07.2018 19:00 (CET/CEST)","3","n/e","n/e","28","268","9","n/e","n/e","n/e","n/e","n/e","n/e","n/e","n/e","n/e","n/e","n/e","48","50","67","168"
"BZN|DK2","31.07.2018 19:00 - 31.07.2018 20:00 (CET/CEST)","3","n/e","n/e","28","280","9","n/e","n/e","n/e","n/e","n/e","n/e","n/e","n/e","n/e","n/e","n/e","30","50","17","88"
"BZN|DK2","31.07.2018 20:00 - 31.07.2018 21:00 (CET/CEST)","3","n/e","n/e","28","279","9","n/e","n/e","n/e","n/e","n/e","n/e","n/e","n/e","n/e","n/e","n/e","9","50","6","73"
"BZN|DK2","31.07.2018 21:00 - 31.07.2018 22:00 (CET/CEST)","3","n/e","n/e","28","280","9","n/e","n/e","n/e","n/e","n/e","n/e","n/e","n/e","n/e","n/e","n/e","0","50","36","72"
"BZN|DK2","31.07.2018 22:00 - 31.07.2018 23:00 (CET/CEST)","3","n/e","n/e","26","260","9","n/e","n/e","n/e","n/e","n/e","n/e","n/e","n/e","n/e","n/e","n/e","0","50","103","82"
"BZN|DK2","31.07.2018 23:00 - 01.08.2018 00:00 (CET/CEST)","3","n/e","n/e","26","175","9","n/e","n/e","n/e","n/e","n/e","n/e","n/e","n/e","n/e","n/e","n/e","0","49","107","61"
"BZN|DK2","01.08.2018 00:00 - 01.08.2018 01:00 (CET/CEST)","3","n/e","n/e","25","175","9","n/e","n/e","n/e","n/e","n/e","n/e","n/e","n/e","n/e","n/e","n/e","0","50","96","48"
"BZN|DK2","01.08.2018 01:00 - 01.08.2018 02:00 (CET/CEST)","3","n/e","n/e","27","180","9","n/e","n/e","n/e","n/e","n/e","n/e","n/e","n/e","n/e","n/e","n/e","0","50","135","43"
"BZN|DK2","01.08.2018 02:00 - 01.08.2018 03:00 (CET/CEST)","3","n/e","n/e","28","180","9","n/e","n/e","n/e","n/e","n/e","n/e","n/e","n/e","n/e","n/e","n/e","0","50","122","47"
"BZN|DK2","01.08.2018 03:00 - 01.08.2018 04:00 (CET/CEST)","4","n/e","n/e","31","184","10","n/e","n/e","n/e","n/e","n/e","n/e","n/e","n/e","n/e","n/e","n/e","0","52","63","52"
"BZN|DK2","01.08.2018 04:00 - 01.08.2018 05:00 (CET/CEST)","3","n/e","n/e","30","180","10","n/e","n/e","n/e","n/e","n/e","n/e","n/e","n/e","n/e","n/e","n/e","0","52","43","43"
"BZN|DK2","01.08.2018 05:00 - 01.08.2018 06:00 (CET/CEST)","4","n/e","n/e","29","178","10","n/e","n/e","n/e","n/e","n/e","n/e","n/e","n/e","n/e","n/e","n/e","1","52","34","36"
"BZN|DK2","01.08.2018 06:00 - 01.08.2018 07:00 (CET/CEST)","9","n/e","n/e","31","179","10","n/e","n/e","n/e","n/e","n/e","n/e","n/e","n/e","n/e","n/e","n/e","8","54","39","35"
"BZN|DK2","01.08.2018 07:00 - 01.08.2018 08:00 (CET/CEST)","12","n/e","n/e","33","207","11","n/e","n/e","n/e","n/e","n/e","n/e","n/e","n/e","n/e","n/e","n/e","19","58","50","39"
"BZN|DK2","01.08.2018 08:00 - 01.08.2018 09:00 (CET/CEST)","12","n/e","n/e","38","287","12","n/e","n/e","n/e","n/e","n/e","n/e","n/e","n/e","n/e","n/e","n/e","39","58","38","56"
"BZN|DK2","01.08.2018 09:00 - 01.08.2018 10:00 (CET/CEST)","12","n/e","n/e","61","289","12","n/e","n/e","n/e","n/e","n/e","n/e","n/e","n/e","n/e","n/e","n/e","61","59","33","48"
"BZN|DK2","01.08.2018 10:00 - 01.08.2018 11:00 (CET/CEST)","15","n/e","n/e","36","276","12","n/e","n/e","n/e","n/e","n/e","n/e","n/e","n/e","n/e","n/e","n/e","96","58","15","45"
"BZN|DK2","01.08.2018 11:00 - 01.08.2018 12:00 (CET/CEST)","19","n/e","n/e","36","194","11","n/e","n/e","n/e","n/e","n/e","n/e","n/e","n/e","n/e","n/e","n/e","128","54","11","41"
"BZN|DK2","01.08.2018 12:00 - 01.08.2018 13:00 (CET/CEST)","20","n/e","n/e","56","197","11","n/e","n/e","n/e","n/e","n/e","n/e","n/e","n/e","n/e","n/e","n/e","167","52","19","32"
"BZN|DK2","01.08.2018 13:00 - 01.08.2018 14:00 (CET/CEST)","13","n/e","n/e","76","187","11","n/e","n/e","n/e","n/e","n/e","n/e","n/e","n/e","n/e","n/e","n/e","196","50","33","19"
"BZN|DK2","01.08.2018 14:00 - 01.08.2018 15:00 (CET/CEST)","11","n/e","n/e","86","187","11","n/e","n/e","n/e","n/e","n/e","n/e","n/e","n/e","n/e","n/e","n/e","207","51","47","17"
"BZN|DK2","01.08.2018 15:00 - 01.08.2018 16:00 (CET/CEST)","7","n/e","n/e","87","202","23","n/e","n/e","n/e","n/e","n/e","n/e","n/e","n/e","n/e","n/e","n/e","192","51","56","28"
"BZN|DK2","01.08.2018 16:00 - 01.08.2018 17:00 (CET/CEST)","7","n/e","n/e","85","285","24","n/e","n/e","n/e","n/e","n/e","n/e","n/e","n/e","n/e","n/e","n/e","158","50","65","37"
"BZN|DK2","01.08.2018 17:00 - 01.08.2018 18:00 (CET/CEST)","7","n/e","n/e","84","288","11","n/e","n/e","n/e","n/e","n/e","n/e","n/e","n/e","n/e","n/e","n/e","112","51","66","34"
"BZN|DK2","01.08.2018 18:00 - 01.08.2018 19:00 (CET/CEST)","6","n/e","n/e","83","283","11","n/e","n/e","n/e","n/e","n/e","n/e","n/e","n/e","n/e","n/e","n/e","63","50","41","32"
"BZN|DK2","01.08.2018 19:00 - 01.08.2018 20:00 (CET/CEST)","6","n/e","n/e","80","281","23","n/e","n/e","n/e","n/e","n/e","n/e","n/e","n/e","n/e","n/e","n/e","25","50","21","22"
"BZN|DK2","01.08.2018 20:00 - 01.08.2018 21:00 (CET/CEST)","7","n/e","n/e","47","280","18","n/e","n/e","n/e","n/e","n/e","n/e","n/e","n/e","n/e","n/e","n/e","6","50","5","11"
"BZN|DK2","01.08.2018 21:00 - 01.08.2018 22:00 (CET/CEST)","7","n/e","n/e","50","282","21","n/e","n/e","n/e","n/e","n/e","n/e","n/e","n/e","n/e","n/e","n/e","0","52","0","6"
"BZN|DK2","01.08.2018 22:00 - 01.08.2018 23:00 (CET/CEST)","6","n/e","n/e","47","279","21","n/e","n/e","n/e","n/e","n/e","n/e","n/e","n/e","n/e","n/e","n/e","0","51","0","5"
"BZN|DK2","01.08.2018 23:00 - 02.08.2018 00:00 (CET/CEST)","6","n/e","n/e","44","272","10","n/e","n/e","n/e","n/e","n/e","n/e","n/e","n/e","n/e","n/e","n/e","0","51","0","5"
"BZN|DK2","02.08.2018 00:00 - 02.08.2018 01:00 (CET/CEST)","6","n/e","n/e","27","214","9","n/e","n/e","n/e","n/e","n/e","n/e","n/e","n/e","n/e","n/e","n/e","0","51","0","5"
"BZN|DK2","02.08.2018 01:00 - 02.08.2018 02:00 (CET/CEST)","6","n/e","n/e","26","175","9","n/e","n/e","n/e","n/e","n/e","n/e","n/e","n/e","n/e","n/e","n/e","0","50","0","9"
"BZN|DK2","02.08.2018 02:00 - 02.08.2018 03:00 (CET/CEST)","7","n/e","n/e","26","172","9","n/e","n/e","n/e","n/e","n/e","n/e","n/e","n/e","n/e","n/e","n/e","0","50","1","10"
"BZN|DK2","02.08.2018 03:00 - 02.08.2018 04:00 (CET/CEST)","6","n/e","n/e","26","175","9","n/e","n/e","n/e","n/e","n/e","n/e","n/e","n/e","n/e","n/e","n/e","0","50","2","13"
"BZN|DK2","02.08.2018 04:00 - 02.08.2018 05:00 (CET/CEST)","6","n/e","n/e","27","175","9","n/e","n/e","n/e","n/e","n/e","n/e","n/e","n/e","n/e","n/e","n/e","0","49","3","7"
"BZN|DK2","02.08.2018 05:00 - 02.08.2018 06:00 (CET/CEST)","6","n/e","n/e","27","174","9","n/e","n/e","n/e","n/e","n/e","n/e","n/e","n/e","n/e","n/e","n/e","1","49","1","7"
"BZN|DK2","02.08.2018 06:00 - 02.08.2018 07:00 (CET/CEST)","7","n/e","n/e","27","191","9","n/e","n/e","n/e","n/e","n/e","n/e","n/e","n/e","n/e","n/e","n/e","10","50","0","5"
"BZN|DK2","02.08.2018 07:00 - 02.08.2018 08:00 (CET/CEST)","11","n/e","n/e","29","271","10","n/e","n/e","n/e","n/e","n/e","n/e","n/e","n/e","n/e","n/e","n/e","35","54","0","4"
"BZN|DK2","02.08.2018 08:00 - 02.08.2018 09:00 (CET/CEST)","14","n/e","n/e","34","282","11","n/e","n/e","n/e","n/e","n/e","n/e","n/e","n/e","n/e","n/e","n/e","86","52","1","4"
"BZN|DK2","02.08.2018 09:00 - 02.08.2018 10:00 (CET/CEST)","12","n/e","n/e","36","281","11","n/e","n/e","n/e","n/e","n/e","n/e","n/e","n/e","n/e","n/e","n/e","137","55","0","9"
"BZN|DK2","02.08.2018 10:00 - 02.08.2018 11:00 (CET/CEST)","17","n/e","n/e","33","278","11","n/e","n/e","n/e","n/e","n/e","n/e","n/e","n/e","n/e","n/e","n/e","171","54","2","13"
"BZN|DK2","02.08.2018 11:00 - 02.08.2018 12:00 (CET/CEST)","17","n/e","n/e","28","274","19","n/e","n/e","n/e","n/e","n/e","n/e","n/e","n/e","n/e","n/e","n/e","185","54","1","20"
"BZN|DK2","02.08.2018 12:00 - 02.08.2018 13:00 (CET/CEST)","16","n/e","n/e","27","273","9","n/e","n/e","n/e","n/e","n/e","n/e","n/e","n/e","n/e","n/e","n/e","185","53","11","32"
"BZN|DK2","02.08.2018 13:00 - 02.08.2018 14:00 (CET/CEST)","10","n/e","n/e","27","274","9","n/e","n/e","n/e","n/e","n/e","n/e","n/e","n/e","n/e","n/e","n/e","210","48","16","42"
"BZN|DK2","02.08.2018 14:00 - 02.08.2018 15:00 (CET/CEST)","7","n/e","n/e","26","274","9","n/e","n/e","n/e","n/e","n/e","n/e","n/e","n/e","n/e","n/e","n/e","208","48","15","55"
"BZN|DK2","02.08.2018 15:00 - 02.08.2018 16:00 (CET/CEST)","3","n/e","n/e","27","274","9","n/e","n/e","n/e","n/e","n/e","n/e","n/e","n/e","n/e","n/e","n/e","193","51","30","72"
"BZN|DK2","02.08.2018 16:00 - 02.08.2018 17:00 (CET/CEST)","3","n/e","n/e","29","275","10","n/e","n/e","n/e","n/e","n/e","n/e","n/e","n/e","n/e","n/e","n/e","173","51","21","61"
"BZN|DK2","02.08.2018 17:00 - 02.08.2018 18:00 (CET/CEST)","3","n/e","n/e","28","273","9","n/e","n/e","n/e","n/e","n/e","n/e","n/e","n/e","n/e","n/e","n/e","130","50","13","51"
"BZN|DK2","02.08.2018 18:00 - 02.08.2018 19:00 (CET/CEST)","3","n/e","n/e","27","271","9","n/e","n/e","n/e","n/e","n/e","n/e","n/e","n/e","n/e","n/e","n/e","73","50","6","45"
"BZN|DK2","02.08.2018 19:00 - 02.08.2018 20:00 (CET/CEST)","3","n/e","n/e","28","271","9","n/e","n/e","n/e","n/e","n/e","n/e","n/e","n/e","n/e","n/e","n/e","31","50","6","28"
"BZN|DK2","02.08.2018 20:00 - 02.08.2018 21:00 (CET/CEST)","3","n/e","n/e","53","273","9","n/e","n/e","n/e","n/e","n/e","n/e","n/e","n/e","n/e","n/e","n/e","8","51","1","15"
"BZN|DK2","02.08.2018 21:00 - 02.08.2018 22:00 (CET/CEST)","3","n/e","n/e","37","271","9","n/e","n/e","n/e","n/e","n/e","n/e","n/e","n/e","n/e","n/e","n/e","0","50","0","10"
"BZN|DK2","02.08.2018 22:00 - 02.08.2018 23:00 (CET/CEST)","3","n/e","n/e","26","253","9","n/e","n/e","n/e","n/e","n/e","n/e","n/e","n/e","n/e","n/e","n/e","0","51","0","10"
"BZN|DK2","02.08.2018 23:00 - 03.08.2018 00:00 (CET/CEST)","3","n/e","n/e","26","173","9","n/e","n/e","n/e","n/e","n/e","n/e","n/e","n/e","n/e","n/e","n/e","0","50","0","12"
"BZN|DK2","03.08.2018 00:00 - 03.08.2018 01:00 (CET/CEST)","3","n/e","n/e","25","171","9","n/e","n/e","n/e","n/e","n/e","n/e","n/e","n/e","n/e","n/e","n/e","0","50","0","16"
"BZN|DK2","03.08.2018 01:00 - 03.08.2018 02:00 (CET/CEST)","3","n/e","n/e","25","177","9","n/e","n/e","n/e","n/e","n/e","n/e","n/e","n/e","n/e","n/e","n/e","0","50","0","15"
"BZN|DK2","03.08.2018 02:00 - 03.08.2018 03:00 (CET/CEST)","3","n/e","n/e","25","170","8","n/e","n/e","n/e","n/e","n/e","n/e","n/e","n/e","n/e","n/e","n/e","0","50","3","17"
"BZN|DK2","03.08.2018 03:00 - 03.08.2018 04:00 (CET/CEST)","3","n/e","n/e","25","180","8","n/e","n/e","n/e","n/e","n/e","n/e","n/e","n/e","n/e","n/e","n/e","0","50","8","16"
"BZN|DK2","03.08.2018 04:00 - 03.08.2018 05:00 (CET/CEST)","3","n/e","n/e","26","172","9","n/e","n/e","n/e","n/e","n/e","n/e","n/e","n/e","n/e","n/e","n/e","0","50","1","11"
"BZN|DK2","03.08.2018 05:00 - 03.08.2018 06:00 (CET/CEST)","3","n/e","n/e","27","171","9","n/e","n/e","n/e","n/e","n/e","n/e","n/e","n/e","n/e","n/e","n/e","1","51","0","7"
"BZN|DK2","03.08.2018 06:00 - 03.08.2018 07:00 (CET/CEST)","3","n/e","n/e","46","229","7","n/e","n/e","n/e","n/e","n/e","n/e","n/e","n/e","n/e","n/e","n/e","11","50","0","6"
"BZN|DK2","03.08.2018 07:00 - 03.08.2018 08:00 (CET/CEST)","11","n/e","n/e","23","257","7","n/e","n/e","n/e","n/e","n/e","n/e","n/e","n/e","n/e","n/e","n/e","42","51","0","4"
"BZN|DK2","03.08.2018 08:00 - 03.08.2018 09:00 (CET/CEST)","13","n/e","n/e","25","268","8","n/e","n/e","n/e","n/e","n/e","n/e","n/e","n/e","n/e","n/e","n/e","88","51","0","4"
"BZN|DK2","03.08.2018 09:00 - 03.08.2018 10:00 (CET/CEST)","13","n/e","n/e","25","220","8","n/e","n/e","n/e","n/e","n/e","n/e","n/e","n/e","n/e","n/e","n/e","138","51","0","6"
"BZN|DK2","03.08.2018 10:00 - 03.08.2018 11:00 (CET/CEST)","16","n/e","n/e","24","210","8","n/e","n/e","n/e","n/e","n/e","n/e","n/e","n/e","n/e","n/e","n/e","180","50","0","14"
"BZN|DK2","03.08.2018 11:00 - 03.08.2018 12:00 (CET/CEST)","16","n/e","n/e","21","178","7","n/e","n/e","n/e","n/e","n/e","n/e","n/e","n/e","n/e","n/e","n/e","207","50","0","24"
"BZN|DK2","03.08.2018 12:00 - 03.08.2018 13:00 (CET/CEST)","16","n/e","n/e","20","162","7","n/e","n/e","n/e","n/e","n/e","n/e","n/e","n/e","n/e","n/e","n/e","220","50","1","31"
"BZN|DK2","03.08.2018 13:00 - 03.08.2018 14:00 (CET/CEST)","14","n/e","n/e","20","161","7","n/e","n/e","n/e","n/e","n/e","n/e","n/e","n/e","n/e","n/e","n/e","227","52","2","35"
"BZN|DK2","03.08.2018 14:00 - 03.08.2018 15:00 (CET/CEST)","4","n/e","n/e","20","172","7","n/e","n/e","n/e","n/e","n/e","n/e","n/e","n/e","n/e","n/e","n/e","221","51","1","33"
"BZN|DK2","03.08.2018 15:00 - 03.08.2018 16:00 (CET/CEST)","3","n/e","n/e","22","184","7","n/e","n/e","n/e","n/e","n/e","n/e","n/e","n/e","n/e","n/e","n/e","201","53","1","33"
"BZN|DK2","03.08.2018 16:00 - 03.08.2018 17:00 (CET/CEST)","3","n/e","n/e","26","201","9","n/e","n/e","n/e","n/e","n/e","n/e","n/e","n/e","n/e","n/e","n/e","168","54","0","32"
"BZN|DK2","03.08.2018 17:00 - 03.08.2018 18:00 (CET/CEST)","3","n/e","n/e","27","196","9","n/e","n/e","n/e","n/e","n/e","n/e","n/e","n/e","n/e","n/e","n/e","124","53","1","29"
"BZN|DK2","03.08.2018 18:00 - 03.08.2018 19:00 (CET/CEST)","3","n/e","n/e","27","188","9","n/e","n/e","n/e","n/e","n/e","n/e","n/e","n/e","n/e","n/e","n/e","71","53","1","28"
"BZN|DK2","03.08.2018 19:00 - 03.08.2018 20:00 (CET/CEST)","3","n/e","n/e","42","265","9","n/e","n/e","n/e","n/e","n/e","n/e","n/e","n/e","n/e","n/e","n/e","29","55","1","24"
"BZN|DK2","03.08.2018 20:00 - 03.08.2018 21:00 (CET/CEST)","3","n/e","n/e","54","286","9","n/e","n/e","n/e","n/e","n/e","n/e","n/e","n/e","n/e","n/e","n/e","7","54","1","19"
"BZN|DK2","03.08.2018 21:00 - 03.08.2018 22:00 (CET/CEST)","3","n/e","n/e","53","288","9","n/e","n/e","n/e","n/e","n/e","n/e","n/e","n/e","n/e","n/e","n/e","0","55","0","16"
"BZN|DK2","03.08.2018 22:00 - 03.08.2018 23:00 (CET/CEST)","3","n/e","n/e","52","290","9","n/e","n/e","n/e","n/e","n/e","n/e","n/e","n/e","n/e","n/e","n/e","0","54","0","24"
"BZN|DK2","03.08.2018 23:00 - 04.08.2018 00:00 (CET/CEST)","3","n/e","n/e","52","277","9","n/e","n/e","n/e","n/e","n/e","n/e","n/e","n/e","n/e","n/e","n/e","0","52","8","42"
"BZN|DK2","04.08.2018 00:00 - 04.08.2018 01:00 (CET/CEST)","3","n/e","n/e","52","262","9","n/e","n/e","n/e","n/e","n/e","n/e","n/e","n/e","n/e","n/e","n/e","0","49","37","55"
"BZN|DK2","04.08.2018 01:00 - 04.08.2018 02:00 (CET/CEST)","3","n/e","n/e","47","221","9","n/e","n/e","n/e","n/e","n/e","n/e","n/e","n/e","n/e","n/e","n/e","0","48","30","42"
"BZN|DK2","04.08.2018 02:00 - 04.08.2018 03:00 (CET/CEST)","3","n/e","n/e","30","189","10","n/e","n/e","n/e","n/e","n/e","n/e","n/e","n/e","n/e","n/e","n/e","0","43","44","53"
"BZN|DK2","04.08.2018 03:00 - 04.08.2018 04:00 (CET/CEST)","3","n/e","n/e","30","189","10","n/e","n/e","n/e","n/e","n/e","n/e","n/e","n/e","n/e","n/e","n/e","0","42","86","64"
"BZN|DK2","04.08.2018 04:00 - 04.08.2018 05:00 (CET/CEST)","3","n/e","n/e","27","184","9","n/e","n/e","n/e","n/e","n/e","n/e","n/e","n/e","n/e","n/e","n/e","0","51","72","58"
"BZN|DK2","04.08.2018 05:00 - 04.08.2018 06:00 (CET/CEST)","3","n/e","n/e","26","185","9","n/e","n/e","n/e","n/e","n/e","n/e","n/e","n/e","n/e","n/e","n/e","1","54","47","47"
"BZN|DK2","04.08.2018 06:00 - 04.08.2018 07:00 (CET/CEST)","3","n/e","n/e","26","185","9","n/e","n/e","n/e","n/e","n/e","n/e","n/e","n/e","n/e","n/e","n/e","10","53","20","36"
"BZN|DK2","04.08.2018 07:00 - 04.08.2018 08:00 (CET/CEST)","5","n/e","n/e","26","190","9","n/e","n/e","n/e","n/e","n/e","n/e","n/e","n/e","n/e","n/e","n/e","34","55","7","30"
"BZN|DK2","04.08.2018 08:00 - 04.08.2018 09:00 (CET/CEST)","9","n/e","n/e","27","190","9","n/e","n/e","n/e","n/e","n/e","n/e","n/e","n/e","n/e","n/e","n/e","68","53","4","41"
"BZN|DK2","04.08.2018 09:00 - 04.08.2018 10:00 (CET/CEST)","14","n/e","n/e","28","187","9","n/e","n/e","n/e","n/e","n/e","n/e","n/e","n/e","n/e","n/e","n/e","104","55","16","63"
"BZN|DK2","04.08.2018 10:00 - 04.08.2018 11:00 (CET/CEST)","17","n/e","n/e","27","191","9","n/e","n/e","n/e","n/e","n/e","n/e","n/e","n/e","n/e","n/e","n/e","156","56","32","70"
"BZN|DK2","04.08.2018 11:00 - 04.08.2018 12:00 (CET/CEST)","16","n/e","n/e","27","190","9","n/e","n/e","n/e","n/e","n/e","n/e","n/e","n/e","n/e","n/e","n/e","186","53","16","71"
"BZN|DK2","04.08.2018 12:00 - 04.08.2018 13:00 (CET/CEST)","15","n/e","n/e","27","185","9","n/e","n/e","n/e","n/e","n/e","n/e","n/e","n/e","n/e","n/e","n/e","179","57","49","118"
"BZN|DK2","04.08.2018 13:00 - 04.08.2018 14:00 (CET/CEST)","11","n/e","n/e","25","183","8","n/e","n/e","n/e","n/e","n/e","n/e","n/e","n/e","n/e","n/e","n/e","182","54","79","129"
"BZN|DK2","04.08.2018 14:00 - 04.08.2018 15:00 (CET/CEST)","11","n/e","n/e","26","189","9","n/e","n/e","n/e","n/e","n/e","n/e","n/e","n/e","n/e","n/e","n/e","189","53","106","110"
"BZN|DK2","04.08.2018 15:00 - 04.08.2018 16:00 (CET/CEST)","5","n/e","n/e","26","189","9","n/e","n/e","n/e","n/e","n/e","n/e","n/e","n/e","n/e","n/e","n/e","196","54","90","118"
"BZN|DK2","04.08.2018 16:00 - 04.08.2018 17:00 (CET/CEST)","3","n/e","n/e","26","189","9","n/e","n/e","n/e","n/e","n/e","n/e","n/e","n/e","n/e","n/e","n/e","157","56","59","128"
"BZN|DK2","04.08.2018 17:00 - 04.08.2018 18:00 (CET/CEST)","3","n/e","n/e","26","204","9","n/e","n/e","n/e","n/e","n/e","n/e","n/e","n/e","n/e","n/e","n/e","103","55","51","149"
"BZN|DK2","04.08.2018 18:00 - 04.08.2018 19:00 (CET/CEST)","3","n/e","n/e","26","277","8","n/e","n/e","n/e","n/e","n/e","n/e","n/e","n/e","n/e","n/e","n/e","53","54","90","149"
"BZN|DK2","04.08.2018 19:00 - 04.08.2018 20:00 (CET/CEST)","3","n/e","n/e","26","230","9","n/e","n/e","n/e","n/e","n/e","n/e","n/e","n/e","n/e","n/e","n/e","25","54","138","178"
"BZN|DK2","04.08.2018 20:00 - 04.08.2018 21:00 (CET/CEST)","3","n/e","n/e","26","206","9","n/e","n/e","n/e","n/e","n/e","n/e","n/e","n/e","n/e","n/e","n/e","8","54","153","193"
"BZN|DK2","04.08.2018 21:00 - 04.08.2018 22:00 (CET/CEST)","3","n/e","n/e","26","210","9","n/e","n/e","n/e","n/e","n/e","n/e","n/e","n/e","n/e","n/e","n/e","0","55","238","216"
"BZN|DK2","04.08.2018 22:00 - 04.08.2018 23:00 (CET/CEST)","3","n/e","n/e","26","215","8","n/e","n/e","n/e","n/e","n/e","n/e","n/e","n/e","n/e","n/e","n/e","0","55","189","202"
"BZN|DK2","04.08.2018 23:00 - 05.08.2018 00:00 (CET/CEST)","3","n/e","n/e","26","242","9","n/e","n/e","n/e","n/e","n/e","n/e","n/e","n/e","n/e","n/e","n/e","0","55","243","202"
"BZN|DK2","05.08.2018 00:00 - 05.08.2018 01:00 (CET/CEST)","3","n/e","n/e","27","192","9","n/e","n/e","n/e","n/e","n/e","n/e","n/e","n/e","n/e","n/e","n/e","0","50","179","209"
"BZN|DK2","05.08.2018 01:00 - 05.08.2018 02:00 (CET/CEST)","3","n/e","n/e","30","198","10","n/e","n/e","n/e","n/e","n/e","n/e","n/e","n/e","n/e","n/e","n/e","0","41","179","236"
"BZN|DK2","05.08.2018 02:00 - 05.08.2018 03:00 (CET/CEST)","3","n/e","n/e","31","191","10","n/e","n/e","n/e","n/e","n/e","n/e","n/e","n/e","n/e","n/e","n/e","0","42","228","256"
"BZN|DK2","05.08.2018 03:00 - 05.08.2018 04:00 (CET/CEST)","3","n/e","n/e","30","192","10","n/e","n/e","n/e","n/e","n/e","n/e","n/e","n/e","n/e","n/e","n/e","0","41","185","286"
"BZN|DK2","05.08.2018 04:00 - 05.08.2018 05:00 (CET/CEST)","3","n/e","n/e","30","196","10","n/e","n/e","n/e","n/e","n/e","n/e","n/e","n/e","n/e","n/e","n/e","0","41","181","322"
"BZN|DK2","05.08.2018 05:00 - 05.08.2018 06:00 (CET/CEST)","3","n/e","n/e","28","192","9","n/e","n/e","n/e","n/e","n/e","n/e","n/e","n/e","n/e","n/e","n/e","0","50","259","324"
"BZN|DK2","05.08.2018 06:00 - 05.08.2018 07:00 (CET/CEST)","3","n/e","n/e","27","194","9","n/e","n/e","n/e","n/e","n/e","n/e","n/e","n/e","n/e","n/e","n/e","6","56","209","302"
"BZN|DK2","05.08.2018 07:00 - 05.08.2018 08:00 (CET/CEST)","6","n/e","n/e","26","188","9","n/e","n/e","n/e","n/e","n/e","n/e","n/e","n/e","n/e","n/e","n/e","25","56","191","317"
"BZN|DK2","05.08.2018 08:00 - 05.08.2018 09:00 (CET/CEST)","8","n/e","n/e","26","187","9","n/e","n/e","n/e","n/e","n/e","n/e","n/e","n/e","n/e","n/e","n/e","68","58","197","357"
"BZN|DK2","05.08.2018 09:00 - 05.08.2018 10:00 (CET/CEST)","8","n/e","n/e","26","186","8","n/e","n/e","n/e","n/e","n/e","n/e","n/e","n/e","n/e","n/e","n/e","94","58","202","352"
"BZN|DK2","05.08.2018 10:00 - 05.08.2018 11:00 (CET/CEST)","8","n/e","n/e","26","191","9","n/e","n/e","n/e","n/e","n/e","n/e","n/e","n/e","n/e","n/e","n/e","106","59","166","334"
"BZN|DK2","05.08.2018 11:00 - 05.08.2018 12:00 (CET/CEST)","8","n/e","n/e","26","192","9","n/e","n/e","n/e","n/e","n/e","n/e","n/e","n/e","n/e","n/e","n/e","134","57","133","337"
"BZN|DK2","05.08.2018 12:00 - 05.08.2018 13:00 (CET/CEST)","8","n/e","n/e","26","187","9","n/e","n/e","n/e","n/e","n/e","n/e","n/e","n/e","n/e","n/e","n/e","146","57","223","377"
"BZN|DK2","05.08.2018 13:00 - 05.08.2018 14:00 (CET/CEST)","7","n/e","n/e","26","189","9","n/e","n/e","n/e","n/e","n/e","n/e","n/e","n/e","n/e","n/e","n/e","167","57","272","403"
"BZN|DK2","05.08.2018 14:00 - 05.08.2018 15:00 (CET/CEST)","3","n/e","n/e","26","186","9","n/e","n/e","n/e","n/e","n/e","n/e","n/e","n/e","n/e","n/e","n/e","136","56","272","438"
"BZN|DK2","05.08.2018 15:00 - 05.08.2018 16:00 (CET/CEST)","3","n/e","n/e","26","189","9","n/e","n/e","n/e","n/e","n/e","n/e","n/e","n/e","n/e","n/e","n/e","117","55","310","465"
"BZN|DK2","05.08.2018 16:00 - 05.08.2018 17:00 (CET/CEST)","3","n/e","n/e","26","192","8","n/e","n/e","n/e","n/e","n/e","n/e","n/e","n/e","n/e","n/e","n/e","118","57","319","443"
"BZN|DK2","05.08.2018 17:00 - 05.08.2018 18:00 (CET/CEST)","3","n/e","n/e","25","186","8","n/e","n/e","n/e","n/e","n/e","n/e","n/e","n/e","n/e","n/e","n/e","87","56","327","442"
"BZN|DK2","05.08.2018 18:00 - 05.08.2018 19:00 (CET/CEST)","3","n/e","n/e","27","192","9","n/e","n/e","n/e","n/e","n/e","n/e","n/e","n/e","n/e","n/e","n/e","53","57","298","387"
"BZN|DK2","05.08.2018 19:00 - 05.08.2018 20:00 (CET/CEST)","3","n/e","n/e","27","191","9","n/e","n/e","n/e","n/e","n/e","n/e","n/e","n/e","n/e","n/e","n/e","23","55","308","354"
"BZN|DK2","05.08.2018 20:00 - 05.08.2018 21:00 (CET/CEST)","3","n/e","n/e","27","202","9","n/e","n/e","n/e","n/e","n/e","n/e","n/e","n/e","n/e","n/e","n/e","5","55","275","318"
"BZN|DK2","05.08.2018 21:00 - 05.08.2018 22:00 (CET/CEST)","3","n/e","n/e","27","216","9","n/e","n/e","n/e","n/e","n/e","n/e","n/e","n/e","n/e","n/e","n/e","0","56","219","247"
"BZN|DK2","05.08.2018 22:00 - 05.08.2018 23:00 (CET/CEST)","3","n/e","n/e","26","194","8","n/e","n/e","n/e","n/e","n/e","n/e","n/e","n/e","n/e","n/e","n/e","0","56","197","226"
"BZN|DK2","05.08.2018 23:00 - 06.08.2018 00:00 (CET/CEST)","3","n/e","n/e","25","178","8","n/e","n/e","n/e","n/e","n/e","n/e","n/e","n/e","n/e","n/e","n/e","0","56","176","197"
"BZN|DK2","06.08.2018 00:00 - 06.08.2018 01:00 (CET/CEST)","3","n/e","n/e","25","184","8","n/e","n/e","n/e","n/e","n/e","n/e","n/e","n/e","n/e","n/e","n/e","0","56","159","158"
"BZN|DK2","06.08.2018 01:00 - 06.08.2018 02:00 (CET/CEST)","3","n/e","n/e","25","183","8","n/e","n/e","n/e","n/e","n/e","n/e","n/e","n/e","n/e","n/e","n/e","0","57","116","136"
"BZN|DK2","06.08.2018 02:00 - 06.08.2018 03:00 (CET/CEST)","3","n/e","n/e","26","187","8","n/e","n/e","n/e","n/e","n/e","n/e","n/e","n/e","n/e","n/e","n/e","0","56","111","152"
"BZN|DK2","06.08.2018 03:00 - 06.08.2018 04:00 (CET/CEST)","3","n/e","n/e","26","188","8","n/e","n/e","n/e","n/e","n/e","n/e","n/e","n/e","n/e","n/e","n/e","0","58","84","136"
"BZN|DK2","06.08.2018 04:00 - 06.08.2018 05:00 (CET/CEST)","3","n/e","n/e","26","187","8","n/e","n/e","n/e","n/e","n/e","n/e","n/e","n/e","n/e","n/e","n/e","0","56","55","130"
"BZN|DK2","06.08.2018 05:00 - 06.08.2018 06:00 (CET/CEST)","3","n/e","n/e","25","185","8","n/e","n/e","n/e","n/e","n/e","n/e","n/e","n/e","n/e","n/e","n/e","1","57","43","115"
"BZN|DK2","06.08.2018 06:00 - 06.08.2018 07:00 (CET/CEST)","4","n/e","n/e","28","199","9","n/e","n/e","n/e","n/e","n/e","n/e","n/e","n/e","n/e","n/e","n/e","12","60","33","93"
"BZN|DK2","06.08.2018 07:00 - 06.08.2018 08:00 (CET/CEST)","9","n/e","n/e","30","195","10","n/e","n/e","n/e","n/e","n/e","n/e","n/e","n/e","n/e","n/e","n/e","38","64","33","67"
"BZN|DK2","06.08.2018 08:00 - 06.08.2018 09:00 (CET/CEST)","15","n/e","n/e","29","257","10","n/e","n/e","n/e","n/e","n/e","n/e","n/e","n/e","n/e","n/e","n/e","77","65","28","87"
"BZN|DK2","06.08.2018 09:00 - 06.08.2018 10:00 (CET/CEST)","16","n/e","n/e","29","206","10","n/e","n/e","n/e","n/e","n/e","n/e","n/e","n/e","n/e","n/e","n/e","111","65","21","93"
"BZN|DK2","06.08.2018 10:00 - 06.08.2018 11:00 (CET/CEST)","16","n/e","n/e","29","198","10","n/e","n/e","n/e","n/e","n/e","n/e","n/e","n/e","n/e","n/e","n/e","147","64","20","80"
"BZN|DK2","06.08.2018 11:00 - 06.08.2018 12:00 (CET/CEST)","16","n/e","n/e","29","209","9","n/e","n/e","n/e","n/e","n/e","n/e","n/e","n/e","n/e","n/e","n/e","180","64","7","63"
"BZN|DK2","06.08.2018 12:00 - 06.08.2018 13:00 (CET/CEST)","16","n/e","n/e","29","200","9","n/e","n/e","n/e","n/e","n/e","n/e","n/e","n/e","n/e","n/e","n/e","215","64","4","73"
"BZN|DK2","06.08.2018 13:00 - 06.08.2018 14:00 (CET/CEST)","16","n/e","n/e","29","250","9","n/e","n/e","n/e","n/e","n/e","n/e","n/e","n/e","n/e","n/e","n/e","219","64","5","92"
"BZN|DK2","06.08.2018 14:00 - 06.08.2018 15:00 (CET/CEST)","15","n/e","n/e","27","272","9","n/e","n/e","n/e","n/e","n/e","n/e","n/e","n/e","n/e","n/e","n/e","204","63","5","98"
"BZN|DK2","06.08.2018 15:00 - 06.08.2018 16:00 (CET/CEST)","12","n/e","n/e","26","271","9","n/e","n/e","n/e","n/e","n/e","n/e","n/e","n/e","n/e","n/e","n/e","184","63","2","91"
"BZN|DK2","06.08.2018 16:00 - 06.08.2018 17:00 (CET/CEST)","11","n/e","n/e","26","272","9","n/e","n/e","n/e","n/e","n/e","n/e","n/e","n/e","n/e","n/e","n/e","141","64","2","89"
"BZN|DK2","06.08.2018 17:00 - 06.08.2018 18:00 (CET/CEST)","5","n/e","n/e","28","271","9","n/e","n/e","n/e","n/e","n/e","n/e","n/e","n/e","n/e","n/e","n/e","87","64","2","70"
"BZN|DK2","06.08.2018 18:00 - 06.08.2018 19:00 (CET/CEST)","3","n/e","n/e","30","266","10","n/e","n/e","n/e","n/e","n/e","n/e","n/e","n/e","n/e","n/e","n/e","42","64","3","54"
"BZN|DK2","06.08.2018 19:00 - 06.08.2018 20:00 (CET/CEST)","3","n/e","n/e","31","296","10","n/e","n/e","n/e","n/e","n/e","n/e","n/e","n/e","n/e","n/e","n/e","17","65","0","29"
"BZN|DK2","06.08.2018 20:00 - 06.08.2018 21:00 (CET/CEST)","3","n/e","n/e","32","298","10","n/e","n/e","n/e","n/e","n/e","n/e","n/e","n/e","n/e","n/e","n/e","4","64","0","17"
"BZN|DK2","06.08.2018 21:00 - 06.08.2018 22:00 (CET/CEST)","3","n/e","n/e","51","295","9","n/e","n/e","n/e","n/e","n/e","n/e","n/e","n/e","n/e","n/e","n/e","0","63","2","17"
"BZN|DK2","06.08.2018 22:00 - 06.08.2018 23:00 (CET/CEST)","3","n/e","n/e","51","290","9","n/e","n/e","n/e","n/e","n/e","n/e","n/e","n/e","n/e","n/e","n/e","0","60","16","16"
"BZN|DK2","06.08.2018 23:00 - 07.08.2018 00:00 (CET/CEST)","3","n/e","n/e","38","263","8","n/e","n/e","n/e","n/e","n/e","n/e","n/e","n/e","n/e","n/e","n/e","0","59","47","13"
"BZN|DK2","07.08.2018 00:00 - 07.08.2018 01:00 (CET/CEST)","3","n/e","n/e","48","267","9","n/e","n/e","n/e","n/e","n/e","n/e","n/e","n/e","n/e","n/e","n/e","0","57","48","11"
"BZN|DK2","07.08.2018 01:00 - 07.08.2018 02:00 (CET/CEST)","3","n/e","n/e","42","250","9","n/e","n/e","n/e","n/e","n/e","n/e","n/e","n/e","n/e","n/e","n/e","0","58","18","15"
"BZN|DK2","07.08.2018 02:00 - 07.08.2018 03:00 (CET/CEST)","3","n/e","n/e","26","188","8","n/e","n/e","n/e","n/e","n/e","n/e","n/e","n/e","n/e","n/e","n/e","0","58","7","27"
"BZN|DK2","07.08.2018 03:00 - 07.08.2018 04:00 (CET/CEST)","3","n/e","n/e","26","181","8","n/e","n/e","n/e","n/e","n/e","n/e","n/e","n/e","n/e","n/e","n/e","0","58","5","32"
"BZN|DK2","07.08.2018 04:00 - 07.08.2018 05:00 (CET/CEST)","3","n/e","n/e","26","183","9","n/e","n/e","n/e","n/e","n/e","n/e","n/e","n/e","n/e","n/e","n/e","0","57","6","39"
"BZN|DK2","07.08.2018 05:00 - 07.08.2018 06:00 (CET/CEST)","4","n/e","n/e","25","180","8","n/e","n/e","n/e","n/e","n/e","n/e","n/e","n/e","n/e","n/e","n/e","1","58","7","30"
"BZN|DK2","07.08.2018 06:00 - 07.08.2018 07:00 (CET/CEST)","8","n/e","n/e","26","206","9","n/e","n/e","n/e","n/e","n/e","n/e","n/e","n/e","n/e","n/e","n/e","12","58","14","32"
"BZN|DK2","07.08.2018 07:00 - 07.08.2018 08:00 (CET/CEST)","12","n/e","n/e","27","275","9","n/e","n/e","n/e","n/e","n/e","n/e","n/e","n/e","n/e","n/e","n/e","34","59","20","31"
"BZN|DK2","07.08.2018 08:00 - 07.08.2018 09:00 (CET/CEST)","14","n/e","n/e","28","281","9","n/e","n/e","n/e","n/e","n/e","n/e","n/e","n/e","n/e","n/e","n/e","71","60","17","23"
"BZN|DK2","07.08.2018 09:00 - 07.08.2018 10:00 (CET/CEST)","16","n/e","n/e","29","281","9","n/e","n/e","n/e","n/e","n/e","n/e","n/e","n/e","n/e","n/e","n/e","113","60","14","27"
"BZN|DK2","07.08.2018 10:00 - 07.08.2018 11:00 (CET/CEST)","16","n/e","n/e","20","247","7","n/e","n/e","n/e","n/e","n/e","n/e","n/e","n/e","n/e","n/e","n/e","158","60","15","36"
"BZN|DK2","07.08.2018 11:00 - 07.08.2018 12:00 (CET/CEST)","16","n/e","n/e","19","207","7","n/e","n/e","n/e","n/e","n/e","n/e","n/e","n/e","n/e","n/e","n/e","198","59","23","54"
"BZN|DK2","07.08.2018 12:00 - 07.08.2018 13:00 (CET/CEST)","16","n/e","n/e","20","211","7","n/e","n/e","n/e","n/e","n/e","n/e","n/e","n/e","n/e","n/e","n/e","226","57","26","79"
"BZN|DK2","07.08.2018 13:00 - 07.08.2018 14:00 (CET/CEST)","16","n/e","n/e","19","210","7","n/e","n/e","n/e","n/e","n/e","n/e","n/e","n/e","n/e","n/e","n/e","233","55","24","124"
"BZN|DK2","07.08.2018 14:00 - 07.08.2018 15:00 (CET/CEST)","16","n/e","n/e","19","210","7","n/e","n/e","n/e","n/e","n/e","n/e","n/e","n/e","n/e","n/e","n/e","224","55","36","149"
"BZN|DK2","07.08.2018 15:00 - 07.08.2018 16:00 (CET/CEST)","12","n/e","n/e","18","208","6","n/e","n/e","n/e","n/e","n/e","n/e","n/e","n/e","n/e","n/e","n/e","207","54","51","157"
"BZN|DK2","07.08.2018 16:00 - 07.08.2018 17:00 (CET/CEST)","4","n/e","n/e","18","205","6","n/e","n/e","n/e","n/e","n/e","n/e","n/e","n/e","n/e","n/e","n/e","174","56","103","149"
"BZN|DK2","07.08.2018 17:00 - 07.08.2018 18:00 (CET/CEST)","3","n/e","n/e","19","207","7","n/e","n/e","n/e","n/e","n/e","n/e","n/e","n/e","n/e","n/e","n/e","123","57","166","145"
"BZN|DK2","07.08.2018 18:00 - 07.08.2018 19:00 (CET/CEST)","3","n/e","n/e","23","212","8","n/e","n/e","n/e","n/e","n/e","n/e","n/e","n/e","n/e","n/e","n/e","68","56","176","164"
"BZN|DK2","07.08.2018 19:00 - 07.08.2018 20:00 (CET/CEST)","3","n/e","n/e","24","265","8","n/e","n/e","n/e","n/e","n/e","n/e","n/e","n/e","n/e","n/e","n/e","28","56","186","157"
"BZN|DK2","07.08.2018 20:00 - 07.08.2018 21:00 (CET/CEST)","3","n/e","n/e","50","282","8","n/e","n/e","n/e","n/e","n/e","n/e","n/e","n/e","n/e","n/e","n/e","6","56","229","158"
"BZN|DK2","07.08.2018 21:00 - 07.08.2018 22:00 (CET/CEST)","3","n/e","n/e","47","271","7","n/e","n/e","n/e","n/e","n/e","n/e","n/e","n/e","n/e","n/e","n/e","0","55","274","181"
"BZN|DK2","07.08.2018 22:00 - 07.08.2018 23:00 (CET/CEST)","3","n/e","n/e","31","225","7","n/e","n/e","n/e","n/e","n/e","n/e","n/e","n/e","n/e","n/e","n/e","0","55","279","184"
"BZN|DK2","07.08.2018 23:00 - 08.08.2018 00:00 (CET/CEST)","3","n/e","n/e","18","170","6","n/e","n/e","n/e","n/e","n/e","n/e","n/e","n/e","n/e","n/e","n/e","0","54","282","177"
"BZN|DK2","08.08.2018 00:00 - 08.08.2018 01:00 (CET/CEST)","3","n/e","n/e","18","163","6","n/e","n/e","n/e","n/e","n/e","n/e","n/e","n/e","n/e","n/e","n/e","0","55","294","178"
"BZN|DK2","08.08.2018 01:00 - 08.08.2018 02:00 (CET/CEST)","3","n/e","n/e","18","162","6","n/e","n/e","n/e","n/e","n/e","n/e","n/e","n/e","n/e","n/e","n/e","0","54","282","198"
"BZN|DK2","08.08.2018 02:00 - 08.08.2018 03:00 (CET/CEST)","3","n/e","n/e","18","167","6","n/e","n/e","n/e","n/e","n/e","n/e","n/e","n/e","n/e","n/e","n/e","0","54","291","234"
"BZN|DK2","08.08.2018 03:00 - 08.08.2018 04:00 (CET/CEST)","3","n/e","n/e","18","169","6","n/e","n/e","n/e","n/e","n/e","n/e","n/e","n/e","n/e","n/e","n/e","0","54","251","234"
"BZN|DK2","08.08.2018 04:00 - 08.08.2018 05:00 (CET/CEST)","3","n/e","n/e","18","168","6","n/e","n/e","n/e","n/e","n/e","n/e","n/e","n/e","n/e","n/e","n/e","0","55","220","217"
"BZN|DK2","08.08.2018 05:00 - 08.08.2018 06:00 (CET/CEST)","3","n/e","n/e","19","168","6","n/e","n/e","n/e","n/e","n/e","n/e","n/e","n/e","n/e","n/e","n/e","1","54","215","236"
"BZN|DK2","08.08.2018 06:00 - 08.08.2018 07:00 (CET/CEST)","3","n/e","n/e","20","171","7","n/e","n/e","n/e","n/e","n/e","n/e","n/e","n/e","n/e","n/e","n/e","12","55","149","218"
"BZN|DK2","08.08.2018 07:00 - 08.08.2018 08:00 (CET/CEST)","3","n/e","n/e","24","182","8","n/e","n/e","n/e","n/e","n/e","n/e","n/e","n/e","n/e","n/e","n/e","36","54","144","170"
"BZN|DK2","08.08.2018 08:00 - 08.08.2018 09:00 (CET/CEST)","6","n/e","n/e","48","207","8","n/e","n/e","n/e","n/e","n/e","n/e","n/e","n/e","n/e","n/e","n/e","76","55","106","168"
"BZN|DK2","08.08.2018 09:00 - 08.08.2018 10:00 (CET/CEST)","8","n/e","n/e","52","268","19","n/e","n/e","n/e","n/e","n/e","n/e","n/e","n/e","n/e","n/e","n/e","118","55","59","141"
"BZN|DK2","08.08.2018 10:00 - 08.08.2018 11:00 (CET/CEST)","10","n/e","n/e","51","260","23","n/e","n/e","n/e","n/e","n/e","n/e","n/e","n/e","n/e","n/e","n/e","151","54","46","105"
"BZN|DK2","08.08.2018 11:00 - 08.08.2018 12:00 (CET/CEST)","11","n/e","n/e","21","203","7","n/e","n/e","n/e","n/e","n/e","n/e","n/e","n/e","n/e","n/e","n/e","154","53","23","96"
"BZN|DK2","08.08.2018 12:00 - 08.08.2018 13:00 (CET/CEST)","12","n/e","n/e","21","179","7","n/e","n/e","n/e","n/e","n/e","n/e","n/e","n/e","n/e","n/e","n/e","175","51","7","68"
"BZN|DK2","08.08.2018 13:00 - 08.08.2018 14:00 (CET/CEST)","11","n/e","n/e","22","172","8","n/e","n/e","n/e","n/e","n/e","n/e","n/e","n/e","n/e","n/e","n/e","186","50","6","66"
"BZN|DK2","08.08.2018 14:00 - 08.08.2018 15:00 (CET/CEST)","10","n/e","n/e","21","163","7","n/e","n/e","n/e","n/e","n/e","n/e","n/e","n/e","n/e","n/e","n/e","145","50","7","68"
"BZN|DK2","08.08.2018 15:00 - 08.08.2018 16:00 (CET/CEST)","7","n/e","n/e","20","167","7","n/e","n/e","n/e","n/e","n/e","n/e","n/e","n/e","n/e","n/e","n/e","93","56","30","100"
"BZN|DK2","08.08.2018 16:00 - 08.08.2018 17:00 (CET/CEST)","6","n/e","n/e","19","161","6","n/e","n/e","n/e","n/e","n/e","n/e","n/e","n/e","n/e","n/e","n/e","73","56","76","111"
"BZN|DK2","08.08.2018 17:00 - 08.08.2018 18:00 (CET/CEST)","6","n/e","n/e","19","171","7","n/e","n/e","n/e","n/e","n/e","n/e","n/e","n/e","n/e","n/e","n/e","83","55","44","68"
"BZN|DK2","08.08.2018 18:00 - 08.08.2018 19:00 (CET/CEST)","7","n/e","n/e","19","171","7","n/e","n/e","n/e","n/e","n/e","n/e","n/e","n/e","n/e","n/e","n/e","56","55","13","76"
"BZN|DK2","08.08.2018 19:00 - 08.08.2018 20:00 (CET/CEST)","7","n/e","n/e","19","152","7","n/e","n/e","n/e","n/e","n/e","n/e","n/e","n/e","n/e","n/e","n/e","29","56","116","227"
"BZN|DK2","08.08.2018 20:00 - 08.08.2018 21:00 (CET/CEST)","6","n/e","n/e","18","160","6","n/e","n/e","n/e","n/e","n/e","n/e","n/e","n/e","n/e","n/e","n/e","9","59","247","245"
"BZN|DK2","08.08.2018 21:00 - 08.08.2018 22:00 (CET/CEST)","6","n/e","n/e","18","155","6","n/e","n/e","n/e","n/e","n/e","n/e","n/e","n/e","n/e","n/e","n/e","0","60","256","230"
"BZN|DK2","08.08.2018 22:00 - 08.08.2018 23:00 (CET/CEST)","6","n/e","n/e","18","163","6","n/e","n/e","n/e","n/e","n/e","n/e","n/e","n/e","n/e","n/e","n/e","0","60","207","212"
"BZN|DK2","08.08.2018 23:00 - 09.08.2018 00:00 (CET/CEST)","6","n/e","n/e","18","162","6","n/e","n/e","n/e","n/e","n/e","n/e","n/e","n/e","n/e","n/e","n/e","0","60","172","194"
"BZN|DK2","09.08.2018 00:00 - 09.08.2018 01:00 (CET/CEST)","7","n/e","n/e","18","170","6","n/e","n/e","n/e","n/e","n/e","n/e","n/e","n/e","n/e","n/e","n/e","0","59","176","148"
"BZN|DK2","09.08.2018 01:00 - 09.08.2018 02:00 (CET/CEST)","6","n/e","n/e","18","169","6","n/e","n/e","n/e","n/e","n/e","n/e","n/e","n/e","n/e","n/e","n/e","0","62","135","91"
"BZN|DK2","09.08.2018 02:00 - 09.08.2018 03:00 (CET/CEST)","7","n/e","n/e","17","169","6","n/e","n/e","n/e","n/e","n/e","n/e","n/e","n/e","n/e","n/e","n/e","0","62","50","58"
"BZN|DK2","09.08.2018 03:00 - 09.08.2018 04:00 (CET/CEST)","6","n/e","n/e","18","172","6","n/e","n/e","n/e","n/e","n/e","n/e","n/e","n/e","n/e","n/e","n/e","0","62","16","33"
"BZN|DK2","09.08.2018 04:00 - 09.08.2018 05:00 (CET/CEST)","6","n/e","n/e","18","170","6","n/e","n/e","n/e","n/e","n/e","n/e","n/e","n/e","n/e","n/e","n/e","0","61","4","33"
"BZN|DK2","09.08.2018 05:00 - 09.08.2018 06:00 (CET/CEST)","6","n/e","n/e","18","166","6","n/e","n/e","n/e","n/e","n/e","n/e","n/e","n/e","n/e","n/e","n/e","0","62","3","20"
"BZN|DK2","09.08.2018 06:00 - 09.08.2018 07:00 (CET/CEST)","6","n/e","n/e","18","190","6","n/e","n/e","n/e","n/e","n/e","n/e","n/e","n/e","n/e","n/e","n/e","10","60","1","11"
"BZN|DK2","09.08.2018 07:00 - 09.08.2018 08:00 (CET/CEST)","6","n/e","n/e","22","283","7","n/e","n/e","n/e","n/e","n/e","n/e","n/e","n/e","n/e","n/e","n/e","37","60","2","7"
"BZN|DK2","09.08.2018 08:00 - 09.08.2018 09:00 (CET/CEST)","10","n/e","n/e","23","287","8","n/e","n/e","n/e","n/e","n/e","n/e","n/e","n/e","n/e","n/e","n/e","78","60","0","3"
"BZN|DK2","09.08.2018 09:00 - 09.08.2018 10:00 (CET/CEST)","18","n/e","n/e","25","282","24","n/e","n/e","n/e","n/e","n/e","n/e","n/e","n/e","n/e","n/e","n/e","126","61","0","5"
"BZN|DK2","09.08.2018 10:00 - 09.08.2018 11:00 (CET/CEST)","19","n/e","n/e","22","285","7","n/e","n/e","n/e","n/e","n/e","n/e","n/e","n/e","n/e","n/e","n/e","162","60","0","8"
"BZN|DK2","09.08.2018 11:00 - 09.08.2018 12:00 (CET/CEST)","18","n/e","n/e","20","282","20","n/e","n/e","n/e","n/e","n/e","n/e","n/e","n/e","n/e","n/e","n/e","189","60","0","6"
"BZN|DK2","09.08.2018 12:00 - 09.08.2018 13:00 (CET/CEST)","16","n/e","n/e","20","283","11","n/e","n/e","n/e","n/e","n/e","n/e","n/e","n/e","n/e","n/e","n/e","207","60","0","8"
"BZN|DK2","09.08.2018 13:00 - 09.08.2018 14:00 (CET/CEST)","16","n/e","n/e","20","284","7","n/e","n/e","n/e","n/e","n/e","n/e","n/e","n/e","n/e","n/e","n/e","215","59","1","13"
"BZN|DK2","09.08.2018 14:00 - 09.08.2018 15:00 (CET/CEST)","8","n/e","n/e","20","210","7","n/e","n/e","n/e","n/e","n/e","n/e","n/e","n/e","n/e","n/e","n/e","210","59","5","22"
"BZN|DK2","09.08.2018 15:00 - 09.08.2018 16:00 (CET/CEST)","3","n/e","n/e","20","170","7","n/e","n/e","n/e","n/e","n/e","n/e","n/e","n/e","n/e","n/e","n/e","184","59","30","27"
"BZN|DK2","09.08.2018 16:00 - 09.08.2018 17:00 (CET/CEST)","3","n/e","n/e","19","167","7","n/e","n/e","n/e","n/e","n/e","n/e","n/e","n/e","n/e","n/e","n/e","156","60","102","55"
"BZN|DK2","09.08.2018 17:00 - 09.08.2018 18:00 (CET/CEST)","3","n/e","n/e","20","172","7","n/e","n/e","n/e","n/e","n/e","n/e","n/e","n/e","n/e","n/e","n/e","96","59","234","100"
"BZN|DK2","09.08.2018 18:00 - 09.08.2018 19:00 (CET/CEST)","3","n/e","n/e","20","169","7","n/e","n/e","n/e","n/e","n/e","n/e","n/e","n/e","n/e","n/e","n/e","54","60","350","223"
"BZN|DK2","09.08.2018 19:00 - 09.08.2018 20:00 (CET/CEST)","3","n/e","n/e","20","168","7","n/e","n/e","n/e","n/e","n/e","n/e","n/e","n/e","n/e","n/e","n/e","23","60","340","270"
"BZN|DK2","09.08.2018 20:00 - 09.08.2018 21:00 (CET/CEST)","3","n/e","n/e","19","167","6","n/e","n/e","n/e","n/e","n/e","n/e","n/e","n/e","n/e","n/e","n/e","2","61","326","304"
"BZN|DK2","09.08.2018 21:00 - 09.08.2018 22:00 (CET/CEST)","3","n/e","n/e","19","168","6","n/e","n/e","n/e","n/e","n/e","n/e","n/e","n/e","n/e","n/e","n/e","0","61","168","356"
"BZN|DK2","09.08.2018 22:00 - 09.08.2018 23:00 (CET/CEST)","3","n/e","n/e","18","168","6","n/e","n/e","n/e","n/e","n/e","n/e","n/e","n/e","n/e","n/e","n/e","0","60","37","308"
"BZN|DK2","09.08.2018 23:00 - 10.08.2018 00:00 (CET/CEST)","3","n/e","n/e","18","165","6","n/e","n/e","n/e","n/e","n/e","n/e","n/e","n/e","n/e","n/e","n/e","0","59","67","307"
"BZN|DK2","10.08.2018 00:00 - 10.08.2018 01:00 (CET/CEST)","3","n/e","n/e","18","170","6","n/e","n/e","n/e","n/e","n/e","n/e","n/e","n/e","n/e","n/e","n/e","0","60","187","276"
"BZN|DK2","10.08.2018 01:00 - 10.08.2018 02:00 (CET/CEST)","3","n/e","n/e","18","169","6","n/e","n/e","n/e","n/e","n/e","n/e","n/e","n/e","n/e","n/e","n/e","0","59","302","307"
"BZN|DK2","10.08.2018 02:00 - 10.08.2018 03:00 (CET/CEST)","3","n/e","n/e","18","171","6","n/e","n/e","n/e","n/e","n/e","n/e","n/e","n/e","n/e","n/e","n/e","0","59","343","365"
"BZN|DK2","10.08.2018 03:00 - 10.08.2018 04:00 (CET/CEST)","3","n/e","n/e","18","172","6","n/e","n/e","n/e","n/e","n/e","n/e","n/e","n/e","n/e","n/e","n/e","0","60","329","490"
"BZN|DK2","10.08.2018 04:00 - 10.08.2018 05:00 (CET/CEST)","3","n/e","n/e","17","169","6","n/e","n/e","n/e","n/e","n/e","n/e","n/e","n/e","n/e","n/e","n/e","0","61","322","548"
"BZN|DK2","10.08.2018 05:00 - 10.08.2018 06:00 (CET/CEST)","3","n/e","n/e","18","167","6","n/e","n/e","n/e","n/e","n/e","n/e","n/e","n/e","n/e","n/e","n/e","0","60","330","573"
"BZN|DK2","10.08.2018 06:00 - 10.08.2018 07:00 (CET/CEST)","3","n/e","n/e","19","169","6","n/e","n/e","n/e","n/e","n/e","n/e","n/e","n/e","n/e","n/e","n/e","8","62","342","608"
"BZN|DK2","10.08.2018 07:00 - 10.08.2018 08:00 (CET/CEST)","7","n/e","n/e","20","175","7","n/e","n/e","n/e","n/e","n/e","n/e","n/e","n/e","n/e","n/e","n/e","25","64","357","600"
"BZN|DK2","10.08.2018 08:00 - 10.08.2018 09:00 (CET/CEST)","12","n/e","n/e","21","170","7","n/e","n/e","n/e","n/e","n/e","n/e","n/e","n/e","n/e","n/e","n/e","63","64","348","588"
"BZN|DK2","10.08.2018 09:00 - 10.08.2018 10:00 (CET/CEST)","16","n/e","n/e","21","170","7","n/e","n/e","n/e","n/e","n/e","n/e","n/e","n/e","n/e","n/e","n/e","104","63","341","590"
"BZN|DK2","10.08.2018 10:00 - 10.08.2018 11:00 (CET/CEST)","16","n/e","n/e","20","169","7","n/e","n/e","n/e","n/e","n/e","n/e","n/e","n/e","n/e","n/e","n/e","140","64","333","606"
"BZN|DK2","10.08.2018 11:00 - 10.08.2018 12:00 (CET/CEST)","16","n/e","n/e","20","169","7","n/e","n/e","n/e","n/e","n/e","n/e","n/e","n/e","n/e","n/e","n/e","142","63","329","605"
"BZN|DK2","10.08.2018 12:00 - 10.08.2018 13:00 (CET/CEST)","16","n/e","n/e","21","174","7","n/e","n/e","n/e","n/e","n/e","n/e","n/e","n/e","n/e","n/e","n/e","162","64","332","594"
"BZN|DK2","10.08.2018 13:00 - 10.08.2018 14:00 (CET/CEST)","16","n/e","n/e","22","174","7","n/e","n/e","n/e","n/e","n/e","n/e","n/e","n/e","n/e","n/e","n/e","184","64","366","563"
"BZN|DK2","10.08.2018 14:00 - 10.08.2018 15:00 (CET/CEST)","13","n/e","n/e","17","161","24","n/e","n/e","n/e","n/e","n/e","n/e","n/e","n/e","n/e","n/e","n/e","179","63","352","564"
"BZN|DK2","10.08.2018 15:00 - 10.08.2018 16:00 (CET/CEST)","11","n/e","n/e","14","153","6","n/e","n/e","n/e","n/e","n/e","n/e","n/e","n/e","n/e","n/e","n/e","165","63","306","537"
"BZN|DK2","10.08.2018 16:00 - 10.08.2018 17:00 (CET/CEST)","11","n/e","n/e","17","158","6","n/e","n/e","n/e","n/e","n/e","n/e","n/e","n/e","n/e","n/e","n/e","141","64","248","491"
"BZN|DK2","10.08.2018 17:00 - 10.08.2018 18:00 (CET/CEST)","11","n/e","n/e","15","156","5","n/e","n/e","n/e","n/e","n/e","n/e","n/e","n/e","n/e","n/e","n/e","97","63","120","425"
"BZN|DK2","10.08.2018 18:00 - 10.08.2018 19:00 (CET/CEST)","11","n/e","n/e","17","158","6","n/e","n/e","n/e","n/e","n/e","n/e","n/e","n/e","n/e","n/e","n/e","56","64","72","357"
"BZN|DK2","10.08.2018 19:00 - 10.08.2018 20:00 (CET/CEST)","11","n/e","n/e","17","161","6","n/e","n/e","n/e","n/e","n/e","n/e","n/e","n/e","n/e","n/e","n/e","25","63","156","279"
"BZN|DK2","10.08.2018 20:00 - 10.08.2018 21:00 (CET/CEST)","11","n/e","n/e","18","164","6","n/e","n/e","n/e","n/e","n/e","n/e","n/e","n/e","n/e","n/e","n/e","4","63","93","226"
"BZN|DK2","10.08.2018 21:00 - 10.08.2018 22:00 (CET/CEST)","5","n/e","n/e","18","168","6","n/e","n/e","n/e","n/e","n/e","n/e","n/e","n/e","n/e","n/e","n/e","0","64","77","158"
"BZN|DK2","10.08.2018 22:00 - 10.08.2018 23:00 (CET/CEST)","3","n/e","n/e","18","168","6","n/e","n/e","n/e","n/e","n/e","n/e","n/e","n/e","n/e","n/e","n/e","0","64","49","112"
"BZN|DK2","10.08.2018 23:00 - 11.08.2018 00:00 (CET/CEST)","3","n/e","n/e","16","164","6","n/e","n/e","n/e","n/e","n/e","n/e","n/e","n/e","n/e","n/e","n/e","0","63","14","93"
"BZN|DK2","11.08.2018 00:00 - 11.08.2018 01:00 (CET/CEST)","3","n/e","n/e","16","164","6","n/e","n/e","n/e","n/e","n/e","n/e","n/e","n/e","n/e","n/e","n/e","0","62","17","77"
"BZN|DK2","11.08.2018 01:00 - 11.08.2018 02:00 (CET/CEST)","3","n/e","n/e","16","162","6","n/e","n/e","n/e","n/e","n/e","n/e","n/e","n/e","n/e","n/e","n/e","0","62","45","84"
"BZN|DK2","11.08.2018 02:00 - 11.08.2018 03:00 (CET/CEST)","3","n/e","n/e","16","165","6","n/e","n/e","n/e","n/e","n/e","n/e","n/e","n/e","n/e","n/e","n/e","0","61","131","134"
"BZN|DK2","11.08.2018 03:00 - 11.08.2018 04:00 (CET/CEST)","3","n/e","n/e","16","169","6","n/e","n/e","n/e","n/e","n/e","n/e","n/e","n/e","n/e","n/e","n/e","0","62","188","198"
"BZN|DK2","11.08.2018 04:00 - 11.08.2018 05:00 (CET/CEST)","3","n/e","n/e","16","167","6","n/e","n/e","n/e","n/e","n/e","n/e","n/e","n/e","n/e","n/e","n/e","0","62","192","215"
"BZN|DK2","11.08.2018 05:00 - 11.08.2018 06:00 (CET/CEST)","3","n/e","n/e","16","174","6","n/e","n/e","n/e","n/e","n/e","n/e","n/e","n/e","n/e","n/e","n/e","0","61","218","263"
"BZN|DK2","11.08.2018 06:00 - 11.08.2018 07:00 (CET/CEST)","3","n/e","n/e","16","170","6","n/e","n/e","n/e","n/e","n/e","n/e","n/e","n/e","n/e","n/e","n/e","8","61","243","293"
"BZN|DK2","11.08.2018 07:00 - 11.08.2018 08:00 (CET/CEST)","3","n/e","n/e","18","170","6","n/e","n/e","n/e","n/e","n/e","n/e","n/e","n/e","n/e","n/e","n/e","32","61","279","275"
"BZN|DK2","11.08.2018 08:00 - 11.08.2018 09:00 (CET/CEST)","6","n/e","n/e","18","166","6","n/e","n/e","n/e","n/e","n/e","n/e","n/e","n/e","n/e","n/e","n/e","53","61","282","336"
"BZN|DK2","11.08.2018 09:00 - 11.08.2018 10:00 (CET/CEST)","8","n/e","n/e","18","168","6","n/e","n/e","n/e","n/e","n/e","n/e","n/e","n/e","n/e","n/e","n/e","82","61","307","337"
"BZN|DK2","11.08.2018 10:00 - 11.08.2018 11:00 (CET/CEST)","8","n/e","n/e","18","171","6","n/e","n/e","n/e","n/e","n/e","n/e","n/e","n/e","n/e","n/e","n/e","109","61","304","319"
"BZN|DK2","11.08.2018 11:00 - 11.08.2018 12:00 (CET/CEST)","8","n/e","n/e","18","172","6","n/e","n/e","n/e","n/e","n/e","n/e","n/e","n/e","n/e","n/e","n/e","139","60","302","340"
"BZN|DK2","11.08.2018 12:00 - 11.08.2018 13:00 (CET/CEST)","7","n/e","n/e","17","171","6","n/e","n/e","n/e","n/e","n/e","n/e","n/e","n/e","n/e","n/e","n/e","137","59","289","382"
"BZN|DK2","11.08.2018 13:00 - 11.08.2018 14:00 (CET/CEST)","4","n/e","n/e","17","169","6","n/e","n/e","n/e","n/e","n/e","n/e","n/e","n/e","n/e","n/e","n/e","142","59","318","403"
"BZN|DK2","11.08.2018 14:00 - 11.08.2018 15:00 (CET/CEST)","3","n/e","n/e","17","167","6","n/e","n/e","n/e","n/e","n/e","n/e","n/e","n/e","n/e","n/e","n/e","151","60","362","420"
"BZN|DK2","11.08.2018 15:00 - 11.08.2018 16:00 (CET/CEST)","3","n/e","n/e","17","168","6","n/e","n/e","n/e","n/e","n/e","n/e","n/e","n/e","n/e","n/e","n/e","123","59","360","452"
"BZN|DK2","11.08.2018 16:00 - 11.08.2018 17:00 (CET/CEST)","3","n/e","n/e","17","175","6","n/e","n/e","n/e","n/e","n/e","n/e","n/e","n/e","n/e","n/e","n/e","88","59","341","415"
"BZN|DK2","11.08.2018 17:00 - 11.08.2018 18:00 (CET/CEST)","3","n/e","n/e","17","174","6","n/e","n/e","n/e","n/e","n/e","n/e","n/e","n/e","n/e","n/e","n/e","62","61","363","441"
"BZN|DK2","11.08.2018 18:00 - 11.08.2018 19:00 (CET/CEST)","3","n/e","n/e","17","172","6","n/e","n/e","n/e","n/e","n/e","n/e","n/e","n/e","n/e","n/e","n/e","35","64","347","454"
"BZN|DK2","11.08.2018 19:00 - 11.08.2018 20:00 (CET/CEST)","3","n/e","n/e","18","175","6","n/e","n/e","n/e","n/e","n/e","n/e","n/e","n/e","n/e","n/e","n/e","15","63","333","402"
"BZN|DK2","11.08.2018 20:00 - 11.08.2018 21:00 (CET/CEST)","3","n/e","n/e","18","171","6","n/e","n/e","n/e","n/e","n/e","n/e","n/e","n/e","n/e","n/e","n/e","3","63","342","387"
"BZN|DK2","11.08.2018 21:00 - 11.08.2018 22:00 (CET/CEST)","3","n/e","n/e","18","174","6","n/e","n/e","n/e","n/e","n/e","n/e","n/e","n/e","n/e","n/e","n/e","0","65","338","390"
"BZN|DK2","11.08.2018 22:00 - 11.08.2018 23:00 (CET/CEST)","3","n/e","n/e","17","164","6","n/e","n/e","n/e","n/e","n/e","n/e","n/e","n/e","n/e","n/e","n/e","0","66","336","424"
"BZN|DK2","11.08.2018 23:00 - 12.08.2018 00:00 (CET/CEST)","3","n/e","n/e","17","167","6","n/e","n/e","n/e","n/e","n/e","n/e","n/e","n/e","n/e","n/e","n/e","0","65","333","414"
"BZN|DK2","12.08.2018 00:00 - 12.08.2018 01:00 (CET/CEST)","3","n/e","n/e","17","175","6","n/e","n/e","n/e","n/e","n/e","n/e","n/e","n/e","n/e","n/e","n/e","0","64","331","392"
"BZN|DK2","12.08.2018 01:00 - 12.08.2018 02:00 (CET/CEST)","3","n/e","n/e","17","169","6","n/e","n/e","n/e","n/e","n/e","n/e","n/e","n/e","n/e","n/e","n/e","0","62","320","348"
"BZN|DK2","12.08.2018 02:00 - 12.08.2018 03:00 (CET/CEST)","3","n/e","n/e","17","169","6","n/e","n/e","n/e","n/e","n/e","n/e","n/e","n/e","n/e","n/e","n/e","0","62","309","305"
"BZN|DK2","12.08.2018 03:00 - 12.08.2018 04:00 (CET/CEST)","3","n/e","n/e","17","168","6","n/e","n/e","n/e","n/e","n/e","n/e","n/e","n/e","n/e","n/e","n/e","0","62","257","244"
"BZN|DK2","12.08.2018 04:00 - 12.08.2018 05:00 (CET/CEST)","3","n/e","n/e","17","173","6","n/e","n/e","n/e","n/e","n/e","n/e","n/e","n/e","n/e","n/e","n/e","0","63","189","211"
"BZN|DK2","12.08.2018 05:00 - 12.08.2018 06:00 (CET/CEST)","3","n/e","n/e","17","175","6","n/e","n/e","n/e","n/e","n/e","n/e","n/e","n/e","n/e","n/e","n/e","1","61","130","171"
"BZN|DK2","12.08.2018 06:00 - 12.08.2018 07:00 (CET/CEST)","3","n/e","n/e","17","170","6","n/e","n/e","n/e","n/e","n/e","n/e","n/e","n/e","n/e","n/e","n/e","12","61","131","154"
"BZN|DK2","12.08.2018 07:00 - 12.08.2018 08:00 (CET/CEST)","3","n/e","n/e","18","171","6","n/e","n/e","n/e","n/e","n/e","n/e","n/e","n/e","n/e","n/e","n/e","26","61","142","151"
"BZN|DK2","12.08.2018 08:00 - 12.08.2018 09:00 (CET/CEST)","4","n/e","n/e","18","176","6","n/e","n/e","n/e","n/e","n/e","n/e","n/e","n/e","n/e","n/e","n/e","53","61","178","170"
"BZN|DK2","12.08.2018 09:00 - 12.08.2018 10:00 (CET/CEST)","10","n/e","n/e","18","177","6","n/e","n/e","n/e","n/e","n/e","n/e","n/e","n/e","n/e","n/e","n/e","91","64","209","207"
"BZN|DK2","12.08.2018 10:00 - 12.08.2018 11:00 (CET/CEST)","14","n/e","n/e","18","177","6","n/e","n/e","n/e","n/e","n/e","n/e","n/e","n/e","n/e","n/e","n/e","116","65","170","221"
"BZN|DK2","12.08.2018 11:00 - 12.08.2018 12:00 (CET/CEST)","16","n/e","n/e","18","176","6","n/e","n/e","n/e","n/e","n/e","n/e","n/e","n/e","n/e","n/e","n/e","135","57","118","225"
"BZN|DK2","12.08.2018 12:00 - 12.08.2018 13:00 (CET/CEST)","14","n/e","n/e","19","174","6","n/e","n/e","n/e","n/e","n/e","n/e","n/e","n/e","n/e","n/e","n/e","133","51","87","203"
"BZN|DK2","12.08.2018 13:00 - 12.08.2018 14:00 (CET/CEST)","12","n/e","n/e","18","173","6","n/e","n/e","n/e","n/e","n/e","n/e","n/e","n/e","n/e","n/e","n/e","110","46","56","156"
"BZN|DK2","12.08.2018 14:00 - 12.08.2018 15:00 (CET/CEST)","11","n/e","n/e","18","173","6","n/e","n/e","n/e","n/e","n/e","n/e","n/e","n/e","n/e","n/e","n/e","82","46","37","120"
"BZN|DK2","12.08.2018 15:00 - 12.08.2018 16:00 (CET/CEST)","11","n/e","n/e","18","171","6","n/e","n/e","n/e","n/e","n/e","n/e","n/e","n/e","n/e","n/e","n/e","62","46","18","68"
"BZN|DK2","12.08.2018 16:00 - 12.08.2018 17:00 (CET/CEST)","11","n/e","n/e","17","173","6","n/e","n/e","n/e","n/e","n/e","n/e","n/e","n/e","n/e","n/e","n/e","48","46","62","67"
"BZN|DK2","12.08.2018 17:00 - 12.08.2018 18:00 (CET/CEST)","5","n/e","n/e","19","177","6","n/e","n/e","n/e","n/e","n/e","n/e","n/e","n/e","n/e","n/e","n/e","26","47","10","41"
"BZN|DK2","12.08.2018 18:00 - 12.08.2018 19:00 (CET/CEST)","3","n/e","n/e","30","179","6","n/e","n/e","n/e","n/e","n/e","n/e","n/e","n/e","n/e","n/e","n/e","13","47","0","15"
"BZN|DK2","12.08.2018 19:00 - 12.08.2018 20:00 (CET/CEST)","3","n/e","n/e","59","263","7","n/e","n/e","n/e","n/e","n/e","n/e","n/e","n/e","n/e","n/e","n/e","4","47","0","14"
"BZN|DK2","12.08.2018 20:00 - 12.08.2018 21:00 (CET/CEST)","3","n/e","n/e","61","268","7","n/e","n/e","n/e","n/e","n/e","n/e","n/e","n/e","n/e","n/e","n/e","0","47","2","18"
"BZN|DK2","12.08.2018 21:00 - 12.08.2018 22:00 (CET/CEST)","3","n/e","n/e","37","251","6","n/e","n/e","n/e","n/e","n/e","n/e","n/e","n/e","n/e","n/e","n/e","0","47","27","30"
"BZN|DK2","12.08.2018 22:00 - 12.08.2018 23:00 (CET/CEST)","3","n/e","n/e","38","263","7","n/e","n/e","n/e","n/e","n/e","n/e","n/e","n/e","n/e","n/e","n/e","0","47","26","46"
"BZN|DK2","12.08.2018 23:00 - 13.08.2018 00:00 (CET/CEST)","3","n/e","n/e","37","211","6","n/e","n/e","n/e","n/e","n/e","n/e","n/e","n/e","n/e","n/e","n/e","0","45","10","50"
"BZN|DK2","13.08.2018 00:00 - 13.08.2018 01:00 (CET/CEST)","3","n/e","n/e","36","164","6","n/e","n/e","n/e","n/e","n/e","n/e","n/e","n/e","n/e","n/e","n/e","0","44","5","56"
"BZN|DK2","13.08.2018 01:00 - 13.08.2018 02:00 (CET/CEST)","2","n/e","n/e","32","155","5","n/e","n/e","n/e","n/e","n/e","n/e","n/e","n/e","n/e","n/e","n/e","0","42","4","65"
"BZN|DK2","13.08.2018 02:00 - 13.08.2018 03:00 (CET/CEST)","2","n/e","n/e","32","155","5","n/e","n/e","n/e","n/e","n/e","n/e","n/e","n/e","n/e","n/e","n/e","0","42","16","88"
"BZN|DK2","13.08.2018 03:00 - 13.08.2018 04:00 (CET/CEST)","3","n/e","n/e","35","158","6","n/e","n/e","n/e","n/e","n/e","n/e","n/e","n/e","n/e","n/e","n/e","0","43","63","78"
"BZN|DK2","13.08.2018 04:00 - 13.08.2018 05:00 (CET/CEST)","3","n/e","n/e","35","163","6","n/e","n/e","n/e","n/e","n/e","n/e","n/e","n/e","n/e","n/e","n/e","0","43","64","83"
"BZN|DK2","13.08.2018 05:00 - 13.08.2018 06:00 (CET/CEST)","3","n/e","n/e","36","166","6","n/e","n/e","n/e","n/e","n/e","n/e","n/e","n/e","n/e","n/e","n/e","0","45","62","82"
"BZN|DK2","13.08.2018 06:00 - 13.08.2018 07:00 (CET/CEST)","3","n/e","n/e","47","234","7","n/e","n/e","n/e","n/e","n/e","n/e","n/e","n/e","n/e","n/e","n/e","3","47","48","83"
"BZN|DK2","13.08.2018 07:00 - 13.08.2018 08:00 (CET/CEST)","12","n/e","n/e","38","195","7","n/e","n/e","n/e","n/e","n/e","n/e","n/e","n/e","n/e","n/e","n/e","14","47","47","86"
"BZN|DK2","13.08.2018 08:00 - 13.08.2018 09:00 (CET/CEST)","16","n/e","n/e","40","250","8","n/e","n/e","n/e","n/e","n/e","n/e","n/e","n/e","n/e","n/e","n/e","29","48","35","75"
"BZN|DK2","13.08.2018 09:00 - 13.08.2018 10:00 (CET/CEST)","15","n/e","n/e","40","263","7","n/e","n/e","n/e","n/e","n/e","n/e","n/e","n/e","n/e","n/e","n/e","40","47","26","65"
"BZN|DK2","13.08.2018 10:00 - 13.08.2018 11:00 (CET/CEST)","15","n/e","n/e","41","225","7","n/e","n/e","n/e","n/e","n/e","n/e","n/e","n/e","n/e","n/e","n/e","53","47","22","51"
"BZN|DK2","13.08.2018 11:00 - 13.08.2018 12:00 (CET/CEST)","17","n/e","n/e","40","257","7","n/e","n/e","n/e","n/e","n/e","n/e","n/e","n/e","n/e","n/e","n/e","71","47","23","46"
"BZN|DK2","13.08.2018 12:00 - 13.08.2018 13:00 (CET/CEST)","16","n/e","n/e","45","293","7","n/e","n/e","n/e","n/e","n/e","n/e","n/e","n/e","n/e","n/e","n/e","102","46","40","48"
"BZN|DK2","13.08.2018 13:00 - 13.08.2018 14:00 (CET/CEST)","16","n/e","n/e","50","293","7","n/e","n/e","n/e","n/e","n/e","n/e","n/e","n/e","n/e","n/e","n/e","106","47","48","57"
"BZN|DK2","13.08.2018 14:00 - 13.08.2018 15:00 (CET/CEST)","16","n/e","n/e","36","287","6","n/e","n/e","n/e","n/e","n/e","n/e","n/e","n/e","n/e","n/e","n/e","58","46","75","74"
"BZN|DK2","13.08.2018 15:00 - 13.08.2018 16:00 (CET/CEST)","8","n/e","n/e","36","283","6","n/e","n/e","n/e","n/e","n/e","n/e","n/e","n/e","n/e","n/e","n/e","56","46","119","74"
"BZN|DK2","13.08.2018 16:00 - 13.08.2018 17:00 (CET/CEST)","4","n/e","n/e","36","283","6","n/e","n/e","n/e","n/e","n/e","n/e","n/e","n/e","n/e","n/e","n/e","39","47","170","95"
"BZN|DK2","13.08.2018 17:00 - 13.08.2018 18:00 (CET/CEST)","3","n/e","n/e","37","284","7","n/e","n/e","n/e","n/e","n/e","n/e","n/e","n/e","n/e","n/e","n/e","28","46","182","129"
"BZN|DK2","13.08.2018 18:00 - 13.08.2018 19:00 (CET/CEST)","3","n/e","n/e","38","285","7","n/e","n/e","n/e","n/e","n/e","n/e","n/e","n/e","n/e","n/e","n/e","16","46","45","100"
"BZN|DK2","13.08.2018 19:00 - 13.08.2018 20:00 (CET/CEST)","3","n/e","n/e","39","287","7","n/e","n/e","n/e","n/e","n/e","n/e","n/e","n/e","n/e","n/e","n/e","6","46","2","77"
"BZN|DK2","13.08.2018 20:00 - 13.08.2018 21:00 (CET/CEST)","3","n/e","n/e","40","289","7","n/e","n/e","n/e","n/e","n/e","n/e","n/e","n/e","n/e","n/e","n/e","1","45","1","98"
"BZN|DK2","13.08.2018 21:00 - 13.08.2018 22:00 (CET/CEST)","3","n/e","n/e","49","289","7","n/e","n/e","n/e","n/e","n/e","n/e","n/e","n/e","n/e","n/e","n/e","0","43","7","94"
"BZN|DK2","13.08.2018 22:00 - 13.08.2018 23:00 (CET/CEST)","3","n/e","n/e","37","287","7","n/e","n/e","n/e","n/e","n/e","n/e","n/e","n/e","n/e","n/e","n/e","0","43","51","85"
"BZN|DK2","13.08.2018 23:00 - 14.08.2018 00:00 (CET/CEST)","3","n/e","n/e","36","277","6","n/e","n/e","n/e","n/e","n/e","n/e","n/e","n/e","n/e","n/e","n/e","0","41","81","99"
"BZN|DK2","14.08.2018 00:00 - 14.08.2018 01:00 (CET/CEST)","3","n/e","n/e","36","192","6","n/e","n/e","n/e","n/e","n/e","n/e","n/e","n/e","n/e","n/e","n/e","0","42","62","97"
"BZN|DK2","14.08.2018 01:00 - 14.08.2018 02:00 (CET/CEST)","3","n/e","n/e","36","174","6","n/e","n/e","n/e","n/e","n/e","n/e","n/e","n/e","n/e","n/e","n/e","0","41","92","90"
"BZN|DK2","14.08.2018 02:00 - 14.08.2018 03:00 (CET/CEST)","3","n/e","n/e","36","174","6","n/e","n/e","n/e","n/e","n/e","n/e","n/e","n/e","n/e","n/e","n/e","0","43","107","97"
"BZN|DK2","14.08.2018 03:00 - 14.08.2018 04:00 (CET/CEST)","3","n/e","n/e","36","175","6","n/e","n/e","n/e","n/e","n/e","n/e","n/e","n/e","n/e","n/e","n/e","0","42","98","91"
"BZN|DK2","14.08.2018 04:00 - 14.08.2018 05:00 (CET/CEST)","3","n/e","n/e","36","174","6","n/e","n/e","n/e","n/e","n/e","n/e","n/e","n/e","n/e","n/e","n/e","0","41","105","91"
"BZN|DK2","14.08.2018 05:00 - 14.08.2018 06:00 (CET/CEST)","3","n/e","n/e","36","175","6","n/e","n/e","n/e","n/e","n/e","n/e","n/e","n/e","n/e","n/e","n/e","0","42","96","65"
"BZN|DK2","14.08.2018 06:00 - 14.08.2018 07:00 (CET/CEST)","3","n/e","n/e","37","179","7","n/e","n/e","n/e","n/e","n/e","n/e","n/e","n/e","n/e","n/e","n/e","0","44","86","48"
"BZN|DK2","14.08.2018 07:00 - 14.08.2018 08:00 (CET/CEST)","4","n/e","n/e","46","217","8","n/e","n/e","n/e","n/e","n/e","n/e","n/e","n/e","n/e","n/e","n/e","0","46","131","58"
"BZN|DK2","14.08.2018 08:00 - 14.08.2018 09:00 (CET/CEST)","12","n/e","n/e","54","280","9","n/e","n/e","n/e","n/e","n/e","n/e","n/e","n/e","n/e","n/e","n/e","47","47","170","80"
"BZN|DK2","14.08.2018 09:00 - 14.08.2018 10:00 (CET/CEST)","16","n/e","n/e","46","289","8","n/e","n/e","n/e","n/e","n/e","n/e","n/e","n/e","n/e","n/e","n/e","79","48","180","73"
"BZN|DK2","14.08.2018 10:00 - 14.08.2018 11:00 (CET/CEST)","16","n/e","n/e","41","225","8","n/e","n/e","n/e","n/e","n/e","n/e","n/e","n/e","n/e","n/e","n/e","109","48","217","109"
"BZN|DK2","14.08.2018 11:00 - 14.08.2018 12:00 (CET/CEST)","15","n/e","n/e","40","176","8","n/e","n/e","n/e","n/e","n/e","n/e","n/e","n/e","n/e","n/e","n/e","145","48","185","111"
"BZN|DK2","14.08.2018 12:00 - 14.08.2018 13:00 (CET/CEST)","15","n/e","n/e","39","213","7","n/e","n/e","n/e","n/e","n/e","n/e","n/e","n/e","n/e","n/e","n/e","146","45","177","132"
"BZN|DK2","14.08.2018 13:00 - 14.08.2018 14:00 (CET/CEST)","15","n/e","n/e","37","283","6","n/e","n/e","n/e","n/e","n/e","n/e","n/e","n/e","n/e","n/e","n/e","148","47","158","132"
"BZN|DK2","14.08.2018 14:00 - 14.08.2018 15:00 (CET/CEST)","16","n/e","n/e","34","274","5","n/e","n/e","n/e","n/e","n/e","n/e","n/e","n/e","n/e","n/e","n/e","140","47","104","144"
"BZN|DK2","14.08.2018 15:00 - 14.08.2018 16:00 (CET/CEST)","13","n/e","n/e","28","257","4","n/e","n/e","n/e","n/e","n/e","n/e","n/e","n/e","n/e","n/e","n/e","121","46","56","162"
"BZN|DK2","14.08.2018 16:00 - 14.08.2018 17:00 (CET/CEST)","11","n/e","n/e","33","195","6","n/e","n/e","n/e","n/e","n/e","n/e","n/e","n/e","n/e","n/e","n/e","105","47","76","200"
"BZN|DK2","14.08.2018 17:00 - 14.08.2018 18:00 (CET/CEST)","11","n/e","n/e","35","171","6","n/e","n/e","n/e","n/e","n/e","n/e","n/e","n/e","n/e","n/e","n/e","85","47","82","197"
"BZN|DK2","14.08.2018 18:00 - 14.08.2018 19:00 (CET/CEST)","4","n/e","n/e","40","220","6","n/e","n/e","n/e","n/e","n/e","n/e","n/e","n/e","n/e","n/e","n/e","48","47","156","192"
"BZN|DK2","14.08.2018 19:00 - 14.08.2018 20:00 (CET/CEST)","3","n/e","n/e","34","271","7","n/e","n/e","n/e","n/e","n/e","n/e","n/e","n/e","n/e","n/e","n/e","16","48","266","152"
"BZN|DK2","14.08.2018 20:00 - 14.08.2018 21:00 (CET/CEST)","3","n/e","n/e","37","272","6","n/e","n/e","n/e","n/e","n/e","n/e","n/e","n/e","n/e","n/e","n/e","7","47","158","88"
"BZN|DK2","14.08.2018 21:00 - 14.08.2018 22:00 (CET/CEST)","3","n/e","n/e","37","269","7","n/e","n/e","n/e","n/e","n/e","n/e","n/e","n/e","n/e","n/e","n/e","4","47","66","80"
"BZN|DK2","14.08.2018 22:00 - 14.08.2018 23:00 (CET/CEST)","3","n/e","n/e","36","250","6","n/e","n/e","n/e","n/e","n/e","n/e","n/e","n/e","n/e","n/e","n/e","0","47","47","78"
"BZN|DK2","14.08.2018 23:00 - 15.08.2018 00:00 (CET/CEST)","3","n/e","n/e","35","180","6","n/e","n/e","n/e","n/e","n/e","n/e","n/e","n/e","n/e","n/e","n/e","0","42","84","88"
"BZN|DK2","15.08.2018 00:00 - 15.08.2018 01:00 (CET/CEST)","3","n/e","n/e","34","163","6","n/e","n/e","n/e","n/e","n/e","n/e","n/e","n/e","n/e","n/e","n/e","0","41","106","83"
"BZN|DK2","15.08.2018 01:00 - 15.08.2018 02:00 (CET/CEST)","2","n/e","n/e","35","164","6","n/e","n/e","n/e","n/e","n/e","n/e","n/e","n/e","n/e","n/e","n/e","0","41","132","107"
"BZN|DK2","15.08.2018 02:00 - 15.08.2018 03:00 (CET/CEST)","2","n/e","n/e","34","164","6","n/e","n/e","n/e","n/e","n/e","n/e","n/e","n/e","n/e","n/e","n/e","0","41","183","168"
"BZN|DK2","15.08.2018 03:00 - 15.08.2018 04:00 (CET/CEST)","3","n/e","n/e","34","165","6","n/e","n/e","n/e","n/e","n/e","n/e","n/e","n/e","n/e","n/e","n/e","0","41","280","163"
"BZN|DK2","15.08.2018 04:00 - 15.08.2018 05:00 (CET/CEST)","2","n/e","n/e","32","163","5","n/e","n/e","n/e","n/e","n/e","n/e","n/e","n/e","n/e","n/e","n/e","0","41","189","143"
"BZN|DK2","15.08.2018 05:00 - 15.08.2018 06:00 (CET/CEST)","2","n/e","n/e","32","162","5","n/e","n/e","n/e","n/e","n/e","n/e","n/e","n/e","n/e","n/e","n/e","0","41","158","108"
"BZN|DK2","15.08.2018 06:00 - 15.08.2018 07:00 (CET/CEST)","3","n/e","n/e","36","169","6","n/e","n/e","n/e","n/e","n/e","n/e","n/e","n/e","n/e","n/e","n/e","7","42","113","79"
"BZN|DK2","15.08.2018 07:00 - 15.08.2018 08:00 (CET/CEST)","7","n/e","n/e","39","175","7","n/e","n/e","n/e","n/e","n/e","n/e","n/e","n/e","n/e","n/e","n/e","29","44","46","44"
"BZN|DK2","15.08.2018 08:00 - 15.08.2018 09:00 (CET/CEST)","14","n/e","n/e","43","175","8","n/e","n/e","n/e","n/e","n/e","n/e","n/e","n/e","n/e","n/e","n/e","72","46","24","39"
"BZN|DK2","15.08.2018 09:00 - 15.08.2018 10:00 (CET/CEST)","17","n/e","n/e","43","175","8","n/e","n/e","n/e","n/e","n/e","n/e","n/e","n/e","n/e","n/e","n/e","114","44","58","47"
"BZN|DK2","15.08.2018 10:00 - 15.08.2018 11:00 (CET/CEST)","16","n/e","n/e","41","173","8","n/e","n/e","n/e","n/e","n/e","n/e","n/e","n/e","n/e","n/e","n/e","128","41","75","73"
"BZN|DK2","15.08.2018 11:00 - 15.08.2018 12:00 (CET/CEST)","16","n/e","n/e","41","173","8","n/e","n/e","n/e","n/e","n/e","n/e","n/e","n/e","n/e","n/e","n/e","138","44","64","75"
"BZN|DK2","15.08.2018 12:00 - 15.08.2018 13:00 (CET/CEST)","18","n/e","n/e","40","171","8","n/e","n/e","n/e","n/e","n/e","n/e","n/e","n/e","n/e","n/e","n/e","154","45","41","79"
"BZN|DK2","15.08.2018 13:00 - 15.08.2018 14:00 (CET/CEST)","19","n/e","n/e","37","163","7","n/e","n/e","n/e","n/e","n/e","n/e","n/e","n/e","n/e","n/e","n/e","151","45","16","106"
"BZN|DK2","15.08.2018 14:00 - 15.08.2018 15:00 (CET/CEST)","16","n/e","n/e","35","160","6","n/e","n/e","n/e","n/e","n/e","n/e","n/e","n/e","n/e","n/e","n/e","125","45","8","115"
"BZN|DK2","15.08.2018 15:00 - 15.08.2018 16:00 (CET/CEST)","14","n/e","n/e","35","163","6","n/e","n/e","n/e","n/e","n/e","n/e","n/e","n/e","n/e","n/e","n/e","97","45","6","112"
"BZN|DK2","15.08.2018 16:00 - 15.08.2018 17:00 (CET/CEST)","14","n/e","n/e","35","163","6","n/e","n/e","n/e","n/e","n/e","n/e","n/e","n/e","n/e","n/e","n/e","116","44","24","120"
"BZN|DK2","15.08.2018 17:00 - 15.08.2018 18:00 (CET/CEST)","14","n/e","n/e","36","165","6","n/e","n/e","n/e","n/e","n/e","n/e","n/e","n/e","n/e","n/e","n/e","93","44","15","115"
"BZN|DK2","15.08.2018 18:00 - 15.08.2018 19:00 (CET/CEST)","15","n/e","n/e","36","179","6","n/e","n/e","n/e","n/e","n/e","n/e","n/e","n/e","n/e","n/e","n/e","49","44","4","113"
"BZN|DK2","15.08.2018 19:00 - 15.08.2018 20:00 (CET/CEST)","14","n/e","n/e","40","221","8","n/e","n/e","n/e","n/e","n/e","n/e","n/e","n/e","n/e","n/e","n/e","19","45","7","82"
"BZN|DK2","15.08.2018 20:00 - 15.08.2018 21:00 (CET/CEST)","15","n/e","n/e","41","266","8","n/e","n/e","n/e","n/e","n/e","n/e","n/e","n/e","n/e","n/e","n/e","2","45","22","64"
"BZN|DK2","15.08.2018 21:00 - 15.08.2018 22:00 (CET/CEST)","12","n/e","n/e","40","225","8","n/e","n/e","n/e","n/e","n/e","n/e","n/e","n/e","n/e","n/e","n/e","0","45","19","61"
"BZN|DK2","15.08.2018 22:00 - 15.08.2018 23:00 (CET/CEST)","6","n/e","n/e","37","211","7","n/e","n/e","n/e","n/e","n/e","n/e","n/e","n/e","n/e","n/e","n/e","0","42","8","53"
"BZN|DK2","15.08.2018 23:00 - 16.08.2018 00:00 (CET/CEST)","6","n/e","n/e","36","171","6","n/e","n/e","n/e","n/e","n/e","n/e","n/e","n/e","n/e","n/e","n/e","0","41","3","32"
"BZN|DK2","16.08.2018 00:00 - 16.08.2018 01:00 (CET/CEST)","6","n/e","n/e","36","181","6","n/e","n/e","n/e","n/e","n/e","n/e","n/e","n/e","n/e","n/e","n/e","0","41","3","30"
"BZN|DK2","16.08.2018 01:00 - 16.08.2018 02:00 (CET/CEST)","6","n/e","n/e","35","181","6","n/e","n/e","n/e","n/e","n/e","n/e","n/e","n/e","n/e","n/e","n/e","0","40","9","38"
"BZN|DK2","16.08.2018 02:00 - 16.08.2018 03:00 (CET/CEST)","6","n/e","n/e","35","182","6","n/e","n/e","n/e","n/e","n/e","n/e","n/e","n/e","n/e","n/e","n/e","0","40","27","49"
"BZN|DK2","16.08.2018 03:00 - 16.08.2018 04:00 (CET/CEST)","6","n/e","n/e","35","180","6","n/e","n/e","n/e","n/e","n/e","n/e","n/e","n/e","n/e","n/e","n/e","0","41","50","64"
"BZN|DK2","16.08.2018 04:00 - 16.08.2018 05:00 (CET/CEST)","6","n/e","n/e","35","180","6","n/e","n/e","n/e","n/e","n/e","n/e","n/e","n/e","n/e","n/e","n/e","0","40","60","77"
"BZN|DK2","16.08.2018 05:00 - 16.08.2018 06:00 (CET/CEST)","6","n/e","n/e","35","181","6","n/e","n/e","n/e","n/e","n/e","n/e","n/e","n/e","n/e","n/e","n/e","0","40","56","78"
"BZN|DK2","16.08.2018 06:00 - 16.08.2018 07:00 (CET/CEST)","6","n/e","n/e","36","183","6","n/e","n/e","n/e","n/e","n/e","n/e","n/e","n/e","n/e","n/e","n/e","6","40","59","85"
"BZN|DK2","16.08.2018 07:00 - 16.08.2018 08:00 (CET/CEST)","9","n/e","n/e","39","182","7","n/e","n/e","n/e","n/e","n/e","n/e","n/e","n/e","n/e","n/e","n/e","24","42","78","86"
"BZN|DK2","16.08.2018 08:00 - 16.08.2018 09:00 (CET/CEST)","17","n/e","n/e","44","212","8","n/e","n/e","n/e","n/e","n/e","n/e","n/e","n/e","n/e","n/e","n/e","53","41","85","84"
"BZN|DK2","16.08.2018 09:00 - 16.08.2018 10:00 (CET/CEST)","19","n/e","n/e","57","220","11","n/e","n/e","n/e","n/e","n/e","n/e","n/e","n/e","n/e","n/e","n/e","82","42","86","97"
"BZN|DK2","16.08.2018 10:00 - 16.08.2018 11:00 (CET/CEST)","10","n/e","n/e","39","179","132","n/e","n/e","n/e","n/e","n/e","n/e","n/e","n/e","n/e","n/e","n/e","90","42","81","173"
"BZN|DK2","16.08.2018 11:00 - 16.08.2018 12:00 (CET/CEST)","10","n/e","n/e","38","176","225","n/e","n/e","n/e","n/e","n/e","n/e","n/e","n/e","n/e","n/e","n/e","142","38","85","269"
"BZN|DK2","16.08.2018 12:00 - 16.08.2018 13:00 (CET/CEST)","8","n/e","n/e","37","179","18","n/e","n/e","n/e","n/e","n/e","n/e","n/e","n/e","n/e","n/e","n/e","154","43","109","322"
"BZN|DK2","16.08.2018 13:00 - 16.08.2018 14:00 (CET/CEST)","7","n/e","n/e","36","178","7","n/e","n/e","n/e","n/e","n/e","n/e","n/e","n/e","n/e","n/e","n/e","175","41","99","343"
"BZN|DK2","16.08.2018 14:00 - 16.08.2018 15:00 (CET/CEST)","6","n/e","n/e","41","182","6","n/e","n/e","n/e","n/e","n/e","n/e","n/e","n/e","n/e","n/e","n/e","182","39","72","333"
"BZN|DK2","16.08.2018 15:00 - 16.08.2018 16:00 (CET/CEST)","6","n/e","n/e","51","186","7","n/e","n/e","n/e","n/e","n/e","n/e","n/e","n/e","n/e","n/e","n/e","170","39","41","299"
"BZN|DK2","16.08.2018 16:00 - 16.08.2018 17:00 (CET/CEST)","3","n/e","n/e","40","242","7","n/e","n/e","n/e","n/e","n/e","n/e","n/e","n/e","n/e","n/e","n/e","141","39","18","246"
"BZN|DK2","16.08.2018 17:00 - 16.08.2018 18:00 (CET/CEST)","3","n/e","n/e","37","196","7","n/e","n/e","n/e","n/e","n/e","n/e","n/e","n/e","n/e","n/e","n/e","94","37","9","168"
"BZN|DK2","16.08.2018 18:00 - 16.08.2018 19:00 (CET/CEST)","3","n/e","n/e","38","180","7","n/e","n/e","n/e","n/e","n/e","n/e","n/e","n/e","n/e","n/e","n/e","52","37","9","118"
"BZN|DK2","16.08.2018 19:00 - 16.08.2018 20:00 (CET/CEST)","3","n/e","n/e","38","178","7","n/e","n/e","n/e","n/e","n/e","n/e","n/e","n/e","n/e","n/e","n/e","20","40","11","102"
"BZN|DK2","16.08.2018 20:00 - 16.08.2018 21:00 (CET/CEST)","3","n/e","n/e","38","177","7","n/e","n/e","n/e","n/e","n/e","n/e","n/e","n/e","n/e","n/e","n/e","3","39","19","96"
"BZN|DK2","16.08.2018 21:00 - 16.08.2018 22:00 (CET/CEST)","3","n/e","n/e","38","179","7","n/e","n/e","n/e","n/e","n/e","n/e","n/e","n/e","n/e","n/e","n/e","0","39","23","83"
"BZN|DK2","16.08.2018 22:00 - 16.08.2018 23:00 (CET/CEST)","3","n/e","n/e","37","164","7","n/e","n/e","n/e","n/e","n/e","n/e","n/e","n/e","n/e","n/e","n/e","0","37","13","65"
"BZN|DK2","16.08.2018 23:00 - 17.08.2018 00:00 (CET/CEST)","3","n/e","n/e","35","168","6","n/e","n/e","n/e","n/e","n/e","n/e","n/e","n/e","n/e","n/e","n/e","0","39","16","38"
"BZN|DK2","17.08.2018 00:00 - 17.08.2018 01:00 (CET/CEST)","3","n/e","n/e","35","172","6","n/e","n/e","n/e","n/e","n/e","n/e","n/e","n/e","n/e","n/e","n/e","0","38","15","28"
"BZN|DK2","17.08.2018 01:00 - 17.08.2018 02:00 (CET/CEST)","3","n/e","n/e","35","172","6","n/e","n/e","n/e","n/e","n/e","n/e","n/e","n/e","n/e","n/e","n/e","0","39","22","40"
"BZN|DK2","17.08.2018 02:00 - 17.08.2018 03:00 (CET/CEST)","3","n/e","n/e","35","170","6","n/e","n/e","n/e","n/e","n/e","n/e","n/e","n/e","n/e","n/e","n/e","0","39","39","40"
"BZN|DK2","17.08.2018 03:00 - 17.08.2018 04:00 (CET/CEST)","3","n/e","n/e","36","174","6","n/e","n/e","n/e","n/e","n/e","n/e","n/e","n/e","n/e","n/e","n/e","0","39","37","37"
"BZN|DK2","17.08.2018 04:00 - 17.08.2018 05:00 (CET/CEST)","3","n/e","n/e","36","171","6","n/e","n/e","n/e","n/e","n/e","n/e","n/e","n/e","n/e","n/e","n/e","0","37","13","50"
"BZN|DK2","17.08.2018 05:00 - 17.08.2018 06:00 (CET/CEST)","3","n/e","n/e","37","174","6","n/e","n/e","n/e","n/e","n/e","n/e","n/e","n/e","n/e","n/e","n/e","0","38","44","34"
"BZN|DK2","17.08.2018 06:00 - 17.08.2018 07:00 (CET/CEST)","3","n/e","n/e","60","244","7","n/e","n/e","n/e","n/e","n/e","n/e","n/e","n/e","n/e","n/e","n/e","7","43","19","21"
"BZN|DK2","17.08.2018 07:00 - 17.08.2018 08:00 (CET/CEST)","3","n/e","n/e","46","286","9","n/e","n/e","n/e","n/e","n/e","n/e","n/e","n/e","n/e","n/e","n/e","32","43","6","16"
"BZN|DK2","17.08.2018 08:00 - 17.08.2018 09:00 (CET/CEST)","5","n/e","n/e","56","282","10","n/e","n/e","n/e","n/e","n/e","n/e","n/e","n/e","n/e","n/e","n/e","78","43","4","13"
"BZN|DK2","17.08.2018 09:00 - 17.08.2018 10:00 (CET/CEST)","8","n/e","n/e","52","194","10","n/e","n/e","n/e","n/e","n/e","n/e","n/e","n/e","n/e","n/e","n/e","126","38","1","17"
"BZN|DK2","17.08.2018 10:00 - 17.08.2018 11:00 (CET/CEST)","8","n/e","n/e","45","189","9","n/e","n/e","n/e","n/e","n/e","n/e","n/e","n/e","n/e","n/e","n/e","164","32","1","27"
"BZN|DK2","17.08.2018 11:00 - 17.08.2018 12:00 (CET/CEST)","8","n/e","n/e","42","188","8","n/e","n/e","n/e","n/e","n/e","n/e","n/e","n/e","n/e","n/e","n/e","171","35","19","41"
"BZN|DK2","17.08.2018 12:00 - 17.08.2018 13:00 (CET/CEST)","7","n/e","n/e","39","187","7","n/e","n/e","n/e","n/e","n/e","n/e","n/e","n/e","n/e","n/e","n/e","122","34","43","50"
"BZN|DK2","17.08.2018 13:00 - 17.08.2018 14:00 (CET/CEST)","7","n/e","n/e","37","181","7","n/e","n/e","n/e","n/e","n/e","n/e","n/e","n/e","n/e","n/e","n/e","74","33","67","52"
"BZN|DK2","17.08.2018 14:00 - 17.08.2018 15:00 (CET/CEST)","3","n/e","n/e","36","172","7","n/e","n/e","n/e","n/e","n/e","n/e","n/e","n/e","n/e","n/e","n/e","61","47","54","44"
"BZN|DK2","17.08.2018 15:00 - 17.08.2018 16:00 (CET/CEST)","3","n/e","n/e","37","174","6","n/e","n/e","n/e","n/e","n/e","n/e","n/e","n/e","n/e","n/e","n/e","58","49","52","41"
"BZN|DK2","17.08.2018 16:00 - 17.08.2018 17:00 (CET/CEST)","3","n/e","n/e","36","183","6","n/e","n/e","n/e","n/e","n/e","n/e","n/e","n/e","n/e","n/e","n/e","70","50","29","37"
"BZN|DK2","17.08.2018 17:00 - 17.08.2018 18:00 (CET/CEST)","3","n/e","n/e","37","186","7","n/e","n/e","n/e","n/e","n/e","n/e","n/e","n/e","n/e","n/e","n/e","73","51","16","37"
"BZN|DK2","17.08.2018 18:00 - 17.08.2018 19:00 (CET/CEST)","3","n/e","n/e","39","181","7","n/e","n/e","n/e","n/e","n/e","n/e","n/e","n/e","n/e","n/e","n/e","62","50","31","49"
"BZN|DK2","17.08.2018 19:00 - 17.08.2018 20:00 (CET/CEST)","3","n/e","n/e","39","187","7","n/e","n/e","n/e","n/e","n/e","n/e","n/e","n/e","n/e","n/e","n/e","25","49","24","46"
"BZN|DK2","17.08.2018 20:00 - 17.08.2018 21:00 (CET/CEST)","3","n/e","n/e","39","267","7","n/e","n/e","n/e","n/e","n/e","n/e","n/e","n/e","n/e","n/e","n/e","3","49","12","38"
"BZN|DK2","17.08.2018 21:00 - 17.08.2018 22:00 (CET/CEST)","3","n/e","n/e","38","206","7","n/e","n/e","n/e","n/e","n/e","n/e","n/e","n/e","n/e","n/e","n/e","0","49","13","45"
"BZN|DK2","17.08.2018 22:00 - 17.08.2018 23:00 (CET/CEST)","3","n/e","n/e","37","180","6","n/e","n/e","n/e","n/e","n/e","n/e","n/e","n/e","n/e","n/e","n/e","0","49","13","51"
"BZN|DK2","17.08.2018 23:00 - 18.08.2018 00:00 (CET/CEST)","3","n/e","n/e","36","171","6","n/e","n/e","n/e","n/e","n/e","n/e","n/e","n/e","n/e","n/e","n/e","0","43","28","56"
"BZN|DK2","18.08.2018 00:00 - 18.08.2018 01:00 (CET/CEST)","3","n/e","n/e","36","171","6","n/e","n/e","n/e","n/e","n/e","n/e","n/e","n/e","n/e","n/e","n/e","0","42","21","56"
"BZN|DK2","18.08.2018 01:00 - 18.08.2018 02:00 (CET/CEST)","3","n/e","n/e","36","169","6","n/e","n/e","n/e","n/e","n/e","n/e","n/e","n/e","n/e","n/e","n/e","0","42","27","44"
"BZN|DK2","18.08.2018 02:00 - 18.08.2018 03:00 (CET/CEST)","3","n/e","n/e","36","168","6","n/e","n/e","n/e","n/e","n/e","n/e","n/e","n/e","n/e","n/e","n/e","0","42","11","31"
"BZN|DK2","18.08.2018 03:00 - 18.08.2018 04:00 (CET/CEST)","3","n/e","n/e","36","169","6","n/e","n/e","n/e","n/e","n/e","n/e","n/e","n/e","n/e","n/e","n/e","0","42","4","33"
"BZN|DK2","18.08.2018 04:00 - 18.08.2018 05:00 (CET/CEST)","3","n/e","n/e","36","168","6","n/e","n/e","n/e","n/e","n/e","n/e","n/e","n/e","n/e","n/e","n/e","0","42","10","40"
"BZN|DK2","18.08.2018 05:00 - 18.08.2018 06:00 (CET/CEST)","3","n/e","n/e","36","169","6","n/e","n/e","n/e","n/e","n/e","n/e","n/e","n/e","n/e","n/e","n/e","0","42","38","54"
"BZN|DK2","18.08.2018 06:00 - 18.08.2018 07:00 (CET/CEST)","3","n/e","n/e","36","169","6","n/e","n/e","n/e","n/e","n/e","n/e","n/e","n/e","n/e","n/e","n/e","7","43","47","71"
"BZN|DK2","18.08.2018 07:00 - 18.08.2018 08:00 (CET/CEST)","3","n/e","n/e","37","174","6","n/e","n/e","n/e","n/e","n/e","n/e","n/e","n/e","n/e","n/e","n/e","35","44","54","89"
"BZN|DK2","18.08.2018 08:00 - 18.08.2018 09:00 (CET/CEST)","3","n/e","n/e","36","176","6","n/e","n/e","n/e","n/e","n/e","n/e","n/e","n/e","n/e","n/e","n/e","80","42","79","128"
"BZN|DK2","18.08.2018 09:00 - 18.08.2018 10:00 (CET/CEST)","7","n/e","n/e","37","172","6","n/e","n/e","n/e","n/e","n/e","n/e","n/e","n/e","n/e","n/e","n/e","128","43","67","173"
"BZN|DK2","18.08.2018 10:00 - 18.08.2018 11:00 (CET/CEST)","8","n/e","n/e","37","172","6","n/e","n/e","n/e","n/e","n/e","n/e","n/e","n/e","n/e","n/e","n/e","154","43","53","194"
"BZN|DK2","18.08.2018 11:00 - 18.08.2018 12:00 (CET/CEST)","8","n/e","n/e","36","174","6","n/e","n/e","n/e","n/e","n/e","n/e","n/e","n/e","n/e","n/e","n/e","167","43","53","242"
"BZN|DK2","18.08.2018 12:00 - 18.08.2018 13:00 (CET/CEST)","8","n/e","n/e","36","169","6","n/e","n/e","n/e","n/e","n/e","n/e","n/e","n/e","n/e","n/e","n/e","158","43","56","275"
"BZN|DK2","18.08.2018 13:00 - 18.08.2018 14:00 (CET/CEST)","7","n/e","n/e","36","175","6","n/e","n/e","n/e","n/e","n/e","n/e","n/e","n/e","n/e","n/e","n/e","141","43","69","311"
"BZN|DK2","18.08.2018 14:00 - 18.08.2018 15:00 (CET/CEST)","3","n/e","n/e","36","178","6","n/e","n/e","n/e","n/e","n/e","n/e","n/e","n/e","n/e","n/e","n/e","140","42","64","304"
"BZN|DK2","18.08.2018 15:00 - 18.08.2018 16:00 (CET/CEST)","3","n/e","n/e","35","176","6","n/e","n/e","n/e","n/e","n/e","n/e","n/e","n/e","n/e","n/e","n/e","126","42","47","330"
"BZN|DK2","18.08.2018 16:00 - 18.08.2018 17:00 (CET/CEST)","3","n/e","n/e","35","176","6","n/e","n/e","n/e","n/e","n/e","n/e","n/e","n/e","n/e","n/e","n/e","105","43","31","325"
"BZN|DK2","18.08.2018 17:00 - 18.08.2018 18:00 (CET/CEST)","3","n/e","n/e","35","171","6","n/e","n/e","n/e","n/e","n/e","n/e","n/e","n/e","n/e","n/e","n/e","58","43","24","310"
"BZN|DK2","18.08.2018 18:00 - 18.08.2018 19:00 (CET/CEST)","3","n/e","n/e","36","173","6","n/e","n/e","n/e","n/e","n/e","n/e","n/e","n/e","n/e","n/e","n/e","24","42","49","295"
"BZN|DK2","18.08.2018 19:00 - 18.08.2018 20:00 (CET/CEST)","3","n/e","n/e","35","172","6","n/e","n/e","n/e","n/e","n/e","n/e","n/e","n/e","n/e","n/e","n/e","7","42","93","285"
"BZN|DK2","18.08.2018 20:00 - 18.08.2018 21:00 (CET/CEST)","3","n/e","n/e","36","173","6","n/e","n/e","n/e","n/e","n/e","n/e","n/e","n/e","n/e","n/e","n/e","1","43","68","297"
"BZN|DK2","18.08.2018 21:00 - 18.08.2018 22:00 (CET/CEST)","3","n/e","n/e","36","175","6","n/e","n/e","n/e","n/e","n/e","n/e","n/e","n/e","n/e","n/e","n/e","0","43","81","284"
"BZN|DK2","18.08.2018 22:00 - 18.08.2018 23:00 (CET/CEST)","3","n/e","n/e","35","173","6","n/e","n/e","n/e","n/e","n/e","n/e","n/e","n/e","n/e","n/e","n/e","0","42","117","276"
"BZN|DK2","18.08.2018 23:00 - 19.08.2018 00:00 (CET/CEST)","3","n/e","n/e","35","173","6","n/e","n/e","n/e","n/e","n/e","n/e","n/e","n/e","n/e","n/e","n/e","0","42","144","249"
"BZN|DK2","19.08.2018 00:00 - 19.08.2018 01:00 (CET/CEST)","3","n/e","n/e","34","177","6","n/e","n/e","n/e","n/e","n/e","n/e","n/e","n/e","n/e","n/e","n/e","0","44","190","241"
"BZN|DK2","19.08.2018 01:00 - 19.08.2018 02:00 (CET/CEST)","3","n/e","n/e","34","176","6","n/e","n/e","n/e","n/e","n/e","n/e","n/e","n/e","n/e","n/e","n/e","0","42","230","223"
"BZN|DK2","19.08.2018 02:00 - 19.08.2018 03:00 (CET/CEST)","3","n/e","n/e","34","178","6","n/e","n/e","n/e","n/e","n/e","n/e","n/e","n/e","n/e","n/e","n/e","0","43","170","195"
"BZN|DK2","19.08.2018 03:00 - 19.08.2018 04:00 (CET/CEST)","3","n/e","n/e","34","176","6","n/e","n/e","n/e","n/e","n/e","n/e","n/e","n/e","n/e","n/e","n/e","0","44","99","179"
"BZN|DK2","19.08.2018 04:00 - 19.08.2018 05:00 (CET/CEST)","3","n/e","n/e","34","173","6","n/e","n/e","n/e","n/e","n/e","n/e","n/e","n/e","n/e","n/e","n/e","0","44","101","155"
"BZN|DK2","19.08.2018 05:00 - 19.08.2018 06:00 (CET/CEST)","3","n/e","n/e","34","177","6","n/e","n/e","n/e","n/e","n/e","n/e","n/e","n/e","n/e","n/e","n/e","0","44","134","153"
"BZN|DK2","19.08.2018 06:00 - 19.08.2018 07:00 (CET/CEST)","3","n/e","n/e","34","175","6","n/e","n/e","n/e","n/e","n/e","n/e","n/e","n/e","n/e","n/e","n/e","4","44","171","148"
"BZN|DK2","19.08.2018 07:00 - 19.08.2018 08:00 (CET/CEST)","3","n/e","n/e","34","178","6","n/e","n/e","n/e","n/e","n/e","n/e","n/e","n/e","n/e","n/e","n/e","18","44","120","149"
"BZN|DK2","19.08.2018 08:00 - 19.08.2018 09:00 (CET/CEST)","6","n/e","n/e","29","167","4","n/e","n/e","n/e","n/e","n/e","n/e","n/e","n/e","n/e","n/e","n/e","42","42","79","156"
"BZN|DK2","19.08.2018 09:00 - 19.08.2018 10:00 (CET/CEST)","6","n/e","n/e","34","175","6","n/e","n/e","n/e","n/e","n/e","n/e","n/e","n/e","n/e","n/e","n/e","57","43","63","162"
"BZN|DK2","19.08.2018 10:00 - 19.08.2018 11:00 (CET/CEST)","4","n/e","n/e","36","175","6","n/e","n/e","n/e","n/e","n/e","n/e","n/e","n/e","n/e","n/e","n/e","68","44","49","154"
"BZN|DK2","19.08.2018 11:00 - 19.08.2018 12:00 (CET/CEST)","3","n/e","n/e","35","176","6","n/e","n/e","n/e","n/e","n/e","n/e","n/e","n/e","n/e","n/e","n/e","85","44","100","155"
"BZN|DK2","19.08.2018 12:00 - 19.08.2018 13:00 (CET/CEST)","3","n/e","n/e","35","178","6","n/e","n/e","n/e","n/e","n/e","n/e","n/e","n/e","n/e","n/e","n/e","92","43","86","153"
"BZN|DK2","19.08.2018 13:00 - 19.08.2018 14:00 (CET/CEST)","3","n/e","n/e","34","175","6","n/e","n/e","n/e","n/e","n/e","n/e","n/e","n/e","n/e","n/e","n/e","78","44","72","147"
"BZN|DK2","19.08.2018 14:00 - 19.08.2018 15:00 (CET/CEST)","3","n/e","n/e","35","173","6","n/e","n/e","n/e","n/e","n/e","n/e","n/e","n/e","n/e","n/e","n/e","69","44","27","146"
"BZN|DK2","19.08.2018 15:00 - 19.08.2018 16:00 (CET/CEST)","3","n/e","n/e","35","170","6","n/e","n/e","n/e","n/e","n/e","n/e","n/e","n/e","n/e","n/e","n/e","55","44","52","128"
"BZN|DK2","19.08.2018 16:00 - 19.08.2018 17:00 (CET/CEST)","3","n/e","n/e","35","170","6","n/e","n/e","n/e","n/e","n/e","n/e","n/e","n/e","n/e","n/e","n/e","38","44","70","97"
"BZN|DK2","19.08.2018 17:00 - 19.08.2018 18:00 (CET/CEST)","3","n/e","n/e","35","174","6","n/e","n/e","n/e","n/e","n/e","n/e","n/e","n/e","n/e","n/e","n/e","29","45","25","70"
"BZN|DK2","19.08.2018 18:00 - 19.08.2018 19:00 (CET/CEST)","3","n/e","n/e","35","173","6","n/e","n/e","n/e","n/e","n/e","n/e","n/e","n/e","n/e","n/e","n/e","22","48","3","65"
"BZN|DK2","19.08.2018 19:00 - 19.08.2018 20:00 (CET/CEST)","3","n/e","n/e","36","175","6","n/e","n/e","n/e","n/e","n/e","n/e","n/e","n/e","n/e","n/e","n/e","8","49","3","66"
"BZN|DK2","19.08.2018 20:00 - 19.08.2018 21:00 (CET/CEST)","3","n/e","n/e","36","164","6","n/e","n/e","n/e","n/e","n/e","n/e","n/e","n/e","n/e","n/e","n/e","1","48","4","64"
"BZN|DK2","19.08.2018 21:00 - 19.08.2018 22:00 (CET/CEST)","3","n/e","n/e","36","169","6","n/e","n/e","n/e","n/e","n/e","n/e","n/e","n/e","n/e","n/e","n/e","0","49","3","99"
"BZN|DK2","19.08.2018 22:00 - 19.08.2018 23:00 (CET/CEST)","3","n/e","n/e","36","168","6","n/e","n/e","n/e","n/e","n/e","n/e","n/e","n/e","n/e","n/e","n/e","0","48","5","142"
"BZN|DK2","19.08.2018 23:00 - 20.08.2018 00:00 (CET/CEST)","3","n/e","n/e","36","168","6","n/e","n/e","n/e","n/e","n/e","n/e","n/e","n/e","n/e","n/e","n/e","0","48","35","183"
"BZN|DK2","20.08.2018 00:00 - 20.08.2018 01:00 (CET/CEST)","3","n/e","n/e","35","164","6","n/e","n/e","n/e","n/e","n/e","n/e","n/e","n/e","n/e","n/e","n/e","0","41","92","246"
"BZN|DK2","20.08.2018 01:00 - 20.08.2018 02:00 (CET/CEST)","3","n/e","n/e","34","167","6","n/e","n/e","n/e","n/e","n/e","n/e","n/e","n/e","n/e","n/e","n/e","0","40","130","288"
"BZN|DK2","20.08.2018 02:00 - 20.08.2018 03:00 (CET/CEST)","3","n/e","n/e","34","167","6","n/e","n/e","n/e","n/e","n/e","n/e","n/e","n/e","n/e","n/e","n/e","0","40","201","284"
"BZN|DK2","20.08.2018 03:00 - 20.08.2018 04:00 (CET/CEST)","3","n/e","n/e","35","161","6","n/e","n/e","n/e","n/e","n/e","n/e","n/e","n/e","n/e","n/e","n/e","0","41","236","277"
"BZN|DK2","20.08.2018 04:00 - 20.08.2018 05:00 (CET/CEST)","3","n/e","n/e","34","163","6","n/e","n/e","n/e","n/e","n/e","n/e","n/e","n/e","n/e","n/e","n/e","0","41","277","287"
"BZN|DK2","20.08.2018 05:00 - 20.08.2018 06:00 (CET/CEST)","3","n/e","n/e","34","168","6","n/e","n/e","n/e","n/e","n/e","n/e","n/e","n/e","n/e","n/e","n/e","0","40","261","282"
"BZN|DK2","20.08.2018 06:00 - 20.08.2018 07:00 (CET/CEST)","3","n/e","n/e","38","165","7","n/e","n/e","n/e","n/e","n/e","n/e","n/e","n/e","n/e","n/e","n/e","3","43","250","267"
"BZN|DK2","20.08.2018 07:00 - 20.08.2018 08:00 (CET/CEST)","5","n/e","n/e","41","182","8","n/e","n/e","n/e","n/e","n/e","n/e","n/e","n/e","n/e","n/e","n/e","15","49","262","246"
"BZN|DK2","20.08.2018 08:00 - 20.08.2018 09:00 (CET/CEST)","8","n/e","n/e","51","236","9","n/e","n/e","n/e","n/e","n/e","n/e","n/e","n/e","n/e","n/e","n/e","34","48","232","227"
"BZN|DK2","20.08.2018 09:00 - 20.08.2018 10:00 (CET/CEST)","9","n/e","n/e","66","283","9","n/e","n/e","n/e","n/e","n/e","n/e","n/e","n/e","n/e","n/e","n/e","49","48","214","255"
"BZN|DK2","20.08.2018 10:00 - 20.08.2018 11:00 (CET/CEST)","9","n/e","n/e","77","256","8","n/e","n/e","n/e","n/e","n/e","n/e","n/e","n/e","n/e","n/e","n/e","106","48","160","307"
"BZN|DK2","20.08.2018 11:00 - 20.08.2018 12:00 (CET/CEST)","12","n/e","n/e","77","211","7","n/e","n/e","n/e","n/e","n/e","n/e","n/e","n/e","n/e","n/e","n/e","164","48","228","309"
"BZN|DK2","20.08.2018 12:00 - 20.08.2018 13:00 (CET/CEST)","12","n/e","n/e","84","207","7","n/e","n/e","n/e","n/e","n/e","n/e","n/e","n/e","n/e","n/e","n/e","198","49","232","340"
"BZN|DK2","20.08.2018 13:00 - 20.08.2018 14:00 (CET/CEST)","11","n/e","n/e","87","185","7","n/e","n/e","n/e","n/e","n/e","n/e","n/e","n/e","n/e","n/e","n/e","195","49","197","364"
"BZN|DK2","20.08.2018 14:00 - 20.08.2018 15:00 (CET/CEST)","12","n/e","n/e","83","165","6","n/e","n/e","n/e","n/e","n/e","n/e","n/e","n/e","n/e","n/e","n/e","195","48","265","418"
"BZN|DK2","20.08.2018 15:00 - 20.08.2018 16:00 (CET/CEST)","5","n/e","n/e","82","164","6","n/e","n/e","n/e","n/e","n/e","n/e","n/e","n/e","n/e","n/e","n/e","181","49","290","418"
"BZN|DK2","20.08.2018 16:00 - 20.08.2018 17:00 (CET/CEST)","5","n/e","n/e","82","164","6","n/e","n/e","n/e","n/e","n/e","n/e","n/e","n/e","n/e","n/e","n/e","151","49","273","426"
"BZN|DK2","20.08.2018 17:00 - 20.08.2018 18:00 (CET/CEST)","6","n/e","n/e","79","158","5","n/e","n/e","n/e","n/e","n/e","n/e","n/e","n/e","n/e","n/e","n/e","106","48","283","408"
"BZN|DK2","20.08.2018 18:00 - 20.08.2018 19:00 (CET/CEST)","7","n/e","n/e","79","159","5","n/e","n/e","n/e","n/e","n/e","n/e","n/e","n/e","n/e","n/e","n/e","57","48","283","385"
"BZN|DK2","20.08.2018 19:00 - 20.08.2018 20:00 (CET/CEST)","6","n/e","n/e","83","179","6","n/e","n/e","n/e","n/e","n/e","n/e","n/e","n/e","n/e","n/e","n/e","20","49","280","308"
"BZN|DK2","20.08.2018 20:00 - 20.08.2018 21:00 (CET/CEST)","7","n/e","n/e","83","175","6","n/e","n/e","n/e","n/e","n/e","n/e","n/e","n/e","n/e","n/e","n/e","2","43","223","232"
"BZN|DK2","20.08.2018 21:00 - 20.08.2018 22:00 (CET/CEST)","7","n/e","n/e","83","174","6","n/e","n/e","n/e","n/e","n/e","n/e","n/e","n/e","n/e","n/e","n/e","0","41","176","206"
"BZN|DK2","20.08.2018 22:00 - 20.08.2018 23:00 (CET/CEST)","6","n/e","n/e","84","170","6","n/e","n/e","n/e","n/e","n/e","n/e","n/e","n/e","n/e","n/e","n/e","0","41","142","195"
"BZN|DK2","20.08.2018 23:00 - 21.08.2018 00:00 (CET/CEST)","6","n/e","n/e","73","166","6","n/e","n/e","n/e","n/e","n/e","n/e","n/e","n/e","n/e","n/e","n/e","0","41","146","206"
"BZN|DK2","21.08.2018 00:00 - 21.08.2018 01:00 (CET/CEST)","6","n/e","n/e","35","175","6","n/e","n/e","n/e","n/e","n/e","n/e","n/e","n/e","n/e","n/e","n/e","0","40","155","185"
"BZN|DK2","21.08.2018 01:00 - 21.08.2018 02:00 (CET/CEST)","6","n/e","n/e","29","161","4","n/e","n/e","n/e","n/e","n/e","n/e","n/e","n/e","n/e","n/e","n/e","0","39","183","187"
"BZN|DK2","21.08.2018 02:00 - 21.08.2018 03:00 (CET/CEST)","7","n/e","n/e","35","170","6","n/e","n/e","n/e","n/e","n/e","n/e","n/e","n/e","n/e","n/e","n/e","0","40","155","187"
"BZN|DK2","21.08.2018 03:00 - 21.08.2018 04:00 (CET/CEST)","6","n/e","n/e","36","173","6","n/e","n/e","n/e","n/e","n/e","n/e","n/e","n/e","n/e","n/e","n/e","0","40","137","185"
"BZN|DK2","21.08.2018 04:00 - 21.08.2018 05:00 (CET/CEST)","7","n/e","n/e","36","173","6","n/e","n/e","n/e","n/e","n/e","n/e","n/e","n/e","n/e","n/e","n/e","0","40","122","141"
"BZN|DK2","21.08.2018 05:00 - 21.08.2018 06:00 (CET/CEST)","6","n/e","n/e","36","191","6","n/e","n/e","n/e","n/e","n/e","n/e","n/e","n/e","n/e","n/e","n/e","0","40","90","111"
"BZN|DK2","21.08.2018 06:00 - 21.08.2018 07:00 (CET/CEST)","7","n/e","n/e","38","274","7","n/e","n/e","n/e","n/e","n/e","n/e","n/e","n/e","n/e","n/e","n/e","6","41","81","95"
"BZN|DK2","21.08.2018 07:00 - 21.08.2018 08:00 (CET/CEST)","12","n/e","n/e","53","285","9","n/e","n/e","n/e","n/e","n/e","n/e","n/e","n/e","n/e","n/e","n/e","30","44","70","82"
"BZN|DK2","21.08.2018 08:00 - 21.08.2018 09:00 (CET/CEST)","12","n/e","n/e","60","299","10","n/e","n/e","n/e","n/e","n/e","n/e","n/e","n/e","n/e","n/e","n/e","77","44","58","73"
"BZN|DK2","21.08.2018 09:00 - 21.08.2018 10:00 (CET/CEST)","12","n/e","n/e","47","286","10","n/e","n/e","n/e","n/e","n/e","n/e","n/e","n/e","n/e","n/e","n/e","125","46","36","81"
"BZN|DK2","21.08.2018 10:00 - 21.08.2018 11:00 (CET/CEST)","12","n/e","n/e","43","261","9","n/e","n/e","n/e","n/e","n/e","n/e","n/e","n/e","n/e","n/e","n/e","164","47","32","66"
"BZN|DK2","21.08.2018 11:00 - 21.08.2018 12:00 (CET/CEST)","12","n/e","n/e","41","178","8","n/e","n/e","n/e","n/e","n/e","n/e","n/e","n/e","n/e","n/e","n/e","193","47","30","48"
"BZN|DK2","21.08.2018 12:00 - 21.08.2018 13:00 (CET/CEST)","12","n/e","n/e","39","176","7","n/e","n/e","n/e","n/e","n/e","n/e","n/e","n/e","n/e","n/e","n/e","200","48","32","38"
"BZN|DK2","21.08.2018 13:00 - 21.08.2018 14:00 (CET/CEST)","12","n/e","n/e","38","184","7","n/e","n/e","n/e","n/e","n/e","n/e","n/e","n/e","n/e","n/e","n/e","206","48","34","40"
"BZN|DK2","21.08.2018 14:00 - 21.08.2018 15:00 (CET/CEST)","11","n/e","n/e","37","227","7","n/e","n/e","n/e","n/e","n/e","n/e","n/e","n/e","n/e","n/e","n/e","211","47","31","44"
"BZN|DK2","21.08.2018 15:00 - 21.08.2018 16:00 (CET/CEST)","6","n/e","n/e","37","239","7","n/e","n/e","n/e","n/e","n/e","n/e","n/e","n/e","n/e","n/e","n/e","192","47","21","41"
"BZN|DK2","21.08.2018 16:00 - 21.08.2018 17:00 (CET/CEST)","5","n/e","n/e","37","180","7","n/e","n/e","n/e","n/e","n/e","n/e","n/e","n/e","n/e","n/e","n/e","159","47","11","38"
"BZN|DK2","21.08.2018 17:00 - 21.08.2018 18:00 (CET/CEST)","5","n/e","n/e","41","249","8","n/e","n/e","n/e","n/e","n/e","n/e","n/e","n/e","n/e","n/e","n/e","113","48","6","26"
"BZN|DK2","21.08.2018 18:00 - 21.08.2018 19:00 (CET/CEST)","6","n/e","n/e","41","274","8","n/e","n/e","n/e","n/e","n/e","n/e","n/e","n/e","n/e","n/e","n/e","58","48","1","14"
"BZN|DK2","21.08.2018 19:00 - 21.08.2018 20:00 (CET/CEST)","4","n/e","n/e","41","276","8","n/e","n/e","n/e","n/e","n/e","n/e","n/e","n/e","n/e","n/e","n/e","19","47","0","6"
"BZN|DK2","21.08.2018 20:00 - 21.08.2018 21:00 (CET/CEST)","3","n/e","n/e","40","279","7","n/e","n/e","n/e","n/e","n/e","n/e","n/e","n/e","n/e","n/e","n/e","2","43","0","5"
"BZN|DK2","21.08.2018 21:00 - 21.08.2018 22:00 (CET/CEST)","3","n/e","n/e","36","275","6","n/e","n/e","n/e","n/e","n/e","n/e","n/e","n/e","n/e","n/e","n/e","0","42","0","6"
"BZN|DK2","21.08.2018 22:00 - 21.08.2018 23:00 (CET/CEST)","3","n/e","n/e","36","258","6","n/e","n/e","n/e","n/e","n/e","n/e","n/e","n/e","n/e","n/e","n/e","0","42","5","11"
"BZN|DK2","21.08.2018 23:00 - 22.08.2018 00:00 (CET/CEST)","3","n/e","n/e","35","176","6","n/e","n/e","n/e","n/e","n/e","n/e","n/e","n/e","n/e","n/e","n/e","0","42","15","28"
"BZN|DK2","22.08.2018 00:00 - 22.08.2018 01:00 (CET/CEST)","3","n/e","n/e","46","178","6","n/e","n/e","n/e","n/e","n/e","n/e","n/e","n/e","n/e","n/e","n/e","0","42","27","42"
"BZN|DK2","22.08.2018 01:00 - 22.08.2018 02:00 (CET/CEST)","3","n/e","n/e","35","178","6","n/e","n/e","n/e","n/e","n/e","n/e","n/e","n/e","n/e","n/e","n/e","0","41","42","53"
"BZN|DK2","22.08.2018 02:00 - 22.08.2018 03:00 (CET/CEST)","3","n/e","n/e","35","166","6","n/e","n/e","n/e","n/e","n/e","n/e","n/e","n/e","n/e","n/e","n/e","0","42","57","65"
"BZN|DK2","22.08.2018 03:00 - 22.08.2018 04:00 (CET/CEST)","3","n/e","n/e","34","161","6","n/e","n/e","n/e","n/e","n/e","n/e","n/e","n/e","n/e","n/e","n/e","0","41","50","74"
"BZN|DK2","22.08.2018 04:00 - 22.08.2018 05:00 (CET/CEST)","3","n/e","n/e","34","166","6","n/e","n/e","n/e","n/e","n/e","n/e","n/e","n/e","n/e","n/e","n/e","0","42","53","86"
"BZN|DK2","22.08.2018 05:00 - 22.08.2018 06:00 (CET/CEST)","3","n/e","n/e","34","172","6","n/e","n/e","n/e","n/e","n/e","n/e","n/e","n/e","n/e","n/e","n/e","0","41","53","86"
"BZN|DK2","22.08.2018 06:00 - 22.08.2018 07:00 (CET/CEST)","3","n/e","n/e","36","176","6","n/e","n/e","n/e","n/e","n/e","n/e","n/e","n/e","n/e","n/e","n/e","4","42","48","104"
"BZN|DK2","22.08.2018 07:00 - 22.08.2018 08:00 (CET/CEST)","7","n/e","n/e","38","167","7","n/e","n/e","n/e","n/e","n/e","n/e","n/e","n/e","n/e","n/e","n/e","22","37","47","115"
"BZN|DK2","22.08.2018 08:00 - 22.08.2018 09:00 (CET/CEST)","9","n/e","n/e","43","175","9","n/e","n/e","n/e","n/e","n/e","n/e","n/e","n/e","n/e","n/e","n/e","62","45","45","133"
"BZN|DK2","22.08.2018 09:00 - 22.08.2018 10:00 (CET/CEST)","9","n/e","n/e","43","180","9","n/e","n/e","n/e","n/e","n/e","n/e","n/e","n/e","n/e","n/e","n/e","122","47","39","156"
"BZN|DK2","22.08.2018 10:00 - 22.08.2018 11:00 (CET/CEST)","8","n/e","n/e","42","182","8","n/e","n/e","n/e","n/e","n/e","n/e","n/e","n/e","n/e","n/e","n/e","172","48","38","166"
"BZN|DK2","22.08.2018 11:00 - 22.08.2018 12:00 (CET/CEST)","8","n/e","n/e","40","180","8","n/e","n/e","n/e","n/e","n/e","n/e","n/e","n/e","n/e","n/e","n/e","206","44","31","180"
"BZN|DK2","22.08.2018 12:00 - 22.08.2018 13:00 (CET/CEST)","8","n/e","n/e","42","175","7","n/e","n/e","n/e","n/e","n/e","n/e","n/e","n/e","n/e","n/e","n/e","224","40","24","199"
"BZN|DK2","22.08.2018 13:00 - 22.08.2018 14:00 (CET/CEST)","4","n/e","n/e","60","175","7","n/e","n/e","n/e","n/e","n/e","n/e","n/e","n/e","n/e","n/e","n/e","231","49","17","207"
"BZN|DK2","22.08.2018 14:00 - 22.08.2018 15:00 (CET/CEST)","3","n/e","n/e","56","170","6","n/e","n/e","n/e","n/e","n/e","n/e","n/e","n/e","n/e","n/e","n/e","222","48","12","202"
"BZN|DK2","22.08.2018 15:00 - 22.08.2018 16:00 (CET/CEST)","3","n/e","n/e","36","171","6","n/e","n/e","n/e","n/e","n/e","n/e","n/e","n/e","n/e","n/e","n/e","201","47","12","192"
"BZN|DK2","22.08.2018 16:00 - 22.08.2018 17:00 (CET/CEST)","3","n/e","n/e","36","175","6","n/e","n/e","n/e","n/e","n/e","n/e","n/e","n/e","n/e","n/e","n/e","163","48","14","177"
"BZN|DK2","22.08.2018 17:00 - 22.08.2018 18:00 (CET/CEST)","3","n/e","n/e","36","181","6","n/e","n/e","n/e","n/e","n/e","n/e","n/e","n/e","n/e","n/e","n/e","109","48","27","161"
"BZN|DK2","22.08.2018 18:00 - 22.08.2018 19:00 (CET/CEST)","3","n/e","n/e","37","176","7","n/e","n/e","n/e","n/e","n/e","n/e","n/e","n/e","n/e","n/e","n/e","55","45","35","145"
"BZN|DK2","22.08.2018 19:00 - 22.08.2018 20:00 (CET/CEST)","3","n/e","n/e","36","181","6","n/e","n/e","n/e","n/e","n/e","n/e","n/e","n/e","n/e","n/e","n/e","17","46","34","126"
"BZN|DK2","22.08.2018 20:00 - 22.08.2018 21:00 (CET/CEST)","3","n/e","n/e","37","180","7","n/e","n/e","n/e","n/e","n/e","n/e","n/e","n/e","n/e","n/e","n/e","1","44","26","123"
"BZN|DK2","22.08.2018 21:00 - 22.08.2018 22:00 (CET/CEST)","3","n/e","n/e","37","179","7","n/e","n/e","n/e","n/e","n/e","n/e","n/e","n/e","n/e","n/e","n/e","0","39","49","137"
"BZN|DK2","22.08.2018 22:00 - 22.08.2018 23:00 (CET/CEST)","3","n/e","n/e","36","177","6","n/e","n/e","n/e","n/e","n/e","n/e","n/e","n/e","n/e","n/e","n/e","0","38","128","139"
"BZN|DK2","22.08.2018 23:00 - 23.08.2018 00:00 (CET/CEST)","3","n/e","n/e","35","173","6","n/e","n/e","n/e","n/e","n/e","n/e","n/e","n/e","n/e","n/e","n/e","0","38","160","139"
"BZN|DK2","23.08.2018 00:00 - 23.08.2018 01:00 (CET/CEST)","3","n/e","n/e","36","177","6","n/e","n/e","n/e","n/e","n/e","n/e","n/e","n/e","n/e","n/e","n/e","0","37","121","129"
"BZN|DK2","23.08.2018 01:00 - 23.08.2018 02:00 (CET/CEST)","3","n/e","n/e","35","176","6","n/e","n/e","n/e","n/e","n/e","n/e","n/e","n/e","n/e","n/e","n/e","0","37","81","116"
"BZN|DK2","23.08.2018 02:00 - 23.08.2018 03:00 (CET/CEST)","3","n/e","n/e","38","180","7","n/e","n/e","n/e","n/e","n/e","n/e","n/e","n/e","n/e","n/e","n/e","0","30","54","74"
"BZN|DK2","23.08.2018 03:00 - 23.08.2018 04:00 (CET/CEST)","3","n/e","n/e","39","180","7","n/e","n/e","n/e","n/e","n/e","n/e","n/e","n/e","n/e","n/e","n/e","0","26","43","53"
"BZN|DK2","23.08.2018 04:00 - 23.08.2018 05:00 (CET/CEST)","3","n/e","n/e","40","182","7","n/e","n/e","n/e","n/e","n/e","n/e","n/e","n/e","n/e","n/e","n/e","0","26","16","51"
"BZN|DK2","23.08.2018 05:00 - 23.08.2018 06:00 (CET/CEST)","3","n/e","n/e","52","234","8","n/e","n/e","n/e","n/e","n/e","n/e","n/e","n/e","n/e","n/e","n/e","0","26","13","39"
"BZN|DK2","23.08.2018 06:00 - 23.08.2018 07:00 (CET/CEST)","3","n/e","n/e","41","286","8","n/e","n/e","n/e","n/e","n/e","n/e","n/e","n/e","n/e","n/e","n/e","5","27","8","16"
"BZN|DK2","23.08.2018 07:00 - 23.08.2018 08:00 (CET/CEST)","6","n/e","n/e","46","291","9","n/e","n/e","n/e","n/e","n/e","n/e","n/e","n/e","n/e","n/e","n/e","23","33","8","11"
"BZN|DK2","23.08.2018 08:00 - 23.08.2018 09:00 (CET/CEST)","7","n/e","n/e","58","298","10","n/e","n/e","n/e","n/e","n/e","n/e","n/e","n/e","n/e","n/e","n/e","59","34","1","10"
"BZN|DK2","23.08.2018 09:00 - 23.08.2018 10:00 (CET/CEST)","7","n/e","n/e","53","308","10","n/e","n/e","n/e","n/e","n/e","n/e","n/e","n/e","n/e","n/e","n/e","109","34","0","11"
"BZN|DK2","23.08.2018 10:00 - 23.08.2018 11:00 (CET/CEST)","7","n/e","n/e","48","303","9","n/e","n/e","n/e","n/e","n/e","n/e","n/e","n/e","n/e","n/e","n/e","159","34","1","14"
"BZN|DK2","23.08.2018 11:00 - 23.08.2018 12:00 (CET/CEST)","8","n/e","n/e","56","310","13","n/e","n/e","n/e","n/e","n/e","n/e","n/e","n/e","n/e","n/e","n/e","190","36","7","32"
"BZN|DK2","23.08.2018 12:00 - 23.08.2018 13:00 (CET/CEST)","7","n/e","n/e","40","280","8","n/e","n/e","n/e","n/e","n/e","n/e","n/e","n/e","n/e","n/e","n/e","204","33","10","53"
"BZN|DK2","23.08.2018 13:00 - 23.08.2018 14:00 (CET/CEST)","7","n/e","n/e","46","281","8","n/e","n/e","n/e","n/e","n/e","n/e","n/e","n/e","n/e","n/e","n/e","209","30","16","74"
"BZN|DK2","23.08.2018 14:00 - 23.08.2018 15:00 (CET/CEST)","7","n/e","n/e","62","262","8","n/e","n/e","n/e","n/e","n/e","n/e","n/e","n/e","n/e","n/e","n/e","199","28","19","102"
"BZN|DK2","23.08.2018 15:00 - 23.08.2018 16:00 (CET/CEST)","7","n/e","n/e","59","187","8","n/e","n/e","n/e","n/e","n/e","n/e","n/e","n/e","n/e","n/e","n/e","177","29","6","114"
"BZN|DK2","23.08.2018 16:00 - 23.08.2018 17:00 (CET/CEST)","7","n/e","n/e","39","176","8","n/e","n/e","n/e","n/e","n/e","n/e","n/e","n/e","n/e","n/e","n/e","140","28","4","131"
"BZN|DK2","23.08.2018 17:00 - 23.08.2018 18:00 (CET/CEST)","7","n/e","n/e","40","201","8","n/e","n/e","n/e","n/e","n/e","n/e","n/e","n/e","n/e","n/e","n/e","91","28","17","171"
"BZN|DK2","23.08.2018 18:00 - 23.08.2018 19:00 (CET/CEST)","7","n/e","n/e","43","271","9","n/e","n/e","n/e","n/e","n/e","n/e","n/e","n/e","n/e","n/e","n/e","46","28","52","198"
"BZN|DK2","23.08.2018 19:00 - 23.08.2018 20:00 (CET/CEST)","4","n/e","n/e","43","289","9","n/e","n/e","n/e","n/e","n/e","n/e","n/e","n/e","n/e","n/e","n/e","13","28","26","127"
"BZN|DK2","23.08.2018 20:00 - 23.08.2018 21:00 (CET/CEST)","3","n/e","n/e","53","283","8","n/e","n/e","n/e","n/e","n/e","n/e","n/e","n/e","n/e","n/e","n/e","1","28","5","72"
"BZN|DK2","23.08.2018 21:00 - 23.08.2018 22:00 (CET/CEST)","3","n/e","n/e","71","286","9","n/e","n/e","n/e","n/e","n/e","n/e","n/e","n/e","n/e","n/e","n/e","0","26","1","65"
"BZN|DK2","23.08.2018 22:00 - 23.08.2018 23:00 (CET/CEST)","3","n/e","n/e","62","281","8","n/e","n/e","n/e","n/e","n/e","n/e","n/e","n/e","n/e","n/e","n/e","0","25","3","77"
"BZN|DK2","23.08.2018 23:00 - 24.08.2018 00:00 (CET/CEST)","3","n/e","n/e","40","214","8","n/e","n/e","n/e","n/e","n/e","n/e","n/e","n/e","n/e","n/e","n/e","0","25","13","87"
"BZN|DK2","24.08.2018 00:00 - 24.08.2018 01:00 (CET/CEST)","3","n/e","n/e","40","173","8","n/e","n/e","n/e","n/e","n/e","n/e","n/e","n/e","n/e","n/e","n/e","0","25","36","104"
"BZN|DK2","24.08.2018 01:00 - 24.08.2018 02:00 (CET/CEST)","3","n/e","n/e","40","173","7","n/e","n/e","n/e","n/e","n/e","n/e","n/e","n/e","n/e","n/e","n/e","0","26","82","143"
"BZN|DK2","24.08.2018 02:00 - 24.08.2018 03:00 (CET/CEST)","3","n/e","n/e","40","177","7","n/e","n/e","n/e","n/e","n/e","n/e","n/e","n/e","n/e","n/e","n/e","0","26","105","162"
"BZN|DK2","24.08.2018 03:00 - 24.08.2018 04:00 (CET/CEST)","3","n/e","n/e","39","173","7","n/e","n/e","n/e","n/e","n/e","n/e","n/e","n/e","n/e","n/e","n/e","0","27","134","168"
"BZN|DK2","24.08.2018 04:00 - 24.08.2018 05:00 (CET/CEST)","3","n/e","n/e","39","176","7","n/e","n/e","n/e","n/e","n/e","n/e","n/e","n/e","n/e","n/e","n/e","0","26","183","201"
"BZN|DK2","24.08.2018 05:00 - 24.08.2018 06:00 (CET/CEST)","3","n/e","n/e","39","172","7","n/e","n/e","n/e","n/e","n/e","n/e","n/e","n/e","n/e","n/e","n/e","0","27","132","187"
"BZN|DK2","24.08.2018 06:00 - 24.08.2018 07:00 (CET/CEST)","3","n/e","n/e","41","180","8","n/e","n/e","n/e","n/e","n/e","n/e","n/e","n/e","n/e","n/e","n/e","2","28","180","113"
"BZN|DK2","24.08.2018 07:00 - 24.08.2018 08:00 (CET/CEST)","7","n/e","n/e","44","179","9","n/e","n/e","n/e","n/e","n/e","n/e","n/e","n/e","n/e","n/e","n/e","9","32","99","62"
"BZN|DK2","24.08.2018 08:00 - 24.08.2018 09:00 (CET/CEST)","7","n/e","n/e","48","180","10","n/e","n/e","n/e","n/e","n/e","n/e","n/e","n/e","n/e","n/e","n/e","37","33","138","73"
"BZN|DK2","24.08.2018 09:00 - 24.08.2018 10:00 (CET/CEST)","7","n/e","n/e","65","219","10","n/e","n/e","n/e","n/e","n/e","n/e","n/e","n/e","n/e","n/e","n/e","63","34","234","167"
"BZN|DK2","24.08.2018 10:00 - 24.08.2018 11:00 (CET/CEST)","6","n/e","n/e","83","209","8","n/e","n/e","n/e","n/e","n/e","n/e","n/e","n/e","n/e","n/e","n/e","87","31","239","163"
"BZN|DK2","24.08.2018 11:00 - 24.08.2018 12:00 (CET/CEST)","7","n/e","n/e","82","189","8","n/e","n/e","n/e","n/e","n/e","n/e","n/e","n/e","n/e","n/e","n/e","109","42","180","284"
"BZN|DK2","24.08.2018 12:00 - 24.08.2018 13:00 (CET/CEST)","6","n/e","n/e","74","179","7","n/e","n/e","n/e","n/e","n/e","n/e","n/e","n/e","n/e","n/e","n/e","112","45","292","376"
"BZN|DK2","24.08.2018 13:00 - 24.08.2018 14:00 (CET/CEST)","3","n/e","n/e","71","173","7","n/e","n/e","n/e","n/e","n/e","n/e","n/e","n/e","n/e","n/e","n/e","78","46","334","383"
"BZN|DK2","24.08.2018 14:00 - 24.08.2018 15:00 (CET/CEST)","3","n/e","n/e","59","179","7","n/e","n/e","n/e","n/e","n/e","n/e","n/e","n/e","n/e","n/e","n/e","99","43","294","281"
"BZN|DK2","24.08.2018 15:00 - 24.08.2018 16:00 (CET/CEST)","3","n/e","n/e","41","170","6","n/e","n/e","n/e","n/e","n/e","n/e","n/e","n/e","n/e","n/e","n/e","147","43","186","281"
"BZN|DK2","24.08.2018 16:00 - 24.08.2018 17:00 (CET/CEST)","3","n/e","n/e","36","171","6","n/e","n/e","n/e","n/e","n/e","n/e","n/e","n/e","n/e","n/e","n/e","119","43","244","351"
"BZN|DK2","24.08.2018 17:00 - 24.08.2018 18:00 (CET/CEST)","3","n/e","n/e","36","172","6","n/e","n/e","n/e","n/e","n/e","n/e","n/e","n/e","n/e","n/e","n/e","91","42","328","353"
"BZN|DK2","24.08.2018 18:00 - 24.08.2018 19:00 (CET/CEST)","3","n/e","n/e","35","165","6","n/e","n/e","n/e","n/e","n/e","n/e","n/e","n/e","n/e","n/e","n/e","55","42","307","318"
"BZN|DK2","24.08.2018 19:00 - 24.08.2018 20:00 (CET/CEST)","3","n/e","n/e","36","169","6","n/e","n/e","n/e","n/e","n/e","n/e","n/e","n/e","n/e","n/e","n/e","16","42","276","287"
"BZN|DK2","24.08.2018 20:00 - 24.08.2018 21:00 (CET/CEST)","3","n/e","n/e","36","176","6","n/e","n/e","n/e","n/e","n/e","n/e","n/e","n/e","n/e","n/e","n/e","1","42","284","296"
"BZN|DK2","24.08.2018 21:00 - 24.08.2018 22:00 (CET/CEST)","3","n/e","n/e","36","177","6","n/e","n/e","n/e","n/e","n/e","n/e","n/e","n/e","n/e","n/e","n/e","0","40","293","299"
"BZN|DK2","24.08.2018 22:00 - 24.08.2018 23:00 (CET/CEST)","3","n/e","n/e","36","175","6","n/e","n/e","n/e","n/e","n/e","n/e","n/e","n/e","n/e","n/e","n/e","0","37","270","285"
"BZN|DK2","24.08.2018 23:00 - 25.08.2018 00:00 (CET/CEST)","3","n/e","n/e","36","170","6","n/e","n/e","n/e","n/e","n/e","n/e","n/e","n/e","n/e","n/e","n/e","0","36","209","217"
"BZN|DK2","25.08.2018 00:00 - 25.08.2018 01:00 (CET/CEST)","3","n/e","n/e","37","172","7","n/e","n/e","n/e","n/e","n/e","n/e","n/e","n/e","n/e","n/e","n/e","0","36","240","228"
"BZN|DK2","25.08.2018 01:00 - 25.08.2018 02:00 (CET/CEST)","3","n/e","n/e","37","169","7","n/e","n/e","n/e","n/e","n/e","n/e","n/e","n/e","n/e","n/e","n/e","0","36","321","261"
"BZN|DK2","25.08.2018 02:00 - 25.08.2018 03:00 (CET/CEST)","3","n/e","n/e","37","173","6","n/e","n/e","n/e","n/e","n/e","n/e","n/e","n/e","n/e","n/e","n/e","0","37","314","240"
"BZN|DK2","25.08.2018 03:00 - 25.08.2018 04:00 (CET/CEST)","3","n/e","n/e","37","175","6","n/e","n/e","n/e","n/e","n/e","n/e","n/e","n/e","n/e","n/e","n/e","0","38","322","256"
"BZN|DK2","25.08.2018 04:00 - 25.08.2018 05:00 (CET/CEST)","3","n/e","n/e","37","176","6","n/e","n/e","n/e","n/e","n/e","n/e","n/e","n/e","n/e","n/e","n/e","0","38","276","245"
"BZN|DK2","25.08.2018 05:00 - 25.08.2018 06:00 (CET/CEST)","3","n/e","n/e","36","176","6","n/e","n/e","n/e","n/e","n/e","n/e","n/e","n/e","n/e","n/e","n/e","0","39","209","205"
"BZN|DK2","25.08.2018 06:00 - 25.08.2018 07:00 (CET/CEST)","3","n/e","n/e","36","168","6","n/e","n/e","n/e","n/e","n/e","n/e","n/e","n/e","n/e","n/e","n/e","4","39","160","188"
"BZN|DK2","25.08.2018 07:00 - 25.08.2018 08:00 (CET/CEST)","3","n/e","n/e","37","178","7","n/e","n/e","n/e","n/e","n/e","n/e","n/e","n/e","n/e","n/e","n/e","23","42","158","171"
"BZN|DK2","25.08.2018 08:00 - 25.08.2018 09:00 (CET/CEST)","4","n/e","n/e","38","168","7","n/e","n/e","n/e","n/e","n/e","n/e","n/e","n/e","n/e","n/e","n/e","58","43","115","147"
"BZN|DK2","25.08.2018 09:00 - 25.08.2018 10:00 (CET/CEST)","6","n/e","n/e","39","177","7","n/e","n/e","n/e","n/e","n/e","n/e","n/e","n/e","n/e","n/e","n/e","111","43","161","154"
"BZN|DK2","25.08.2018 10:00 - 25.08.2018 11:00 (CET/CEST)","6","n/e","n/e","38","166","7","n/e","n/e","n/e","n/e","n/e","n/e","n/e","n/e","n/e","n/e","n/e","140","38","135","156"
"BZN|DK2","25.08.2018 11:00 - 25.08.2018 12:00 (CET/CEST)","6","n/e","n/e","38","178","7","n/e","n/e","n/e","n/e","n/e","n/e","n/e","n/e","n/e","n/e","n/e","164","37","73","125"
"BZN|DK2","25.08.2018 12:00 - 25.08.2018 13:00 (CET/CEST)","6","n/e","n/e","36","173","6","n/e","n/e","n/e","n/e","n/e","n/e","n/e","n/e","n/e","n/e","n/e","165","40","75","100"
"BZN|DK2","25.08.2018 13:00 - 25.08.2018 14:00 (CET/CEST)","6","n/e","n/e","35","165","6","n/e","n/e","n/e","n/e","n/e","n/e","n/e","n/e","n/e","n/e","n/e","138","42","145","104"
"BZN|DK2","25.08.2018 14:00 - 25.08.2018 15:00 (CET/CEST)","6","n/e","n/e","35","167","6","n/e","n/e","n/e","n/e","n/e","n/e","n/e","n/e","n/e","n/e","n/e","107","43","194","147"
"BZN|DK2","25.08.2018 15:00 - 25.08.2018 16:00 (CET/CEST)","3","n/e","n/e","35","174","6","n/e","n/e","n/e","n/e","n/e","n/e","n/e","n/e","n/e","n/e","n/e","65","42","73","92"
"BZN|DK2","25.08.2018 16:00 - 25.08.2018 17:00 (CET/CEST)","1","n/e","n/e","36","169","6","n/e","n/e","n/e","n/e","n/e","n/e","n/e","n/e","n/e","n/e","n/e","34","42","119","91"
"BZN|DK2","25.08.2018 17:00 - 25.08.2018 18:00 (CET/CEST)","1","n/e","n/e","36","165","6","n/e","n/e","n/e","n/e","n/e","n/e","n/e","n/e","n/e","n/e","n/e","15","43","180","79"
"BZN|DK2","25.08.2018 18:00 - 25.08.2018 19:00 (CET/CEST)","1","n/e","n/e","37","164","6","n/e","n/e","n/e","n/e","n/e","n/e","n/e","n/e","n/e","n/e","n/e","8","43","82","68"
"BZN|DK2","25.08.2018 19:00 - 25.08.2018 20:00 (CET/CEST)","1","n/e","n/e","37","165","6","n/e","n/e","n/e","n/e","n/e","n/e","n/e","n/e","n/e","n/e","n/e","5","43","139","68"
"BZN|DK2","25.08.2018 20:00 - 25.08.2018 21:00 (CET/CEST)","1","n/e","n/e","36","162","6","n/e","n/e","n/e","n/e","n/e","n/e","n/e","n/e","n/e","n/e","n/e","1","43","226","99"
"BZN|DK2","25.08.2018 21:00 - 25.08.2018 22:00 (CET/CEST)","1","n/e","n/e","36","164","6","n/e","n/e","n/e","n/e","n/e","n/e","n/e","n/e","n/e","n/e","n/e","0","38","231","124"
"BZN|DK2","25.08.2018 22:00 - 25.08.2018 23:00 (CET/CEST)","1","n/e","n/e","37","164","6","n/e","n/e","n/e","n/e","n/e","n/e","n/e","n/e","n/e","n/e","n/e","0","35","263","159"
"BZN|DK2","25.08.2018 23:00 - 26.08.2018 00:00 (CET/CEST)","1","n/e","n/e","36","160","6","n/e","n/e","n/e","n/e","n/e","n/e","n/e","n/e","n/e","n/e","n/e","0","36","290","167"
"BZN|DK2","26.08.2018 00:00 - 26.08.2018 01:00 (CET/CEST)","1","n/e","n/e","35","168","6","n/e","n/e","n/e","n/e","n/e","n/e","n/e","n/e","n/e","n/e","n/e","0","38","292","168"
"BZN|DK2","26.08.2018 01:00 - 26.08.2018 02:00 (CET/CEST)","1","n/e","n/e","35","166","6","n/e","n/e","n/e","n/e","n/e","n/e","n/e","n/e","n/e","n/e","n/e","0","39","303","173"
"BZN|DK2","26.08.2018 02:00 - 26.08.2018 03:00 (CET/CEST)","1","n/e","n/e","35","167","6","n/e","n/e","n/e","n/e","n/e","n/e","n/e","n/e","n/e","n/e","n/e","0","39","217","154"
"BZN|DK2","26.08.2018 03:00 - 26.08.2018 04:00 (CET/CEST)","1","n/e","n/e","35","170","6","n/e","n/e","n/e","n/e","n/e","n/e","n/e","n/e","n/e","n/e","n/e","0","39","225","184"
"BZN|DK2","26.08.2018 04:00 - 26.08.2018 05:00 (CET/CEST)","1","n/e","n/e","35","167","6","n/e","n/e","n/e","n/e","n/e","n/e","n/e","n/e","n/e","n/e","n/e","0","39","250","215"
"BZN|DK2","26.08.2018 05:00 - 26.08.2018 06:00 (CET/CEST)","1","n/e","n/e","36","169","6","n/e","n/e","n/e","n/e","n/e","n/e","n/e","n/e","n/e","n/e","n/e","0","39","256","218"
"BZN|DK2","26.08.2018 06:00 - 26.08.2018 07:00 (CET/CEST)","1","n/e","n/e","36","166","6","n/e","n/e","n/e","n/e","n/e","n/e","n/e","n/e","n/e","n/e","n/e","4","40","276","219"
"BZN|DK2","26.08.2018 07:00 - 26.08.2018 08:00 (CET/CEST)","1","n/e","n/e","37","179","7","n/e","n/e","n/e","n/e","n/e","n/e","n/e","n/e","n/e","n/e","n/e","28","42","230","198"
"BZN|DK2","26.08.2018 08:00 - 26.08.2018 09:00 (CET/CEST)","1","n/e","n/e","38","179","7","n/e","n/e","n/e","n/e","n/e","n/e","n/e","n/e","n/e","n/e","n/e","74","43","191","216"
"BZN|DK2","26.08.2018 09:00 - 26.08.2018 10:00 (CET/CEST)","1","n/e","n/e","39","173","7","n/e","n/e","n/e","n/e","n/e","n/e","n/e","n/e","n/e","n/e","n/e","123","43","218","277"
"BZN|DK2","26.08.2018 10:00 - 26.08.2018 11:00 (CET/CEST)","1","n/e","n/e","38","170","7","n/e","n/e","n/e","n/e","n/e","n/e","n/e","n/e","n/e","n/e","n/e","143","42","210","302"
"BZN|DK2","26.08.2018 11:00 - 26.08.2018 12:00 (CET/CEST)","1","n/e","n/e","37","171","7","n/e","n/e","n/e","n/e","n/e","n/e","n/e","n/e","n/e","n/e","n/e","170","43","201","288"
"BZN|DK2","26.08.2018 12:00 - 26.08.2018 13:00 (CET/CEST)","1","n/e","n/e","36","169","6","n/e","n/e","n/e","n/e","n/e","n/e","n/e","n/e","n/e","n/e","n/e","190","43","218","265"
"BZN|DK2","26.08.2018 13:00 - 26.08.2018 14:00 (CET/CEST)","1","n/e","n/e","36","165","6","n/e","n/e","n/e","n/e","n/e","n/e","n/e","n/e","n/e","n/e","n/e","178","42","142","241"
"BZN|DK2","26.08.2018 14:00 - 26.08.2018 15:00 (CET/CEST)","1","n/e","n/e","36","170","6","n/e","n/e","n/e","n/e","n/e","n/e","n/e","n/e","n/e","n/e","n/e","173","43","122","236"
"BZN|DK2","26.08.2018 15:00 - 26.08.2018 16:00 (CET/CEST)","1","n/e","n/e","36","170","6","n/e","n/e","n/e","n/e","n/e","n/e","n/e","n/e","n/e","n/e","n/e","157","43","78","202"
"BZN|DK2","26.08.2018 16:00 - 26.08.2018 17:00 (CET/CEST)","1","n/e","n/e","36","170","6","n/e","n/e","n/e","n/e","n/e","n/e","n/e","n/e","n/e","n/e","n/e","140","43","63","186"
"BZN|DK2","26.08.2018 17:00 - 26.08.2018 18:00 (CET/CEST)","1","n/e","n/e","36","171","6","n/e","n/e","n/e","n/e","n/e","n/e","n/e","n/e","n/e","n/e","n/e","103","43","65","158"
"BZN|DK2","26.08.2018 18:00 - 26.08.2018 19:00 (CET/CEST)","1","n/e","n/e","37","177","7","n/e","n/e","n/e","n/e","n/e","n/e","n/e","n/e","n/e","n/e","n/e","50","43","56","127"
"BZN|DK2","26.08.2018 19:00 - 26.08.2018 20:00 (CET/CEST)","1","n/e","n/e","38","181","7","n/e","n/e","n/e","n/e","n/e","n/e","n/e","n/e","n/e","n/e","n/e","11","43","9","76"
"BZN|DK2","26.08.2018 20:00 - 26.08.2018 21:00 (CET/CEST)","1","n/e","n/e","39","180","7","n/e","n/e","n/e","n/e","n/e","n/e","n/e","n/e","n/e","n/e","n/e","1","42","6","49"
"BZN|DK2","26.08.2018 21:00 - 26.08.2018 22:00 (CET/CEST)","1","n/e","n/e","38","178","7","n/e","n/e","n/e","n/e","n/e","n/e","n/e","n/e","n/e","n/e","n/e","0","43","4","48"
"BZN|DK2","26.08.2018 22:00 - 26.08.2018 23:00 (CET/CEST)","1","n/e","n/e","36","171","6","n/e","n/e","n/e","n/e","n/e","n/e","n/e","n/e","n/e","n/e","n/e","0","43","2","43"
"BZN|DK2","26.08.2018 23:00 - 27.08.2018 00:00 (CET/CEST)","1","n/e","n/e","35","168","6","n/e","n/e","n/e","n/e","n/e","n/e","n/e","n/e","n/e","n/e","n/e","0","43","7","52"
"BZN|DK2","27.08.2018 00:00 - 27.08.2018 01:00 (CET/CEST)","1","n/e","n/e","36","176","6","n/e","n/e","n/e","n/e","n/e","n/e","n/e","n/e","n/e","n/e","n/e","0","41","68","71"
"BZN|DK2","27.08.2018 01:00 - 27.08.2018 02:00 (CET/CEST)","1","n/e","n/e","35","168","6","n/e","n/e","n/e","n/e","n/e","n/e","n/e","n/e","n/e","n/e","n/e","0","43","171","133"
"BZN|DK2","27.08.2018 02:00 - 27.08.2018 03:00 (CET/CEST)","1","n/e","n/e","35","170","6","n/e","n/e","n/e","n/e","n/e","n/e","n/e","n/e","n/e","n/e","n/e","0","43","187","177"
"BZN|DK2","27.08.2018 03:00 - 27.08.2018 04:00 (CET/CEST)","1","n/e","n/e","35","169","6","n/e","n/e","n/e","n/e","n/e","n/e","n/e","n/e","n/e","n/e","n/e","0","43","248","210"
"BZN|DK2","27.08.2018 04:00 - 27.08.2018 05:00 (CET/CEST)","1","n/e","n/e","35","168","6","n/e","n/e","n/e","n/e","n/e","n/e","n/e","n/e","n/e","n/e","n/e","0","43","353","286"
"BZN|DK2","27.08.2018 05:00 - 27.08.2018 06:00 (CET/CEST)","1","n/e","n/e","35","168","6","n/e","n/e","n/e","n/e","n/e","n/e","n/e","n/e","n/e","n/e","n/e","0","43","340","372"
"BZN|DK2","27.08.2018 06:00 - 27.08.2018 07:00 (CET/CEST)","1","n/e","n/e","36","171","6","n/e","n/e","n/e","n/e","n/e","n/e","n/e","n/e","n/e","n/e","n/e","2","45","261","353"
"BZN|DK2","27.08.2018 07:00 - 27.08.2018 08:00 (CET/CEST)","1","n/e","n/e","39","176","7","n/e","n/e","n/e","n/e","n/e","n/e","n/e","n/e","n/e","n/e","n/e","9","45","332","374"
"BZN|DK2","27.08.2018 08:00 - 27.08.2018 09:00 (CET/CEST)","1","n/e","n/e","40","170","7","n/e","n/e","n/e","n/e","n/e","n/e","n/e","n/e","n/e","n/e","n/e","17","45","326","417"
"BZN|DK2","27.08.2018 09:00 - 27.08.2018 10:00 (CET/CEST)","1","n/e","n/e","41","167","7","n/e","n/e","n/e","n/e","n/e","n/e","n/e","n/e","n/e","n/e","n/e","22","45","344","461"
"BZN|DK2","27.08.2018 10:00 - 27.08.2018 11:00 (CET/CEST)","1","n/e","n/e","42","171","7","n/e","n/e","n/e","n/e","n/e","n/e","n/e","n/e","n/e","n/e","n/e","29","45","334","448"
"BZN|DK2","27.08.2018 11:00 - 27.08.2018 12:00 (CET/CEST)","1","n/e","n/e","63","169","7","n/e","n/e","n/e","n/e","n/e","n/e","n/e","n/e","n/e","n/e","n/e","41","45","340","401"
"BZN|DK2","27.08.2018 12:00 - 27.08.2018 13:00 (CET/CEST)","1","n/e","n/e","71","168","7","n/e","n/e","n/e","n/e","n/e","n/e","n/e","n/e","n/e","n/e","n/e","28","46","344","386"
"BZN|DK2","27.08.2018 13:00 - 27.08.2018 14:00 (CET/CEST)","1","n/e","n/e","55","166","7","n/e","n/e","n/e","n/e","n/e","n/e","n/e","n/e","n/e","n/e","n/e","32","46","334","388"
"BZN|DK2","27.08.2018 14:00 - 27.08.2018 15:00 (CET/CEST)","1","n/e","n/e","37","165","6","n/e","n/e","n/e","n/e","n/e","n/e","n/e","n/e","n/e","n/e","n/e","32","47","321","389"
"BZN|DK2","27.08.2018 15:00 - 27.08.2018 16:00 (CET/CEST)","1","n/e","n/e","36","167","6","n/e","n/e","n/e","n/e","n/e","n/e","n/e","n/e","n/e","n/e","n/e","42","45","317","402"
"BZN|DK2","27.08.2018 16:00 - 27.08.2018 17:00 (CET/CEST)","1","n/e","n/e","37","176","6","n/e","n/e","n/e","n/e","n/e","n/e","n/e","n/e","n/e","n/e","n/e","64","46","243","363"
"BZN|DK2","27.08.2018 17:00 - 27.08.2018 18:00 (CET/CEST)","1","n/e","n/e","41","187","7","n/e","n/e","n/e","n/e","n/e","n/e","n/e","n/e","n/e","n/e","n/e","55","47","192","314"
"BZN|DK2","27.08.2018 18:00 - 27.08.2018 19:00 (CET/CEST)","1","n/e","n/e","57","200","8","n/e","n/e","n/e","n/e","n/e","n/e","n/e","n/e","n/e","n/e","n/e","29","46","253","335"
"BZN|DK2","27.08.2018 19:00 - 27.08.2018 20:00 (CET/CEST)","1","n/e","n/e","44","176","7","n/e","n/e","n/e","n/e","n/e","n/e","n/e","n/e","n/e","n/e","n/e","8","46","289","307"
"BZN|DK2","27.08.2018 20:00 - 27.08.2018 21:00 (CET/CEST)","1","n/e","n/e","39","176","7","n/e","n/e","n/e","n/e","n/e","n/e","n/e","n/e","n/e","n/e","n/e","0","47","301","274"
"BZN|DK2","27.08.2018 21:00 - 27.08.2018 22:00 (CET/CEST)","1","n/e","n/e","38","179","7","n/e","n/e","n/e","n/e","n/e","n/e","n/e","n/e","n/e","n/e","n/e","0","47","296","304"
"BZN|DK2","27.08.2018 22:00 - 27.08.2018 23:00 (CET/CEST)","1","n/e","n/e","36","174","6","n/e","n/e","n/e","n/e","n/e","n/e","n/e","n/e","n/e","n/e","n/e","0","46","247","300"
"BZN|DK2","27.08.2018 23:00 - 28.08.2018 00:00 (CET/CEST)","1","n/e","n/e","36","167","6","n/e","n/e","n/e","n/e","n/e","n/e","n/e","n/e","n/e","n/e","n/e","0","44","259","276"
"BZN|DK2","28.08.2018 00:00 - 28.08.2018 01:00 (CET/CEST)","1","n/e","n/e","35","175","6","n/e","n/e","n/e","n/e","n/e","n/e","n/e","n/e","n/e","n/e","n/e","0","40","241","228"
"BZN|DK2","28.08.2018 01:00 - 28.08.2018 02:00 (CET/CEST)","1","n/e","n/e","35","172","6","n/e","n/e","n/e","n/e","n/e","n/e","n/e","n/e","n/e","n/e","n/e","0","40","161","191"
"BZN|DK2","28.08.2018 02:00 - 28.08.2018 03:00 (CET/CEST)","1","n/e","n/e","35","171","6","n/e","n/e","n/e","n/e","n/e","n/e","n/e","n/e","n/e","n/e","n/e","0","39","178","183"
"BZN|DK2","28.08.2018 03:00 - 28.08.2018 04:00 (CET/CEST)","1","n/e","n/e","35","172","6","n/e","n/e","n/e","n/e","n/e","n/e","n/e","n/e","n/e","n/e","n/e","0","40","111","168"
"BZN|DK2","28.08.2018 04:00 - 28.08.2018 05:00 (CET/CEST)","1","n/e","n/e","35","171","6","n/e","n/e","n/e","n/e","n/e","n/e","n/e","n/e","n/e","n/e","n/e","0","41","154","156"
"BZN|DK2","28.08.2018 05:00 - 28.08.2018 06:00 (CET/CEST)","1","n/e","n/e","35","170","6","n/e","n/e","n/e","n/e","n/e","n/e","n/e","n/e","n/e","n/e","n/e","0","41","131","136"
"BZN|DK2","28.08.2018 06:00 - 28.08.2018 07:00 (CET/CEST)","1","n/e","n/e","42","197","7","n/e","n/e","n/e","n/e","n/e","n/e","n/e","n/e","n/e","n/e","n/e","3","43","112","128"
"BZN|DK2","28.08.2018 07:00 - 28.08.2018 08:00 (CET/CEST)","2","n/e","n/e","55","276","9","n/e","n/e","n/e","n/e","n/e","n/e","n/e","n/e","n/e","n/e","n/e","18","46","95","111"
"BZN|DK2","28.08.2018 08:00 - 28.08.2018 09:00 (CET/CEST)","2","n/e","n/e","46","274","9","n/e","n/e","n/e","n/e","n/e","n/e","n/e","n/e","n/e","n/e","n/e","46","44","83","110"
"BZN|DK2","28.08.2018 09:00 - 28.08.2018 10:00 (CET/CEST)","2","n/e","n/e","45","276","9","n/e","n/e","n/e","n/e","n/e","n/e","n/e","n/e","n/e","n/e","n/e","82","47","60","119"
"BZN|DK2","28.08.2018 10:00 - 28.08.2018 11:00 (CET/CEST)","2","n/e","n/e","43","270","9","n/e","n/e","n/e","n/e","n/e","n/e","n/e","n/e","n/e","n/e","n/e","117","47","72","156"
"BZN|DK2","28.08.2018 11:00 - 28.08.2018 12:00 (CET/CEST)","2","n/e","n/e","42","269","8","n/e","n/e","n/e","n/e","n/e","n/e","n/e","n/e","n/e","n/e","n/e","119","44","62","161"
"BZN|DK2","28.08.2018 12:00 - 28.08.2018 13:00 (CET/CEST)","2","n/e","n/e","41","269","8","n/e","n/e","n/e","n/e","n/e","n/e","n/e","n/e","n/e","n/e","n/e","118","45","52","148"
"BZN|DK2","28.08.2018 13:00 - 28.08.2018 14:00 (CET/CEST)","1","n/e","n/e","41","268","8","n/e","n/e","n/e","n/e","n/e","n/e","n/e","n/e","n/e","n/e","n/e","107","46","38","122"
"BZN|DK2","28.08.2018 14:00 - 28.08.2018 15:00 (CET/CEST)","1","n/e","n/e","40","265","7","n/e","n/e","n/e","n/e","n/e","n/e","n/e","n/e","n/e","n/e","n/e","106","45","47","101"
"BZN|DK2","28.08.2018 15:00 - 28.08.2018 16:00 (CET/CEST)","1","n/e","n/e","38","274","7","n/e","n/e","n/e","n/e","n/e","n/e","n/e","n/e","n/e","n/e","n/e","93","46","40","88"
"BZN|DK2","28.08.2018 16:00 - 28.08.2018 17:00 (CET/CEST)","1","n/e","n/e","38","278","7","n/e","n/e","n/e","n/e","n/e","n/e","n/e","n/e","n/e","n/e","n/e","64","46","14","60"
"BZN|DK2","28.08.2018 17:00 - 28.08.2018 18:00 (CET/CEST)","2","n/e","n/e","43","283","9","n/e","n/e","n/e","n/e","n/e","n/e","n/e","n/e","n/e","n/e","n/e","41","46","17","43"
"BZN|DK2","28.08.2018 18:00 - 28.08.2018 19:00 (CET/CEST)","2","n/e","n/e","47","292","10","n/e","n/e","n/e","n/e","n/e","n/e","n/e","n/e","n/e","n/e","n/e","19","47","21","28"
"BZN|DK2","28.08.2018 19:00 - 28.08.2018 20:00 (CET/CEST)","2","n/e","n/e","47","296","10","n/e","n/e","n/e","n/e","n/e","n/e","n/e","n/e","n/e","n/e","n/e","6","46","21","16"
"BZN|DK2","28.08.2018 20:00 - 28.08.2018 21:00 (CET/CEST)","2","n/e","n/e","48","295","10","n/e","n/e","n/e","n/e","n/e","n/e","n/e","n/e","n/e","n/e","n/e","0","47","7","10"
"BZN|DK2","28.08.2018 21:00 - 28.08.2018 22:00 (CET/CEST)","2","n/e","n/e","44","289","9","n/e","n/e","n/e","n/e","n/e","n/e","n/e","n/e","n/e","n/e","n/e","0","46","0","8"
"BZN|DK2","28.08.2018 22:00 - 28.08.2018 23:00 (CET/CEST)","1","n/e","n/e","40","273","8","n/e","n/e","n/e","n/e","n/e","n/e","n/e","n/e","n/e","n/e","n/e","0","42","0","11"
"BZN|DK2","28.08.2018 23:00 - 29.08.2018 00:00 (CET/CEST)","1","n/e","n/e","37","173","6","n/e","n/e","n/e","n/e","n/e","n/e","n/e","n/e","n/e","n/e","n/e","0","42","0","11"
"BZN|DK2","29.08.2018 00:00 - 29.08.2018 01:00 (CET/CEST)","1","n/e","n/e","35","172","6","n/e","n/e","n/e","n/e","n/e","n/e","n/e","n/e","n/e","n/e","n/e","0","40","0","5"
"BZN|DK2","29.08.2018 01:00 - 29.08.2018 02:00 (CET/CEST)","1","n/e","n/e","35","163","6","n/e","n/e","n/e","n/e","n/e","n/e","n/e","n/e","n/e","n/e","n/e","0","39","0","4"
"BZN|DK2","29.08.2018 02:00 - 29.08.2018 03:00 (CET/CEST)","1","n/e","n/e","35","164","6","n/e","n/e","n/e","n/e","n/e","n/e","n/e","n/e","n/e","n/e","n/e","0","39","0","4"
"BZN|DK2","29.08.2018 03:00 - 29.08.2018 04:00 (CET/CEST)","1","n/e","n/e","35","164","6","n/e","n/e","n/e","n/e","n/e","n/e","n/e","n/e","n/e","n/e","n/e","0","38","0","4"
"BZN|DK2","29.08.2018 04:00 - 29.08.2018 05:00 (CET/CEST)","1","n/e","n/e","35","163","6","n/e","n/e","n/e","n/e","n/e","n/e","n/e","n/e","n/e","n/e","n/e","0","38","0","6"
"BZN|DK2","29.08.2018 05:00 - 29.08.2018 06:00 (CET/CEST)","1","n/e","n/e","36","178","6","n/e","n/e","n/e","n/e","n/e","n/e","n/e","n/e","n/e","n/e","n/e","0","39","0","8"
"BZN|DK2","29.08.2018 06:00 - 29.08.2018 07:00 (CET/CEST)","1","n/e","n/e","38","276","7","n/e","n/e","n/e","n/e","n/e","n/e","n/e","n/e","n/e","n/e","n/e","1","43","0","11"
"BZN|DK2","29.08.2018 07:00 - 29.08.2018 08:00 (CET/CEST)","1","n/e","n/e","40","285","7","n/e","n/e","n/e","n/e","n/e","n/e","n/e","n/e","n/e","n/e","n/e","6","45","7","14"
"BZN|DK2","29.08.2018 08:00 - 29.08.2018 09:00 (CET/CEST)","2","n/e","n/e","42","271","8","n/e","n/e","n/e","n/e","n/e","n/e","n/e","n/e","n/e","n/e","n/e","16","45","14","17"
"BZN|DK2","29.08.2018 09:00 - 29.08.2018 10:00 (CET/CEST)","2","n/e","n/e","43","278","8","n/e","n/e","n/e","n/e","n/e","n/e","n/e","n/e","n/e","n/e","n/e","40","46","28","26"
"BZN|DK2","29.08.2018 10:00 - 29.08.2018 11:00 (CET/CEST)","2","n/e","n/e","43","288","9","n/e","n/e","n/e","n/e","n/e","n/e","n/e","n/e","n/e","n/e","n/e","77","46","42","47"
"BZN|DK2","29.08.2018 11:00 - 29.08.2018 12:00 (CET/CEST)","2","n/e","n/e","79","290","8","n/e","n/e","n/e","n/e","n/e","n/e","n/e","n/e","n/e","n/e","n/e","113","45","49","70"
"BZN|DK2","29.08.2018 12:00 - 29.08.2018 13:00 (CET/CEST)","1","n/e","n/e","99","285","8","n/e","n/e","n/e","n/e","n/e","n/e","n/e","n/e","n/e","n/e","n/e","113","45","42","83"
"BZN|DK2","29.08.2018 13:00 - 29.08.2018 14:00 (CET/CEST)","1","n/e","n/e","92","281","8","n/e","n/e","n/e","n/e","n/e","n/e","n/e","n/e","n/e","n/e","n/e","111","45","33","91"
"BZN|DK2","29.08.2018 14:00 - 29.08.2018 15:00 (CET/CEST)","1","n/e","n/e","54","282","7","n/e","n/e","n/e","n/e","n/e","n/e","n/e","n/e","n/e","n/e","n/e","142","44","58","110"
"BZN|DK2","29.08.2018 15:00 - 29.08.2018 16:00 (CET/CEST)","1","n/e","n/e","39","252","7","n/e","n/e","n/e","n/e","n/e","n/e","n/e","n/e","n/e","n/e","n/e","153","46","87","117"
"BZN|DK2","29.08.2018 16:00 - 29.08.2018 17:00 (CET/CEST)","1","n/e","n/e","38","220","7","n/e","n/e","n/e","n/e","n/e","n/e","n/e","n/e","n/e","n/e","n/e","133","47","132","124"
"BZN|DK2","29.08.2018 17:00 - 29.08.2018 18:00 (CET/CEST)","1","n/e","n/e","40","234","8","n/e","n/e","n/e","n/e","n/e","n/e","n/e","n/e","n/e","n/e","n/e","88","46","191","139"
"BZN|DK2","29.08.2018 18:00 - 29.08.2018 19:00 (CET/CEST)","2","n/e","n/e","42","285","8","n/e","n/e","n/e","n/e","n/e","n/e","n/e","n/e","n/e","n/e","n/e","37","47","237","142"
"BZN|DK2","29.08.2018 19:00 - 29.08.2018 20:00 (CET/CEST)","2","n/e","n/e","42","285","8","n/e","n/e","n/e","n/e","n/e","n/e","n/e","n/e","n/e","n/e","n/e","8","47","244","160"
"BZN|DK2","29.08.2018 20:00 - 29.08.2018 21:00 (CET/CEST)","2","n/e","n/e","42","285","8","n/e","n/e","n/e","n/e","n/e","n/e","n/e","n/e","n/e","n/e","n/e","0","47","220","162"
"BZN|DK2","29.08.2018 21:00 - 29.08.2018 22:00 (CET/CEST)","1","n/e","n/e","38","269","7","n/e","n/e","n/e","n/e","n/e","n/e","n/e","n/e","n/e","n/e","n/e","0","46","214","175"
"BZN|DK2","29.08.2018 22:00 - 29.08.2018 23:00 (CET/CEST)","1","n/e","n/e","35","175","6","n/e","n/e","n/e","n/e","n/e","n/e","n/e","n/e","n/e","n/e","n/e","0","42","173","169"
"BZN|DK2","29.08.2018 23:00 - 30.08.2018 00:00 (CET/CEST)","1","n/e","n/e","35","160","6","n/e","n/e","n/e","n/e","n/e","n/e","n/e","n/e","n/e","n/e","n/e","0","41","129","141"
"BZN|DK2","30.08.2018 00:00 - 30.08.2018 01:00 (CET/CEST)","1","n/e","n/e","35","159","6","n/e","n/e","n/e","n/e","n/e","n/e","n/e","n/e","n/e","n/e","n/e","0","38","106","111"
"BZN|DK2","30.08.2018 01:00 - 30.08.2018 02:00 (CET/CEST)","1","n/e","n/e","35","158","6","n/e","n/e","n/e","n/e","n/e","n/e","n/e","n/e","n/e","n/e","n/e","0","39","76","88"
"BZN|DK2","30.08.2018 02:00 - 30.08.2018 03:00 (CET/CEST)","1","n/e","n/e","35","157","6","n/e","n/e","n/e","n/e","n/e","n/e","n/e","n/e","n/e","n/e","n/e","0","39","39","74"
"BZN|DK2","30.08.2018 03:00 - 30.08.2018 04:00 (CET/CEST)","1","n/e","n/e","35","157","6","n/e","n/e","n/e","n/e","n/e","n/e","n/e","n/e","n/e","n/e","n/e","0","40","16","55"
"BZN|DK2","30.08.2018 04:00 - 30.08.2018 05:00 (CET/CEST)","1","n/e","n/e","35","158","6","n/e","n/e","n/e","n/e","n/e","n/e","n/e","n/e","n/e","n/e","n/e","0","40","14","43"
"BZN|DK2","30.08.2018 05:00 - 30.08.2018 06:00 (CET/CEST)","1","n/e","n/e","35","159","6","n/e","n/e","n/e","n/e","n/e","n/e","n/e","n/e","n/e","n/e","n/e","0","40","12","26"
"BZN|DK2","30.08.2018 06:00 - 30.08.2018 07:00 (CET/CEST)","1","n/e","n/e","37","191","6","n/e","n/e","n/e","n/e","n/e","n/e","n/e","n/e","n/e","n/e","n/e","0","41","3","16"
"BZN|DK2","30.08.2018 07:00 - 30.08.2018 08:00 (CET/CEST)","2","n/e","n/e","49","273","9","n/e","n/e","n/e","n/e","n/e","n/e","n/e","n/e","n/e","n/e","n/e","0","46","1","24"
"BZN|DK2","30.08.2018 08:00 - 30.08.2018 09:00 (CET/CEST)","2","n/e","n/e","65","276","9","n/e","n/e","n/e","n/e","n/e","n/e","n/e","n/e","n/e","n/e","n/e","8","44","2","47"
"BZN|DK2","30.08.2018 09:00 - 30.08.2018 10:00 (CET/CEST)","2","n/e","n/e","96","277","10","n/e","n/e","n/e","n/e","n/e","n/e","n/e","n/e","n/e","n/e","n/e","18","43","13","63"
"BZN|DK2","30.08.2018 10:00 - 30.08.2018 11:00 (CET/CEST)","2","n/e","n/e","98","276","9","n/e","n/e","n/e","n/e","n/e","n/e","n/e","n/e","n/e","n/e","n/e","24","42","45","77"
"BZN|DK2","30.08.2018 11:00 - 30.08.2018 12:00 (CET/CEST)","2","n/e","n/e","95","276","8","n/e","n/e","n/e","n/e","n/e","n/e","n/e","n/e","n/e","n/e","n/e","23","41","39","79"
"BZN|DK2","30.08.2018 12:00 - 30.08.2018 13:00 (CET/CEST)","2","n/e","n/e","62","285","8","n/e","n/e","n/e","n/e","n/e","n/e","n/e","n/e","n/e","n/e","n/e","25","40","19","75"
"BZN|DK2","30.08.2018 13:00 - 30.08.2018 14:00 (CET/CEST)","1","n/e","n/e","41","288","8","n/e","n/e","n/e","n/e","n/e","n/e","n/e","n/e","n/e","n/e","n/e","25","43","16","67"
"BZN|DK2","30.08.2018 14:00 - 30.08.2018 15:00 (CET/CEST)","1","n/e","n/e","39","280","7","n/e","n/e","n/e","n/e","n/e","n/e","n/e","n/e","n/e","n/e","n/e","22","42","3","69"
"BZN|DK2","30.08.2018 15:00 - 30.08.2018 16:00 (CET/CEST)","1","n/e","n/e","37","277","7","n/e","n/e","n/e","n/e","n/e","n/e","n/e","n/e","n/e","n/e","n/e","18","44","2","79"
"BZN|DK2","30.08.2018 16:00 - 30.08.2018 17:00 (CET/CEST)","1","n/e","n/e","37","278","6","n/e","n/e","n/e","n/e","n/e","n/e","n/e","n/e","n/e","n/e","n/e","13","44","2","101"
"BZN|DK2","30.08.2018 17:00 - 30.08.2018 18:00 (CET/CEST)","2","n/e","n/e","38","281","7","n/e","n/e","n/e","n/e","n/e","n/e","n/e","n/e","n/e","n/e","n/e","9","44","19","133"
"BZN|DK2","30.08.2018 18:00 - 30.08.2018 19:00 (CET/CEST)","5","n/e","n/e","43","287","8","n/e","n/e","n/e","n/e","n/e","n/e","n/e","n/e","n/e","n/e","n/e","4","44","61","155"
"BZN|DK2","30.08.2018 19:00 - 30.08.2018 20:00 (CET/CEST)","5","n/e","n/e","54","290","9","n/e","n/e","n/e","n/e","n/e","n/e","n/e","n/e","n/e","n/e","n/e","1","45","110","151"
"BZN|DK2","30.08.2018 20:00 - 30.08.2018 21:00 (CET/CEST)","5","n/e","n/e","54","275","9","n/e","n/e","n/e","n/e","n/e","n/e","n/e","n/e","n/e","n/e","n/e","0","44","157","155"
"BZN|DK2","30.08.2018 21:00 - 30.08.2018 22:00 (CET/CEST)","5","n/e","n/e","49","233","8","n/e","n/e","n/e","n/e","n/e","n/e","n/e","n/e","n/e","n/e","n/e","0","43","190","144"
"BZN|DK2","30.08.2018 22:00 - 30.08.2018 23:00 (CET/CEST)","5","n/e","n/e","37","173","7","n/e","n/e","n/e","n/e","n/e","n/e","n/e","n/e","n/e","n/e","n/e","0","39","146","142"
"BZN|DK2","30.08.2018 23:00 - 31.08.2018 00:00 (CET/CEST)","5","n/e","n/e","36","171","6","n/e","n/e","n/e","n/e","n/e","n/e","n/e","n/e","n/e","n/e","n/e","0","38","117","188"
"BZN|DK2","31.08.2018 00:00 - 31.08.2018 01:00 (CET/CEST)","4","n/e","n/e","36","175","6","n/e","n/e","n/e","n/e","n/e","n/e","n/e","n/e","n/e","n/e","n/e","0","39","227","196"
"BZN|DK2","31.08.2018 01:00 - 31.08.2018 02:00 (CET/CEST)","4","n/e","n/e","36","174","6","n/e","n/e","n/e","n/e","n/e","n/e","n/e","n/e","n/e","n/e","n/e","0","39","206","170"
"BZN|DK2","31.08.2018 02:00 - 31.08.2018 03:00 (CET/CEST)","4","n/e","n/e","36","177","6","n/e","n/e","n/e","n/e","n/e","n/e","n/e","n/e","n/e","n/e","n/e","0","39","169","173"
"BZN|DK2","31.08.2018 03:00 - 31.08.2018 04:00 (CET/CEST)","4","n/e","n/e","36","174","6","n/e","n/e","n/e","n/e","n/e","n/e","n/e","n/e","n/e","n/e","n/e","0","39","174","183"
"BZN|DK2","31.08.2018 04:00 - 31.08.2018 05:00 (CET/CEST)","4","n/e","n/e","36","170","6","n/e","n/e","n/e","n/e","n/e","n/e","n/e","n/e","n/e","n/e","n/e","0","41","174","179"
"BZN|DK2","31.08.2018 05:00 - 31.08.2018 06:00 (CET/CEST)","3","n/e","n/e","36","170","6","n/e","n/e","n/e","n/e","n/e","n/e","n/e","n/e","n/e","n/e","n/e","0","40","170","166"
"BZN|DK2","31.08.2018 06:00 - 31.08.2018 07:00 (CET/CEST)","4","n/e","n/e","37","187","6","n/e","n/e","n/e","n/e","n/e","n/e","n/e","n/e","n/e","n/e","n/e","2","42","167","142"
"BZN|DK2","31.08.2018 07:00 - 31.08.2018 08:00 (CET/CEST)","4","n/e","n/e","53","228","9","n/e","n/e","n/e","n/e","n/e","n/e","n/e","n/e","n/e","n/e","n/e","11","46","146","114"
"BZN|DK2","31.08.2018 08:00 - 31.08.2018 09:00 (CET/CEST)","4","n/e","n/e","57","240","10","n/e","n/e","n/e","n/e","n/e","n/e","n/e","n/e","n/e","n/e","n/e","28","47","127","104"
"BZN|DK2","31.08.2018 09:00 - 31.08.2018 10:00 (CET/CEST)","5","n/e","n/e","57","236","10","n/e","n/e","n/e","n/e","n/e","n/e","n/e","n/e","n/e","n/e","n/e","64","47","139","102"
"BZN|DK2","31.08.2018 10:00 - 31.08.2018 11:00 (CET/CEST)","5","n/e","n/e","54","268","8","n/e","n/e","n/e","n/e","n/e","n/e","n/e","n/e","n/e","n/e","n/e","94","47","155","111"
"BZN|DK2","31.08.2018 11:00 - 31.08.2018 12:00 (CET/CEST)","10","n/e","n/e","44","286","7","n/e","n/e","n/e","n/e","n/e","n/e","n/e","n/e","n/e","n/e","n/e","92","45","90","109"
"BZN|DK2","31.08.2018 12:00 - 31.08.2018 13:00 (CET/CEST)","10","n/e","n/e","90","285","9","n/e","n/e","n/e","n/e","n/e","n/e","n/e","n/e","n/e","n/e","n/e","117","46","91","107"
"BZN|DK2","31.08.2018 13:00 - 31.08.2018 14:00 (CET/CEST)","9","n/e","n/e","85","281","8","n/e","n/e","n/e","n/e","n/e","n/e","n/e","n/e","n/e","n/e","n/e","124","46","77","109"
"BZN|DK2","31.08.2018 14:00 - 31.08.2018 15:00 (CET/CEST)","9","n/e","n/e","57","253","7","n/e","n/e","n/e","n/e","n/e","n/e","n/e","n/e","n/e","n/e","n/e","105","45","53","96"
"BZN|DK2","31.08.2018 15:00 - 31.08.2018 16:00 (CET/CEST)","10","n/e","n/e","37","275","7","n/e","n/e","n/e","n/e","n/e","n/e","n/e","n/e","n/e","n/e","n/e","86","44","41","85"
"BZN|DK2","31.08.2018 16:00 - 31.08.2018 17:00 (CET/CEST)","9","n/e","n/e","38","282","7","n/e","n/e","n/e","n/e","n/e","n/e","n/e","n/e","n/e","n/e","n/e","66","45","41","84"
"BZN|DK2","31.08.2018 17:00 - 31.08.2018 18:00 (CET/CEST)","8","n/e","n/e","40","287","7","n/e","n/e","n/e","n/e","n/e","n/e","n/e","n/e","n/e","n/e","n/e","53","44","39","68"
"BZN|DK2","31.08.2018 18:00 - 31.08.2018 19:00 (CET/CEST)","5","n/e","n/e","42","287","8","n/e","n/e","n/e","n/e","n/e","n/e","n/e","n/e","n/e","n/e","n/e","22","45","57","57"
"BZN|DK2","31.08.2018 19:00 - 31.08.2018 20:00 (CET/CEST)","5","n/e","n/e","42","287","8","n/e","n/e","n/e","n/e","n/e","n/e","n/e","n/e","n/e","n/e","n/e","5","45","17","51"
"BZN|DK2","31.08.2018 20:00 - 31.08.2018 21:00 (CET/CEST)","5","n/e","n/e","41","284","8","n/e","n/e","n/e","n/e","n/e","n/e","n/e","n/e","n/e","n/e","n/e","0","45","29","49"
"BZN|DK2","31.08.2018 21:00 - 31.08.2018 22:00 (CET/CEST)","4","n/e","n/e","38","277","7","n/e","n/e","n/e","n/e","n/e","n/e","n/e","n/e","n/e","n/e","n/e","0","45","33","49"
"BZN|DK2","31.08.2018 22:00 - 31.08.2018 23:00 (CET/CEST)","4","n/e","n/e","37","266","6","n/e","n/e","n/e","n/e","n/e","n/e","n/e","n/e","n/e","n/e","n/e","0","42","61","56"
"BZN|DK2","31.08.2018 23:00 - 01.09.2018 00:00 (CET/CEST)","4","n/e","n/e","37","183","6","n/e","n/e","n/e","n/e","n/e","n/e","n/e","n/e","n/e","n/e","n/e","0","41","66","60"
"BZN|DK2","01.09.2018 00:00 - 01.09.2018 01:00 (CET/CEST)","5","n/e","n/e","44","178","7","n/e","n/e","n/e","n/e","n/e","n/e","n/e","n/e","n/e","n/e","n/e","0","40","25","54"
"BZN|DK2","01.09.2018 01:00 - 01.09.2018 02:00 (CET/CEST)","4","n/e","n/e","49","174","7","n/e","n/e","n/e","n/e","n/e","n/e","n/e","n/e","n/e","n/e","n/e","0","40","18","42"
"BZN|DK2","01.09.2018 02:00 - 01.09.2018 03:00 (CET/CEST)","5","n/e","n/e","49","179","7","n/e","n/e","n/e","n/e","n/e","n/e","n/e","n/e","n/e","n/e","n/e","0","41","14","36"
"BZN|DK2","01.09.2018 03:00 - 01.09.2018 04:00 (CET/CEST)","4","n/e","n/e","37","171","6","n/e","n/e","n/e","n/e","n/e","n/e","n/e","n/e","n/e","n/e","n/e","0","40","11","42"
"BZN|DK2","01.09.2018 04:00 - 01.09.2018 05:00 (CET/CEST)","4","n/e","n/e","37","174","6","n/e","n/e","n/e","n/e","n/e","n/e","n/e","n/e","n/e","n/e","n/e","0","40","23","56"
"BZN|DK2","01.09.2018 05:00 - 01.09.2018 06:00 (CET/CEST)","4","n/e","n/e","37","175","6","n/e","n/e","n/e","n/e","n/e","n/e","n/e","n/e","n/e","n/e","n/e","0","40","47","54"
"BZN|DK2","01.09.2018 06:00 - 01.09.2018 07:00 (CET/CEST)","5","n/e","n/e","37","174","6","n/e","n/e","n/e","n/e","n/e","n/e","n/e","n/e","n/e","n/e","n/e","1","39","34","52"
"BZN|DK2","01.09.2018 07:00 - 01.09.2018 08:00 (CET/CEST)","8","n/e","n/e","38","176","7","n/e","n/e","n/e","n/e","n/e","n/e","n/e","n/e","n/e","n/e","n/e","14","41","47","64"
"BZN|DK2","01.09.2018 08:00 - 01.09.2018 09:00 (CET/CEST)","10","n/e","n/e","38","179","7","n/e","n/e","n/e","n/e","n/e","n/e","n/e","n/e","n/e","n/e","n/e","45","41","46","69"
"BZN|DK2","01.09.2018 09:00 - 01.09.2018 10:00 (CET/CEST)","9","n/e","n/e","39","160","7","n/e","n/e","n/e","n/e","n/e","n/e","n/e","n/e","n/e","n/e","n/e","86","41","35","69"
"BZN|DK2","01.09.2018 10:00 - 01.09.2018 11:00 (CET/CEST)","10","n/e","n/e","39","161","7","n/e","n/e","n/e","n/e","n/e","n/e","n/e","n/e","n/e","n/e","n/e","102","40","22","58"
"BZN|DK2","01.09.2018 11:00 - 01.09.2018 12:00 (CET/CEST)","10","n/e","n/e","38","159","7","n/e","n/e","n/e","n/e","n/e","n/e","n/e","n/e","n/e","n/e","n/e","110","40","19","46"
"BZN|DK2","01.09.2018 12:00 - 01.09.2018 13:00 (CET/CEST)","9","n/e","n/e","37","158","6","n/e","n/e","n/e","n/e","n/e","n/e","n/e","n/e","n/e","n/e","n/e","99","39","33","44"
"BZN|DK2","01.09.2018 13:00 - 01.09.2018 14:00 (CET/CEST)","7","n/e","n/e","36","157","6","n/e","n/e","n/e","n/e","n/e","n/e","n/e","n/e","n/e","n/e","n/e","103","40","59","48"
"BZN|DK2","01.09.2018 14:00 - 01.09.2018 15:00 (CET/CEST)","6","n/e","n/e","36","157","6","n/e","n/e","n/e","n/e","n/e","n/e","n/e","n/e","n/e","n/e","n/e","109","40","68","47"
"BZN|DK2","01.09.2018 15:00 - 01.09.2018 16:00 (CET/CEST)","4","n/e","n/e","36","157","6","n/e","n/e","n/e","n/e","n/e","n/e","n/e","n/e","n/e","n/e","n/e","120","40","46","50"
"BZN|DK2","01.09.2018 16:00 - 01.09.2018 17:00 (CET/CEST)","1","n/e","n/e","36","166","6","n/e","n/e","n/e","n/e","n/e","n/e","n/e","n/e","n/e","n/e","n/e","105","43","46","51"
"BZN|DK2","01.09.2018 17:00 - 01.09.2018 18:00 (CET/CEST)","1","n/e","n/e","38","169","7","n/e","n/e","n/e","n/e","n/e","n/e","n/e","n/e","n/e","n/e","n/e","54","43","43","45"
"BZN|DK2","01.09.2018 18:00 - 01.09.2018 19:00 (CET/CEST)","1","n/e","n/e","37","168","7","n/e","n/e","n/e","n/e","n/e","n/e","n/e","n/e","n/e","n/e","n/e","24","43","24","34"
"BZN|DK2","01.09.2018 19:00 - 01.09.2018 20:00 (CET/CEST)","1","n/e","n/e","39","171","7","n/e","n/e","n/e","n/e","n/e","n/e","n/e","n/e","n/e","n/e","n/e","7","43","14","22"
"BZN|DK2","01.09.2018 20:00 - 01.09.2018 21:00 (CET/CEST)","1","n/e","n/e","39","171","7","n/e","n/e","n/e","n/e","n/e","n/e","n/e","n/e","n/e","n/e","n/e","0","43","6","10"
"BZN|DK2","01.09.2018 21:00 - 01.09.2018 22:00 (CET/CEST)","1","n/e","n/e","38","170","7","n/e","n/e","n/e","n/e","n/e","n/e","n/e","n/e","n/e","n/e","n/e","0","43","0","10"
"BZN|DK2","01.09.2018 22:00 - 01.09.2018 23:00 (CET/CEST)","1","n/e","n/e","37","166","6","n/e","n/e","n/e","n/e","n/e","n/e","n/e","n/e","n/e","n/e","n/e","0","41","2","8"
"BZN|DK2","01.09.2018 23:00 - 02.09.2018 00:00 (CET/CEST)","1","n/e","n/e","37","166","6","n/e","n/e","n/e","n/e","n/e","n/e","n/e","n/e","n/e","n/e","n/e","0","41","2","7"
"BZN|DK2","02.09.2018 00:00 - 02.09.2018 01:00 (CET/CEST)","1","n/e","n/e","37","172","6","n/e","n/e","n/e","n/e","n/e","n/e","n/e","n/e","n/e","n/e","n/e","0","41","1","10"
"BZN|DK2","02.09.2018 01:00 - 02.09.2018 02:00 (CET/CEST)","1","n/e","n/e","37","173","6","n/e","n/e","n/e","n/e","n/e","n/e","n/e","n/e","n/e","n/e","n/e","0","40","2","7"
"BZN|DK2","02.09.2018 02:00 - 02.09.2018 03:00 (CET/CEST)","1","n/e","n/e","37","167","6","n/e","n/e","n/e","n/e","n/e","n/e","n/e","n/e","n/e","n/e","n/e","0","40","1","8"
"BZN|DK2","02.09.2018 03:00 - 02.09.2018 04:00 (CET/CEST)","1","n/e","n/e","37","170","6","n/e","n/e","n/e","n/e","n/e","n/e","n/e","n/e","n/e","n/e","n/e","0","41","1","12"
"BZN|DK2","02.09.2018 04:00 - 02.09.2018 05:00 (CET/CEST)","1","n/e","n/e","37","169","6","n/e","n/e","n/e","n/e","n/e","n/e","n/e","n/e","n/e","n/e","n/e","0","40","2","16"
"BZN|DK2","02.09.2018 05:00 - 02.09.2018 06:00 (CET/CEST)","1","n/e","n/e","37","166","6","n/e","n/e","n/e","n/e","n/e","n/e","n/e","n/e","n/e","n/e","n/e","0","40","3","17"
"BZN|DK2","02.09.2018 06:00 - 02.09.2018 07:00 (CET/CEST)","1","n/e","n/e","37","163","6","n/e","n/e","n/e","n/e","n/e","n/e","n/e","n/e","n/e","n/e","n/e","2","41","9","16"
"BZN|DK2","02.09.2018 07:00 - 02.09.2018 08:00 (CET/CEST)","2","n/e","n/e","37","169","6","n/e","n/e","n/e","n/e","n/e","n/e","n/e","n/e","n/e","n/e","n/e","18","44","21","16"
"BZN|DK2","02.09.2018 08:00 - 02.09.2018 09:00 (CET/CEST)","6","n/e","n/e","38","168","7","n/e","n/e","n/e","n/e","n/e","n/e","n/e","n/e","n/e","n/e","n/e","53","44","11","16"
"BZN|DK2","02.09.2018 09:00 - 02.09.2018 10:00 (CET/CEST)","6","n/e","n/e","38","169","7","n/e","n/e","n/e","n/e","n/e","n/e","n/e","n/e","n/e","n/e","n/e","101","43","3","15"
"BZN|DK2","02.09.2018 10:00 - 02.09.2018 11:00 (CET/CEST)","6","n/e","n/e","38","165","7","n/e","n/e","n/e","n/e","n/e","n/e","n/e","n/e","n/e","n/e","n/e","142","43","0","16"
"BZN|DK2","02.09.2018 11:00 - 02.09.2018 12:00 (CET/CEST)","6","n/e","n/e","37","163","7","n/e","n/e","n/e","n/e","n/e","n/e","n/e","n/e","n/e","n/e","n/e","152","43","4","15"
"BZN|DK2","02.09.2018 12:00 - 02.09.2018 13:00 (CET/CEST)","6","n/e","n/e","37","163","7","n/e","n/e","n/e","n/e","n/e","n/e","n/e","n/e","n/e","n/e","n/e","169","43","19","20"
"BZN|DK2","02.09.2018 13:00 - 02.09.2018 14:00 (CET/CEST)","6","n/e","n/e","36","162","6","n/e","n/e","n/e","n/e","n/e","n/e","n/e","n/e","n/e","n/e","n/e","156","43","46","31"
"BZN|DK2","02.09.2018 14:00 - 02.09.2018 15:00 (CET/CEST)","6","n/e","n/e","36","162","6","n/e","n/e","n/e","n/e","n/e","n/e","n/e","n/e","n/e","n/e","n/e","131","43","71","42"
"BZN|DK2","02.09.2018 15:00 - 02.09.2018 16:00 (CET/CEST)","6","n/e","n/e","36","171","6","n/e","n/e","n/e","n/e","n/e","n/e","n/e","n/e","n/e","n/e","n/e","128","43","84","47"
"BZN|DK2","02.09.2018 16:00 - 02.09.2018 17:00 (CET/CEST)","5","n/e","n/e","36","171","6","n/e","n/e","n/e","n/e","n/e","n/e","n/e","n/e","n/e","n/e","n/e","104","43","93","49"
"BZN|DK2","02.09.2018 17:00 - 02.09.2018 18:00 (CET/CEST)","1","n/e","n/e","37","171","7","n/e","n/e","n/e","n/e","n/e","n/e","n/e","n/e","n/e","n/e","n/e","77","43","116","53"
"BZN|DK2","02.09.2018 18:00 - 02.09.2018 19:00 (CET/CEST)","1","n/e","n/e","43","223","7","n/e","n/e","n/e","n/e","n/e","n/e","n/e","n/e","n/e","n/e","n/e","39","43","147","61"
"BZN|DK2","02.09.2018 19:00 - 02.09.2018 20:00 (CET/CEST)","1","n/e","n/e","47","263","7","n/e","n/e","n/e","n/e","n/e","n/e","n/e","n/e","n/e","n/e","n/e","9","43","160","65"
"BZN|DK2","02.09.2018 20:00 - 02.09.2018 21:00 (CET/CEST)","1","n/e","n/e","47","233","7","n/e","n/e","n/e","n/e","n/e","n/e","n/e","n/e","n/e","n/e","n/e","0","42","193","81"
"BZN|DK2","02.09.2018 21:00 - 02.09.2018 22:00 (CET/CEST)","1","n/e","n/e","39","229","7","n/e","n/e","n/e","n/e","n/e","n/e","n/e","n/e","n/e","n/e","n/e","0","43","190","91"
"BZN|DK2","02.09.2018 22:00 - 02.09.2018 23:00 (CET/CEST)","1","n/e","n/e","37","231","6","n/e","n/e","n/e","n/e","n/e","n/e","n/e","n/e","n/e","n/e","n/e","0","43","170","84"
"BZN|DK2","02.09.2018 23:00 - 03.09.2018 00:00 (CET/CEST)","1","n/e","n/e","37","178","6","n/e","n/e","n/e","n/e","n/e","n/e","n/e","n/e","n/e","n/e","n/e","0","42","171","90"
"BZN|DK2","03.09.2018 00:00 - 03.09.2018 01:00 (CET/CEST)","1","n/e","n/e","37","170","6","n/e","n/e","n/e","n/e","n/e","n/e","n/e","n/e","n/e","n/e","n/e","0","41","182","102"
"BZN|DK2","03.09.2018 01:00 - 03.09.2018 02:00 (CET/CEST)","1","n/e","n/e","37","168","6","n/e","n/e","n/e","n/e","n/e","n/e","n/e","n/e","n/e","n/e","n/e","0","40","194","107"
"BZN|DK2","03.09.2018 02:00 - 03.09.2018 03:00 (CET/CEST)","1","n/e","n/e","37","169","6","n/e","n/e","n/e","n/e","n/e","n/e","n/e","n/e","n/e","n/e","n/e","0","40","190","108"
"BZN|DK2","03.09.2018 03:00 - 03.09.2018 04:00 (CET/CEST)","1","n/e","n/e","37","168","6","n/e","n/e","n/e","n/e","n/e","n/e","n/e","n/e","n/e","n/e","n/e","0","40","218","115"
"BZN|DK2","03.09.2018 04:00 - 03.09.2018 05:00 (CET/CEST)","1","n/e","n/e","37","168","6","n/e","n/e","n/e","n/e","n/e","n/e","n/e","n/e","n/e","n/e","n/e","0","41","237","121"
"BZN|DK2","03.09.2018 05:00 - 03.09.2018 06:00 (CET/CEST)","1","n/e","n/e","37","166","6","n/e","n/e","n/e","n/e","n/e","n/e","n/e","n/e","n/e","n/e","n/e","0","40","239","141"
"BZN|DK2","03.09.2018 06:00 - 03.09.2018 07:00 (CET/CEST)","2","n/e","n/e","39","178","7","n/e","n/e","n/e","n/e","n/e","n/e","n/e","n/e","n/e","n/e","n/e","2","41","236","146"
"BZN|DK2","03.09.2018 07:00 - 03.09.2018 08:00 (CET/CEST)","6","n/e","n/e","46","261","9","n/e","n/e","n/e","n/e","n/e","n/e","n/e","n/e","n/e","n/e","n/e","16","46","238","156"
"BZN|DK2","03.09.2018 08:00 - 03.09.2018 09:00 (CET/CEST)","6","n/e","n/e","56","257","10","n/e","n/e","n/e","n/e","n/e","n/e","n/e","n/e","n/e","n/e","n/e","48","47","202","161"
"BZN|DK2","03.09.2018 09:00 - 03.09.2018 10:00 (CET/CEST)","7","n/e","n/e","57","219","10","n/e","n/e","n/e","n/e","n/e","n/e","n/e","n/e","n/e","n/e","n/e","89","47","218","184"
"BZN|DK2","03.09.2018 10:00 - 03.09.2018 11:00 (CET/CEST)","6","n/e","n/e","49","251","7","n/e","n/e","n/e","n/e","n/e","n/e","n/e","n/e","n/e","n/e","n/e","116","47","204","214"
"BZN|DK2","03.09.2018 11:00 - 03.09.2018 12:00 (CET/CEST)","7","n/e","n/e","31","263","8","n/e","n/e","n/e","n/e","n/e","n/e","n/e","n/e","n/e","n/e","n/e","137","46","220","225"
"BZN|DK2","03.09.2018 12:00 - 03.09.2018 13:00 (CET/CEST)","7","n/e","n/e","24","260","8","n/e","n/e","n/e","n/e","n/e","n/e","n/e","n/e","n/e","n/e","n/e","152","46","242","225"
"BZN|DK2","03.09.2018 13:00 - 03.09.2018 14:00 (CET/CEST)","6","n/e","n/e","38","262","8","n/e","n/e","n/e","n/e","n/e","n/e","n/e","n/e","n/e","n/e","n/e","161","47","258","204"
"BZN|DK2","03.09.2018 14:00 - 03.09.2018 15:00 (CET/CEST)","6","n/e","n/e","35","254","6","n/e","n/e","n/e","n/e","n/e","n/e","n/e","n/e","n/e","n/e","n/e","167","43","227","188"
"BZN|DK2","03.09.2018 15:00 - 03.09.2018 16:00 (CET/CEST)","6","n/e","n/e","37","261","6","n/e","n/e","n/e","n/e","n/e","n/e","n/e","n/e","n/e","n/e","n/e","163","41","234","166"
"BZN|DK2","03.09.2018 16:00 - 03.09.2018 17:00 (CET/CEST)","6","n/e","n/e","44","264","7","n/e","n/e","n/e","n/e","n/e","n/e","n/e","n/e","n/e","n/e","n/e","123","43","289","155"
"BZN|DK2","03.09.2018 17:00 - 03.09.2018 18:00 (CET/CEST)","3","n/e","n/e","52","266","8","n/e","n/e","n/e","n/e","n/e","n/e","n/e","n/e","n/e","n/e","n/e","73","43","315","167"
"BZN|DK2","03.09.2018 18:00 - 03.09.2018 19:00 (CET/CEST)","2","n/e","n/e","46","262","8","n/e","n/e","n/e","n/e","n/e","n/e","n/e","n/e","n/e","n/e","n/e","35","43","305","151"
"BZN|DK2","03.09.2018 19:00 - 03.09.2018 20:00 (CET/CEST)","2","n/e","n/e","41","255","8","n/e","n/e","n/e","n/e","n/e","n/e","n/e","n/e","n/e","n/e","n/e","6","44","258","121"
"BZN|DK2","03.09.2018 20:00 - 03.09.2018 21:00 (CET/CEST)","1","n/e","n/e","41","254","8","n/e","n/e","n/e","n/e","n/e","n/e","n/e","n/e","n/e","n/e","n/e","0","44","219","106"
"BZN|DK2","03.09.2018 21:00 - 03.09.2018 22:00 (CET/CEST)","1","n/e","n/e","38","248","7","n/e","n/e","n/e","n/e","n/e","n/e","n/e","n/e","n/e","n/e","n/e","0","44","202","116"
"BZN|DK2","03.09.2018 22:00 - 03.09.2018 23:00 (CET/CEST)","1","n/e","n/e","37","180","7","n/e","n/e","n/e","n/e","n/e","n/e","n/e","n/e","n/e","n/e","n/e","0","42","187","94"
"BZN|DK2","03.09.2018 23:00 - 04.09.2018 00:00 (CET/CEST)","1","n/e","n/e","36","168","6","n/e","n/e","n/e","n/e","n/e","n/e","n/e","n/e","n/e","n/e","n/e","0","39","172","62"
"BZN|DK2","04.09.2018 00:00 - 04.09.2018 01:00 (CET/CEST)","1","n/e","n/e","37","178","6","n/e","n/e","n/e","n/e","n/e","n/e","n/e","n/e","n/e","n/e","n/e","0","37","126","41"
"BZN|DK2","04.09.2018 01:00 - 04.09.2018 02:00 (CET/CEST)","1","n/e","n/e","36","168","6","n/e","n/e","n/e","n/e","n/e","n/e","n/e","n/e","n/e","n/e","n/e","0","38","76","39"
"BZN|DK2","04.09.2018 02:00 - 04.09.2018 03:00 (CET/CEST)","1","n/e","n/e","36","171","6","n/e","n/e","n/e","n/e","n/e","n/e","n/e","n/e","n/e","n/e","n/e","0","38","77","43"
"BZN|DK2","04.09.2018 03:00 - 04.09.2018 04:00 (CET/CEST)","1","n/e","n/e","36","176","6","n/e","n/e","n/e","n/e","n/e","n/e","n/e","n/e","n/e","n/e","n/e","0","39","94","50"
"BZN|DK2","04.09.2018 04:00 - 04.09.2018 05:00 (CET/CEST)","1","n/e","n/e","36","172","6","n/e","n/e","n/e","n/e","n/e","n/e","n/e","n/e","n/e","n/e","n/e","0","40","96","59"
"BZN|DK2","04.09.2018 05:00 - 04.09.2018 06:00 (CET/CEST)","1","n/e","n/e","36","186","6","n/e","n/e","n/e","n/e","n/e","n/e","n/e","n/e","n/e","n/e","n/e","0","41","87","68"
"BZN|DK2","04.09.2018 06:00 - 04.09.2018 07:00 (CET/CEST)","2","n/e","n/e","37","249","6","n/e","n/e","n/e","n/e","n/e","n/e","n/e","n/e","n/e","n/e","n/e","1","44","94","62"
"BZN|DK2","04.09.2018 07:00 - 04.09.2018 08:00 (CET/CEST)","6","n/e","n/e","47","259","8","n/e","n/e","n/e","n/e","n/e","n/e","n/e","n/e","n/e","n/e","n/e","16","48","77","56"
"BZN|DK2","04.09.2018 08:00 - 04.09.2018 09:00 (CET/CEST)","7","n/e","n/e","56","239","9","n/e","n/e","n/e","n/e","n/e","n/e","n/e","n/e","n/e","n/e","n/e","48","49","66","37"
"BZN|DK2","04.09.2018 09:00 - 04.09.2018 10:00 (CET/CEST)","7","n/e","n/e","60","244","9","n/e","n/e","n/e","n/e","n/e","n/e","n/e","n/e","n/e","n/e","n/e","87","49","41","31"
"BZN|DK2","04.09.2018 10:00 - 04.09.2018 11:00 (CET/CEST)","5","n/e","n/e","67","239","9","n/e","n/e","n/e","n/e","n/e","n/e","n/e","n/e","n/e","n/e","n/e","145","46","28","32"
"BZN|DK2","04.09.2018 11:00 - 04.09.2018 12:00 (CET/CEST)","5","n/e","n/e","59","242","9","n/e","n/e","n/e","n/e","n/e","n/e","n/e","n/e","n/e","n/e","n/e","174","48","28","40"
"BZN|DK2","04.09.2018 12:00 - 04.09.2018 13:00 (CET/CEST)","6","n/e","n/e","36","223","6","n/e","n/e","n/e","n/e","n/e","n/e","n/e","n/e","n/e","n/e","n/e","194","48","43","45"
"BZN|DK2","04.09.2018 13:00 - 04.09.2018 14:00 (CET/CEST)","6","n/e","n/e","36","225","6","n/e","n/e","n/e","n/e","n/e","n/e","n/e","n/e","n/e","n/e","n/e","199","47","60","42"
"BZN|DK2","04.09.2018 14:00 - 04.09.2018 15:00 (CET/CEST)","6","n/e","n/e","37","226","7","n/e","n/e","n/e","n/e","n/e","n/e","n/e","n/e","n/e","n/e","n/e","183","47","64","39"
"BZN|DK2","04.09.2018 15:00 - 04.09.2018 16:00 (CET/CEST)","5","n/e","n/e","37","226","7","n/e","n/e","n/e","n/e","n/e","n/e","n/e","n/e","n/e","n/e","n/e","167","46","52","30"
"BZN|DK2","04.09.2018 16:00 - 04.09.2018 17:00 (CET/CEST)","1","n/e","n/e","37","252","7","n/e","n/e","n/e","n/e","n/e","n/e","n/e","n/e","n/e","n/e","n/e","130","46","43","25"
"BZN|DK2","04.09.2018 17:00 - 04.09.2018 18:00 (CET/CEST)","1","n/e","n/e","40","260","8","n/e","n/e","n/e","n/e","n/e","n/e","n/e","n/e","n/e","n/e","n/e","84","49","28","20"
"BZN|DK2","04.09.2018 18:00 - 04.09.2018 19:00 (CET/CEST)","2","n/e","n/e","47","271","10","n/e","n/e","n/e","n/e","n/e","n/e","n/e","n/e","n/e","n/e","n/e","36","50","15","13"
"BZN|DK2","04.09.2018 19:00 - 04.09.2018 20:00 (CET/CEST)","2","n/e","n/e","47","271","10","n/e","n/e","n/e","n/e","n/e","n/e","n/e","n/e","n/e","n/e","n/e","7","50","19","10"
"BZN|DK2","04.09.2018 20:00 - 04.09.2018 21:00 (CET/CEST)","2","n/e","n/e","47","269","10","n/e","n/e","n/e","n/e","n/e","n/e","n/e","n/e","n/e","n/e","n/e","0","50","20","11"
"BZN|DK2","04.09.2018 21:00 - 04.09.2018 22:00 (CET/CEST)","2","n/e","n/e","43","264","9","n/e","n/e","n/e","n/e","n/e","n/e","n/e","n/e","n/e","n/e","n/e","0","45","23","9"
"BZN|DK2","04.09.2018 22:00 - 04.09.2018 23:00 (CET/CEST)","2","n/e","n/e","44","252","9","n/e","n/e","n/e","n/e","n/e","n/e","n/e","n/e","n/e","n/e","n/e","0","42","16","8"
"BZN|DK2","04.09.2018 23:00 - 05.09.2018 00:00 (CET/CEST)","2","n/e","n/e","44","193","9","n/e","n/e","n/e","n/e","n/e","n/e","n/e","n/e","n/e","n/e","n/e","0","42","14","7"
"BZN|DK2","05.09.2018 00:00 - 05.09.2018 01:00 (CET/CEST)","2","n/e","n/e","50","190","9","n/e","n/e","n/e","n/e","n/e","n/e","n/e","n/e","n/e","n/e","n/e","0","42","3","8"
"BZN|DK2","05.09.2018 01:00 - 05.09.2018 02:00 (CET/CEST)","2","n/e","n/e","48","186","9","n/e","n/e","n/e","n/e","n/e","n/e","n/e","n/e","n/e","n/e","n/e","0","42","0","7"
"BZN|DK2","05.09.2018 02:00 - 05.09.2018 03:00 (CET/CEST)","2","n/e","n/e","44","184","9","n/e","n/e","n/e","n/e","n/e","n/e","n/e","n/e","n/e","n/e","n/e","0","42","1","7"
"BZN|DK2","05.09.2018 03:00 - 05.09.2018 04:00 (CET/CEST)","2","n/e","n/e","44","184","9","n/e","n/e","n/e","n/e","n/e","n/e","n/e","n/e","n/e","n/e","n/e","0","42","2","8"
"BZN|DK2","05.09.2018 04:00 - 05.09.2018 05:00 (CET/CEST)","2","n/e","n/e","44","185","9","n/e","n/e","n/e","n/e","n/e","n/e","n/e","n/e","n/e","n/e","n/e","0","42","3","7"
"BZN|DK2","05.09.2018 05:00 - 05.09.2018 06:00 (CET/CEST)","2","n/e","n/e","45","188","9","n/e","n/e","n/e","n/e","n/e","n/e","n/e","n/e","n/e","n/e","n/e","0","43","2","7"
"BZN|DK2","05.09.2018 06:00 - 05.09.2018 07:00 (CET/CEST)","2","n/e","n/e","58","260","10","n/e","n/e","n/e","n/e","n/e","n/e","n/e","n/e","n/e","n/e","n/e","1","45","2","4"
"BZN|DK2","05.09.2018 07:00 - 05.09.2018 08:00 (CET/CEST)","6","n/e","n/e","61","273","11","n/e","n/e","n/e","n/e","n/e","n/e","n/e","n/e","n/e","n/e","n/e","18","47","4","4"
"BZN|DK2","05.09.2018 08:00 - 05.09.2018 09:00 (CET/CEST)","7","n/e","n/e","57","270","12","n/e","n/e","n/e","n/e","n/e","n/e","n/e","n/e","n/e","n/e","n/e","58","47","3","4"
"BZN|DK2","05.09.2018 09:00 - 05.09.2018 10:00 (CET/CEST)","8","n/e","n/e","56","247","12","n/e","n/e","n/e","n/e","n/e","n/e","n/e","n/e","n/e","n/e","n/e","108","47","2","4"
"BZN|DK2","05.09.2018 10:00 - 05.09.2018 11:00 (CET/CEST)","8","n/e","n/e","54","246","11","n/e","n/e","n/e","n/e","n/e","n/e","n/e","n/e","n/e","n/e","n/e","154","46","2","3"
"BZN|DK2","05.09.2018 11:00 - 05.09.2018 12:00 (CET/CEST)","10","n/e","n/e","58","277","11","n/e","n/e","n/e","n/e","n/e","n/e","n/e","n/e","n/e","n/e","n/e","184","45","0","4"
"BZN|DK2","05.09.2018 12:00 - 05.09.2018 13:00 (CET/CEST)","11","n/e","n/e","58","286","10","n/e","n/e","n/e","n/e","n/e","n/e","n/e","n/e","n/e","n/e","n/e","192","46","0","6"
"BZN|DK2","05.09.2018 13:00 - 05.09.2018 14:00 (CET/CEST)","12","n/e","n/e","49","253","10","n/e","n/e","n/e","n/e","n/e","n/e","n/e","n/e","n/e","n/e","n/e","196","46","0","7"
"BZN|DK2","05.09.2018 14:00 - 05.09.2018 15:00 (CET/CEST)","11","n/e","n/e","47","212","10","n/e","n/e","n/e","n/e","n/e","n/e","n/e","n/e","n/e","n/e","n/e","188","46","1","8"
"BZN|DK2","05.09.2018 15:00 - 05.09.2018 16:00 (CET/CEST)","6","n/e","n/e","43","269","9","n/e","n/e","n/e","n/e","n/e","n/e","n/e","n/e","n/e","n/e","n/e","164","45","0","9"
"BZN|DK2","05.09.2018 16:00 - 05.09.2018 17:00 (CET/CEST)","6","n/e","n/e","41","272","8","n/e","n/e","n/e","n/e","n/e","n/e","n/e","n/e","n/e","n/e","n/e","133","45","7","9"
"BZN|DK2","05.09.2018 17:00 - 05.09.2018 18:00 (CET/CEST)","6","n/e","n/e","52","284","10","n/e","n/e","n/e","n/e","n/e","n/e","n/e","n/e","n/e","n/e","n/e","80","46","31","11"
"BZN|DK2","05.09.2018 18:00 - 05.09.2018 19:00 (CET/CEST)","7","n/e","n/e","60","285","11","n/e","n/e","n/e","n/e","n/e","n/e","n/e","n/e","n/e","n/e","n/e","35","46","32","11"
"BZN|DK2","05.09.2018 19:00 - 05.09.2018 20:00 (CET/CEST)","7","n/e","n/e","57","284","11","n/e","n/e","n/e","n/e","n/e","n/e","n/e","n/e","n/e","n/e","n/e","5","46","33","13"
"BZN|DK2","05.09.2018 20:00 - 05.09.2018 21:00 (CET/CEST)","7","n/e","n/e","117","295","12","n/e","n/e","n/e","n/e","n/e","n/e","n/e","n/e","n/e","n/e","n/e","0","46","42","23"
"BZN|DK2","05.09.2018 21:00 - 05.09.2018 22:00 (CET/CEST)","6","n/e","n/e","80","280","10","n/e","n/e","n/e","n/e","n/e","n/e","n/e","n/e","n/e","n/e","n/e","0","45","45","25"
"BZN|DK2","05.09.2018 22:00 - 05.09.2018 23:00 (CET/CEST)","6","n/e","n/e","46","266","9","n/e","n/e","n/e","n/e","n/e","n/e","n/e","n/e","n/e","n/e","n/e","0","42","42","31"
"BZN|DK2","05.09.2018 23:00 - 06.09.2018 00:00 (CET/CEST)","6","n/e","n/e","45","260","9","n/e","n/e","n/e","n/e","n/e","n/e","n/e","n/e","n/e","n/e","n/e","0","41","37","38"
"BZN|DK2","06.09.2018 00:00 - 06.09.2018 01:00 (CET/CEST)","6","n/e","n/e","45","196","9","n/e","n/e","n/e","n/e","n/e","n/e","n/e","n/e","n/e","n/e","n/e","0","41","40","49"
"BZN|DK2","06.09.2018 01:00 - 06.09.2018 02:00 (CET/CEST)","6","n/e","n/e","45","185","9","n/e","n/e","n/e","n/e","n/e","n/e","n/e","n/e","n/e","n/e","n/e","0","41","45","46"
"BZN|DK2","06.09.2018 02:00 - 06.09.2018 03:00 (CET/CEST)","6","n/e","n/e","45","184","9","n/e","n/e","n/e","n/e","n/e","n/e","n/e","n/e","n/e","n/e","n/e","0","40","41","47"
"BZN|DK2","06.09.2018 03:00 - 06.09.2018 04:00 (CET/CEST)","6","n/e","n/e","45","183","9","n/e","n/e","n/e","n/e","n/e","n/e","n/e","n/e","n/e","n/e","n/e","0","41","40","42"
"BZN|DK2","06.09.2018 04:00 - 06.09.2018 05:00 (CET/CEST)","7","n/e","n/e","45","183","9","n/e","n/e","n/e","n/e","n/e","n/e","n/e","n/e","n/e","n/e","n/e","0","41","33","40"
"BZN|DK2","06.09.2018 05:00 - 06.09.2018 06:00 (CET/CEST)","6","n/e","n/e","45","185","9","n/e","n/e","n/e","n/e","n/e","n/e","n/e","n/e","n/e","n/e","n/e","0","41","28","43"
"BZN|DK2","06.09.2018 06:00 - 06.09.2018 07:00 (CET/CEST)","6","n/e","n/e","69","261","10","n/e","n/e","n/e","n/e","n/e","n/e","n/e","n/e","n/e","n/e","n/e","1","45","38","53"
"BZN|DK2","06.09.2018 07:00 - 06.09.2018 08:00 (CET/CEST)","11","n/e","n/e","51","271","11","n/e","n/e","n/e","n/e","n/e","n/e","n/e","n/e","n/e","n/e","n/e","18","48","52","59"
"BZN|DK2","06.09.2018 08:00 - 06.09.2018 09:00 (CET/CEST)","12","n/e","n/e","53","284","11","n/e","n/e","n/e","n/e","n/e","n/e","n/e","n/e","n/e","n/e","n/e","54","50","58","56"
"BZN|DK2","06.09.2018 09:00 - 06.09.2018 10:00 (CET/CEST)","11","n/e","n/e","57","275","11","n/e","n/e","n/e","n/e","n/e","n/e","n/e","n/e","n/e","n/e","n/e","96","51","77","70"
"BZN|DK2","06.09.2018 10:00 - 06.09.2018 11:00 (CET/CEST)","13","n/e","n/e","68","299","15","n/e","n/e","n/e","n/e","n/e","n/e","n/e","n/e","n/e","n/e","n/e","123","52","65","104"
"BZN|DK2","06.09.2018 11:00 - 06.09.2018 12:00 (CET/CEST)","8","n/e","n/e","51","269","10","n/e","n/e","n/e","n/e","n/e","n/e","n/e","n/e","n/e","n/e","n/e","147","49","63","126"
"BZN|DK2","06.09.2018 12:00 - 06.09.2018 13:00 (CET/CEST)","6","n/e","n/e","48","270","10","n/e","n/e","n/e","n/e","n/e","n/e","n/e","n/e","n/e","n/e","n/e","170","49","78","144"
"BZN|DK2","06.09.2018 13:00 - 06.09.2018 14:00 (CET/CEST)","11","n/e","n/e","47","266","10","n/e","n/e","n/e","n/e","n/e","n/e","n/e","n/e","n/e","n/e","n/e","171","49","104","159"
"BZN|DK2","06.09.2018 14:00 - 06.09.2018 15:00 (CET/CEST)","11","n/e","n/e","46","268","9","n/e","n/e","n/e","n/e","n/e","n/e","n/e","n/e","n/e","n/e","n/e","164","48","160","193"
"BZN|DK2","06.09.2018 15:00 - 06.09.2018 16:00 (CET/CEST)","8","n/e","n/e","50","268","10","n/e","n/e","n/e","n/e","n/e","n/e","n/e","n/e","n/e","n/e","n/e","140","49","197","225"
"BZN|DK2","06.09.2018 16:00 - 06.09.2018 17:00 (CET/CEST)","6","n/e","n/e","57","268","10","n/e","n/e","n/e","n/e","n/e","n/e","n/e","n/e","n/e","n/e","n/e","113","49","199","244"
"BZN|DK2","06.09.2018 17:00 - 06.09.2018 18:00 (CET/CEST)","6","n/e","n/e","39","267","10","n/e","n/e","n/e","n/e","n/e","n/e","n/e","n/e","n/e","n/e","n/e","70","50","226","257"
"BZN|DK2","06.09.2018 18:00 - 06.09.2018 19:00 (CET/CEST)","6","n/e","n/e","31","268","10","n/e","n/e","n/e","n/e","n/e","n/e","n/e","n/e","n/e","n/e","n/e","30","50","251","254"
"BZN|DK2","06.09.2018 19:00 - 06.09.2018 20:00 (CET/CEST)","5","n/e","n/e","59","272","10","n/e","n/e","n/e","n/e","n/e","n/e","n/e","n/e","n/e","n/e","n/e","3","50","276","230"
"BZN|DK2","06.09.2018 20:00 - 06.09.2018 21:00 (CET/CEST)","4","n/e","n/e","49","266","10","n/e","n/e","n/e","n/e","n/e","n/e","n/e","n/e","n/e","n/e","n/e","0","50","239","254"
"BZN|DK2","06.09.2018 21:00 - 06.09.2018 22:00 (CET/CEST)","3","n/e","n/e","38","193","9","n/e","n/e","n/e","n/e","n/e","n/e","n/e","n/e","n/e","n/e","n/e","0","50","250","255"
"BZN|DK2","06.09.2018 22:00 - 06.09.2018 23:00 (CET/CEST)","3","n/e","n/e","20","171","7","n/e","n/e","n/e","n/e","n/e","n/e","n/e","n/e","n/e","n/e","n/e","0","45","272","250"
"BZN|DK2","06.09.2018 23:00 - 07.09.2018 00:00 (CET/CEST)","3","n/e","n/e","18","166","6","n/e","n/e","n/e","n/e","n/e","n/e","n/e","n/e","n/e","n/e","n/e","0","42","260","257"
"BZN|DK2","07.09.2018 00:00 - 07.09.2018 01:00 (CET/CEST)","3","n/e","n/e","18","175","6","n/e","n/e","n/e","n/e","n/e","n/e","n/e","n/e","n/e","n/e","n/e","0","42","229","256"
"BZN|DK2","07.09.2018 01:00 - 07.09.2018 02:00 (CET/CEST)","3","n/e","n/e","20","168","7","n/e","n/e","n/e","n/e","n/e","n/e","n/e","n/e","n/e","n/e","n/e","0","44","187","235"
"BZN|DK2","07.09.2018 02:00 - 07.09.2018 03:00 (CET/CEST)","3","n/e","n/e","26","176","9","n/e","n/e","n/e","n/e","n/e","n/e","n/e","n/e","n/e","n/e","n/e","0","43","139","211"
"BZN|DK2","07.09.2018 03:00 - 07.09.2018 04:00 (CET/CEST)","3","n/e","n/e","26","175","9","n/e","n/e","n/e","n/e","n/e","n/e","n/e","n/e","n/e","n/e","n/e","0","44","131","201"
"BZN|DK2","07.09.2018 04:00 - 07.09.2018 05:00 (CET/CEST)","3","n/e","n/e","26","176","9","n/e","n/e","n/e","n/e","n/e","n/e","n/e","n/e","n/e","n/e","n/e","0","43","106","185"
"BZN|DK2","07.09.2018 05:00 - 07.09.2018 06:00 (CET/CEST)","3","n/e","n/e","26","175","9","n/e","n/e","n/e","n/e","n/e","n/e","n/e","n/e","n/e","n/e","n/e","0","44","62","169"
"BZN|DK2","07.09.2018 06:00 - 07.09.2018 07:00 (CET/CEST)","3","n/e","n/e","27","185","9","n/e","n/e","n/e","n/e","n/e","n/e","n/e","n/e","n/e","n/e","n/e","2","47","40","146"
"BZN|DK2","07.09.2018 07:00 - 07.09.2018 08:00 (CET/CEST)","5","n/e","n/e","51","262","11","n/e","n/e","n/e","n/e","n/e","n/e","n/e","n/e","n/e","n/e","n/e","14","50","40","144"
"BZN|DK2","07.09.2018 08:00 - 07.09.2018 09:00 (CET/CEST)","9","n/e","n/e","78","277","13","n/e","n/e","n/e","n/e","n/e","n/e","n/e","n/e","n/e","n/e","n/e","34","51","23","136"
"BZN|DK2","07.09.2018 09:00 - 07.09.2018 10:00 (CET/CEST)","8","n/e","n/e","69","277","12","n/e","n/e","n/e","n/e","n/e","n/e","n/e","n/e","n/e","n/e","n/e","50","48","17","130"
"BZN|DK2","07.09.2018 10:00 - 07.09.2018 11:00 (CET/CEST)","8","n/e","n/e","71","263","9","n/e","n/e","n/e","n/e","n/e","n/e","n/e","n/e","n/e","n/e","n/e","70","48","40","141"
"BZN|DK2","07.09.2018 11:00 - 07.09.2018 12:00 (CET/CEST)","8","n/e","n/e","47","251","7","n/e","n/e","n/e","n/e","n/e","n/e","n/e","n/e","n/e","n/e","n/e","68","48","56","126"
"BZN|DK2","07.09.2018 12:00 - 07.09.2018 13:00 (CET/CEST)","8","n/e","n/e","37","233","5","n/e","n/e","n/e","n/e","n/e","n/e","n/e","n/e","n/e","n/e","n/e","61","48","64","126"
"BZN|DK2","07.09.2018 13:00 - 07.09.2018 14:00 (CET/CEST)","8","n/e","n/e","55","237","7","n/e","n/e","n/e","n/e","n/e","n/e","n/e","n/e","n/e","n/e","n/e","57","58","72","130"
"BZN|DK2","07.09.2018 14:00 - 07.09.2018 15:00 (CET/CEST)","8","n/e","n/e","39","172","6","n/e","n/e","n/e","n/e","n/e","n/e","n/e","n/e","n/e","n/e","n/e","51","60","74","146"
"BZN|DK2","07.09.2018 15:00 - 07.09.2018 16:00 (CET/CEST)","8","n/e","n/e","39","170","7","n/e","n/e","n/e","n/e","n/e","n/e","n/e","n/e","n/e","n/e","n/e","58","61","77","125"
"BZN|DK2","07.09.2018 16:00 - 07.09.2018 17:00 (CET/CEST)","7","n/e","n/e","40","172","7","n/e","n/e","n/e","n/e","n/e","n/e","n/e","n/e","n/e","n/e","n/e","60","62","89","89"
"BZN|DK2","07.09.2018 17:00 - 07.09.2018 18:00 (CET/CEST)","4","n/e","n/e","39","179","7","n/e","n/e","n/e","n/e","n/e","n/e","n/e","n/e","n/e","n/e","n/e","43","63","91","86"
"BZN|DK2","07.09.2018 18:00 - 07.09.2018 19:00 (CET/CEST)","3","n/e","n/e","41","181","8","n/e","n/e","n/e","n/e","n/e","n/e","n/e","n/e","n/e","n/e","n/e","20","62","283","255"
"BZN|DK2","07.09.2018 19:00 - 07.09.2018 20:00 (CET/CEST)","3","n/e","n/e","42","184","8","n/e","n/e","n/e","n/e","n/e","n/e","n/e","n/e","n/e","n/e","n/e","2","63","336","294"
"BZN|DK2","07.09.2018 20:00 - 07.09.2018 21:00 (CET/CEST)","4","n/e","n/e","42","183","8","n/e","n/e","n/e","n/e","n/e","n/e","n/e","n/e","n/e","n/e","n/e","0","62","217","269"
"BZN|DK2","07.09.2018 21:00 - 07.09.2018 22:00 (CET/CEST)","4","n/e","n/e","39","174","7","n/e","n/e","n/e","n/e","n/e","n/e","n/e","n/e","n/e","n/e","n/e","0","61","219","224"
"BZN|DK2","07.09.2018 22:00 - 07.09.2018 23:00 (CET/CEST)","3","n/e","n/e","39","168","7","n/e","n/e","n/e","n/e","n/e","n/e","n/e","n/e","n/e","n/e","n/e","0","57","215","239"
"BZN|DK2","07.09.2018 23:00 - 08.09.2018 00:00 (CET/CEST)","3","n/e","n/e","39","166","7","n/e","n/e","n/e","n/e","n/e","n/e","n/e","n/e","n/e","n/e","n/e","0","56","214","226"
"BZN|DK2","08.09.2018 00:00 - 08.09.2018 01:00 (CET/CEST)","3","n/e","n/e","32","162","5","n/e","n/e","n/e","n/e","n/e","n/e","n/e","n/e","n/e","n/e","n/e","0","54","159","193"
"BZN|DK2","08.09.2018 01:00 - 08.09.2018 02:00 (CET/CEST)","3","n/e","n/e","31","165","5","n/e","n/e","n/e","n/e","n/e","n/e","n/e","n/e","n/e","n/e","n/e","0","56","156","200"
"BZN|DK2","08.09.2018 02:00 - 08.09.2018 03:00 (CET/CEST)","3","n/e","n/e","31","168","5","n/e","n/e","n/e","n/e","n/e","n/e","n/e","n/e","n/e","n/e","n/e","0","55","207","214"
"BZN|DK2","08.09.2018 03:00 - 08.09.2018 04:00 (CET/CEST)","3","n/e","n/e","31","164","5","n/e","n/e","n/e","n/e","n/e","n/e","n/e","n/e","n/e","n/e","n/e","0","54","269","224"
"BZN|DK2","08.09.2018 04:00 - 08.09.2018 05:00 (CET/CEST)","3","n/e","n/e","31","164","5","n/e","n/e","n/e","n/e","n/e","n/e","n/e","n/e","n/e","n/e","n/e","0","54","344","276"
"BZN|DK2","08.09.2018 05:00 - 08.09.2018 06:00 (CET/CEST)","3","n/e","n/e","31","166","5","n/e","n/e","n/e","n/e","n/e","n/e","n/e","n/e","n/e","n/e","n/e","0","55","355","319"
"BZN|DK2","08.09.2018 06:00 - 08.09.2018 07:00 (CET/CEST)","3","n/e","n/e","31","161","5","n/e","n/e","n/e","n/e","n/e","n/e","n/e","n/e","n/e","n/e","n/e","1","57","352","312"
"BZN|DK2","08.09.2018 07:00 - 08.09.2018 08:00 (CET/CEST)","3","n/e","n/e","31","159","5","n/e","n/e","n/e","n/e","n/e","n/e","n/e","n/e","n/e","n/e","n/e","14","59","348","315"
"BZN|DK2","08.09.2018 08:00 - 08.09.2018 09:00 (CET/CEST)","6","n/e","n/e","31","171","5","n/e","n/e","n/e","n/e","n/e","n/e","n/e","n/e","n/e","n/e","n/e","57","60","342","337"
"BZN|DK2","08.09.2018 09:00 - 08.09.2018 10:00 (CET/CEST)","8","n/e","n/e","29","164","4","n/e","n/e","n/e","n/e","n/e","n/e","n/e","n/e","n/e","n/e","n/e","102","59","344","402"
"BZN|DK2","08.09.2018 10:00 - 08.09.2018 11:00 (CET/CEST)","8","n/e","n/e","28","158","4","n/e","n/e","n/e","n/e","n/e","n/e","n/e","n/e","n/e","n/e","n/e","134","58","330","419"
"BZN|DK2","08.09.2018 11:00 - 08.09.2018 12:00 (CET/CEST)","8","n/e","n/e","28","155","4","n/e","n/e","n/e","n/e","n/e","n/e","n/e","n/e","n/e","n/e","n/e","131","59","321","430"
"BZN|DK2","08.09.2018 12:00 - 08.09.2018 13:00 (CET/CEST)","8","n/e","n/e","28","156","4","n/e","n/e","n/e","n/e","n/e","n/e","n/e","n/e","n/e","n/e","n/e","123","58","293","454"
"BZN|DK2","08.09.2018 13:00 - 08.09.2018 14:00 (CET/CEST)","8","n/e","n/e","28","151","4","n/e","n/e","n/e","n/e","n/e","n/e","n/e","n/e","n/e","n/e","n/e","135","58","273","477"
"BZN|DK2","08.09.2018 14:00 - 08.09.2018 15:00 (CET/CEST)","8","n/e","n/e","28","151","4","n/e","n/e","n/e","n/e","n/e","n/e","n/e","n/e","n/e","n/e","n/e","134","58","231","430"
"BZN|DK2","08.09.2018 15:00 - 08.09.2018 16:00 (CET/CEST)","7","n/e","n/e","28","155","4","n/e","n/e","n/e","n/e","n/e","n/e","n/e","n/e","n/e","n/e","n/e","111","58","282","440"
"BZN|DK2","08.09.2018 16:00 - 08.09.2018 17:00 (CET/CEST)","3","n/e","n/e","29","155","4","n/e","n/e","n/e","n/e","n/e","n/e","n/e","n/e","n/e","n/e","n/e","71","59","233","398"
"BZN|DK2","08.09.2018 17:00 - 08.09.2018 18:00 (CET/CEST)","3","n/e","n/e","29","164","4","n/e","n/e","n/e","n/e","n/e","n/e","n/e","n/e","n/e","n/e","n/e","46","59","244","319"
"BZN|DK2","08.09.2018 18:00 - 08.09.2018 19:00 (CET/CEST)","3","n/e","n/e","30","167","4","n/e","n/e","n/e","n/e","n/e","n/e","n/e","n/e","n/e","n/e","n/e","22","59","237","242"
"BZN|DK2","08.09.2018 19:00 - 08.09.2018 20:00 (CET/CEST)","3","n/e","n/e","29","160","4","n/e","n/e","n/e","n/e","n/e","n/e","n/e","n/e","n/e","n/e","n/e","3","59","146","218"
"BZN|DK2","08.09.2018 20:00 - 08.09.2018 21:00 (CET/CEST)","3","n/e","n/e","29","157","4","n/e","n/e","n/e","n/e","n/e","n/e","n/e","n/e","n/e","n/e","n/e","0","58","158","136"
"BZN|DK2","08.09.2018 21:00 - 08.09.2018 22:00 (CET/CEST)","3","n/e","n/e","29","162","4","n/e","n/e","n/e","n/e","n/e","n/e","n/e","n/e","n/e","n/e","n/e","0","58","105","114"
"BZN|DK2","08.09.2018 22:00 - 08.09.2018 23:00 (CET/CEST)","3","n/e","n/e","28","155","4","n/e","n/e","n/e","n/e","n/e","n/e","n/e","n/e","n/e","n/e","n/e","0","55","62","125"
"BZN|DK2","08.09.2018 23:00 - 09.09.2018 00:00 (CET/CEST)","3","n/e","n/e","28","157","4","n/e","n/e","n/e","n/e","n/e","n/e","n/e","n/e","n/e","n/e","n/e","0","55","120","148"
"BZN|DK2","09.09.2018 00:00 - 09.09.2018 01:00 (CET/CEST)","3","n/e","n/e","28","157","4","n/e","n/e","n/e","n/e","n/e","n/e","n/e","n/e","n/e","n/e","n/e","0","55","103","169"
"BZN|DK2","09.09.2018 01:00 - 09.09.2018 02:00 (CET/CEST)","3","n/e","n/e","28","156","4","n/e","n/e","n/e","n/e","n/e","n/e","n/e","n/e","n/e","n/e","n/e","0","56","107","184"
"BZN|DK2","09.09.2018 02:00 - 09.09.2018 03:00 (CET/CEST)","3","n/e","n/e","28","163","4","n/e","n/e","n/e","n/e","n/e","n/e","n/e","n/e","n/e","n/e","n/e","0","54","143","194"
"BZN|DK2","09.09.2018 03:00 - 09.09.2018 04:00 (CET/CEST)","3","n/e","n/e","28","164","4","n/e","n/e","n/e","n/e","n/e","n/e","n/e","n/e","n/e","n/e","n/e","0","56","118","194"
"BZN|DK2","09.09.2018 04:00 - 09.09.2018 05:00 (CET/CEST)","3","n/e","n/e","28","165","4","n/e","n/e","n/e","n/e","n/e","n/e","n/e","n/e","n/e","n/e","n/e","0","55","112","192"
"BZN|DK2","09.09.2018 05:00 - 09.09.2018 06:00 (CET/CEST)","3","n/e","n/e","28","162","4","n/e","n/e","n/e","n/e","n/e","n/e","n/e","n/e","n/e","n/e","n/e","0","55","80","168"
"BZN|DK2","09.09.2018 06:00 - 09.09.2018 07:00 (CET/CEST)","3","n/e","n/e","28","160","4","n/e","n/e","n/e","n/e","n/e","n/e","n/e","n/e","n/e","n/e","n/e","1","56","70","178"
"BZN|DK2","09.09.2018 07:00 - 09.09.2018 08:00 (CET/CEST)","3","n/e","n/e","28","158","4","n/e","n/e","n/e","n/e","n/e","n/e","n/e","n/e","n/e","n/e","n/e","16","58","67","199"
"BZN|DK2","09.09.2018 08:00 - 09.09.2018 09:00 (CET/CEST)","4","n/e","n/e","28","158","4","n/e","n/e","n/e","n/e","n/e","n/e","n/e","n/e","n/e","n/e","n/e","47","58","64","195"
"BZN|DK2","09.09.2018 09:00 - 09.09.2018 10:00 (CET/CEST)","8","n/e","n/e","28","158","4","n/e","n/e","n/e","n/e","n/e","n/e","n/e","n/e","n/e","n/e","n/e","97","58","83","215"
"BZN|DK2","09.09.2018 10:00 - 09.09.2018 11:00 (CET/CEST)","8","n/e","n/e","28","156","4","n/e","n/e","n/e","n/e","n/e","n/e","n/e","n/e","n/e","n/e","n/e","128","58","87","245"
"BZN|DK2","09.09.2018 11:00 - 09.09.2018 12:00 (CET/CEST)","8","n/e","n/e","28","156","4","n/e","n/e","n/e","n/e","n/e","n/e","n/e","n/e","n/e","n/e","n/e","135","59","73","232"
"BZN|DK2","09.09.2018 12:00 - 09.09.2018 13:00 (CET/CEST)","8","n/e","n/e","28","154","4","n/e","n/e","n/e","n/e","n/e","n/e","n/e","n/e","n/e","n/e","n/e","146","59","81","198"
"BZN|DK2","09.09.2018 13:00 - 09.09.2018 14:00 (CET/CEST)","7","n/e","n/e","28","158","4","n/e","n/e","n/e","n/e","n/e","n/e","n/e","n/e","n/e","n/e","n/e","150","58","90","174"
"BZN|DK2","09.09.2018 14:00 - 09.09.2018 15:00 (CET/CEST)","3","n/e","n/e","28","159","4","n/e","n/e","n/e","n/e","n/e","n/e","n/e","n/e","n/e","n/e","n/e","140","59","125","131"
"BZN|DK2","09.09.2018 15:00 - 09.09.2018 16:00 (CET/CEST)","3","n/e","n/e","28","157","4","n/e","n/e","n/e","n/e","n/e","n/e","n/e","n/e","n/e","n/e","n/e","121","59","97","120"
"BZN|DK2","09.09.2018 16:00 - 09.09.2018 17:00 (CET/CEST)","3","n/e","n/e","28","162","4","n/e","n/e","n/e","n/e","n/e","n/e","n/e","n/e","n/e","n/e","n/e","101","58","45","94"
"BZN|DK2","09.09.2018 17:00 - 09.09.2018 18:00 (CET/CEST)","3","n/e","n/e","30","167","4","n/e","n/e","n/e","n/e","n/e","n/e","n/e","n/e","n/e","n/e","n/e","71","59","23","79"
"BZN|DK2","09.09.2018 18:00 - 09.09.2018 19:00 (CET/CEST)","3","n/e","n/e","36","233","5","n/e","n/e","n/e","n/e","n/e","n/e","n/e","n/e","n/e","n/e","n/e","25","62","17","57"
"BZN|DK2","09.09.2018 19:00 - 09.09.2018 20:00 (CET/CEST)","3","n/e","n/e","40","235","5","n/e","n/e","n/e","n/e","n/e","n/e","n/e","n/e","n/e","n/e","n/e","2","62","11","46"
"BZN|DK2","09.09.2018 20:00 - 09.09.2018 21:00 (CET/CEST)","3","n/e","n/e","41","234","5","n/e","n/e","n/e","n/e","n/e","n/e","n/e","n/e","n/e","n/e","n/e","0","62","6","50"
"BZN|DK2","09.09.2018 21:00 - 09.09.2018 22:00 (CET/CEST)","3","n/e","n/e","31","166","4","n/e","n/e","n/e","n/e","n/e","n/e","n/e","n/e","n/e","n/e","n/e","0","61","21","57"
"BZN|DK2","09.09.2018 22:00 - 09.09.2018 23:00 (CET/CEST)","3","n/e","n/e","29","156","4","n/e","n/e","n/e","n/e","n/e","n/e","n/e","n/e","n/e","n/e","n/e","0","58","49","69"
"BZN|DK2","09.09.2018 23:00 - 10.09.2018 00:00 (CET/CEST)","3","n/e","n/e","29","152","4","n/e","n/e","n/e","n/e","n/e","n/e","n/e","n/e","n/e","n/e","n/e","0","59","67","113"
"BZN|DK2","10.09.2018 00:00 - 10.09.2018 01:00 (CET/CEST)","3","n/e","n/e","29","150","4","n/e","n/e","n/e","n/e","n/e","n/e","n/e","n/e","n/e","n/e","n/e","0","58","99","158"
"BZN|DK2","10.09.2018 01:00 - 10.09.2018 02:00 (CET/CEST)","3","n/e","n/e","29","149","4","n/e","n/e","n/e","n/e","n/e","n/e","n/e","n/e","n/e","n/e","n/e","0","58","161","175"
"BZN|DK2","10.09.2018 02:00 - 10.09.2018 03:00 (CET/CEST)","3","n/e","n/e","29","147","4","n/e","n/e","n/e","n/e","n/e","n/e","n/e","n/e","n/e","n/e","n/e","0","58","188","187"
"BZN|DK2","10.09.2018 03:00 - 10.09.2018 04:00 (CET/CEST)","3","n/e","n/e","29","147","4","n/e","n/e","n/e","n/e","n/e","n/e","n/e","n/e","n/e","n/e","n/e","0","58","125","178"
"BZN|DK2","10.09.2018 04:00 - 10.09.2018 05:00 (CET/CEST)","3","n/e","n/e","29","159","4","n/e","n/e","n/e","n/e","n/e","n/e","n/e","n/e","n/e","n/e","n/e","0","57","105","183"
"BZN|DK2","10.09.2018 05:00 - 10.09.2018 06:00 (CET/CEST)","3","n/e","n/e","30","159","4","n/e","n/e","n/e","n/e","n/e","n/e","n/e","n/e","n/e","n/e","n/e","0","57","129","210"
"BZN|DK2","10.09.2018 06:00 - 10.09.2018 07:00 (CET/CEST)","3","n/e","n/e","51","197","5","n/e","n/e","n/e","n/e","n/e","n/e","n/e","n/e","n/e","n/e","n/e","0","59","222","235"
"BZN|DK2","10.09.2018 07:00 - 10.09.2018 08:00 (CET/CEST)","5","n/e","n/e","96","260","8","n/e","n/e","n/e","n/e","n/e","n/e","n/e","n/e","n/e","n/e","n/e","6","58","269","239"
"BZN|DK2","10.09.2018 08:00 - 10.09.2018 09:00 (CET/CEST)","9","n/e","n/e","48","224","9","n/e","n/e","n/e","n/e","n/e","n/e","n/e","n/e","n/e","n/e","n/e","28","47","192","195"
"BZN|DK2","10.09.2018 09:00 - 10.09.2018 10:00 (CET/CEST)","8","n/e","n/e","58","200","10","n/e","n/e","n/e","n/e","n/e","n/e","n/e","n/e","n/e","n/e","n/e","47","44","110","160"
"BZN|DK2","10.09.2018 10:00 - 10.09.2018 11:00 (CET/CEST)","9","n/e","n/e","83","258","21","n/e","n/e","n/e","n/e","n/e","n/e","n/e","n/e","n/e","n/e","n/e","74","34","57","138"
"BZN|DK2","10.09.2018 11:00 - 10.09.2018 12:00 (CET/CEST)","9","n/e","n/e","66","259","17","n/e","n/e","n/e","n/e","n/e","n/e","n/e","n/e","n/e","n/e","n/e","105","36","33","124"
"BZN|DK2","10.09.2018 12:00 - 10.09.2018 13:00 (CET/CEST)","9","n/e","n/e","55","242","23","n/e","n/e","n/e","n/e","n/e","n/e","n/e","n/e","n/e","n/e","n/e","116","35","22","106"
"BZN|DK2","10.09.2018 13:00 - 10.09.2018 14:00 (CET/CEST)","9","n/e","n/e","44","185","18","n/e","n/e","n/e","n/e","n/e","n/e","n/e","n/e","n/e","n/e","n/e","128","35","22","113"
"BZN|DK2","10.09.2018 14:00 - 10.09.2018 15:00 (CET/CEST)","9","n/e","n/e","43","179","9","n/e","n/e","n/e","n/e","n/e","n/e","n/e","n/e","n/e","n/e","n/e","122","35","10","134"
"BZN|DK2","10.09.2018 15:00 - 10.09.2018 16:00 (CET/CEST)","9","n/e","n/e","43","175","9","n/e","n/e","n/e","n/e","n/e","n/e","n/e","n/e","n/e","n/e","n/e","87","35","8","136"
"BZN|DK2","10.09.2018 16:00 - 10.09.2018 17:00 (CET/CEST)","9","n/e","n/e","43","179","9","n/e","n/e","n/e","n/e","n/e","n/e","n/e","n/e","n/e","n/e","n/e","68","35","4","135"
"BZN|DK2","10.09.2018 17:00 - 10.09.2018 18:00 (CET/CEST)","8","n/e","n/e","59","229","11","n/e","n/e","n/e","n/e","n/e","n/e","n/e","n/e","n/e","n/e","n/e","31","36","23","112"
"BZN|DK2","10.09.2018 18:00 - 10.09.2018 19:00 (CET/CEST)","5","n/e","n/e","74","283","12","n/e","n/e","n/e","n/e","n/e","n/e","n/e","n/e","n/e","n/e","n/e","13","37","54","72"
"BZN|DK2","10.09.2018 19:00 - 10.09.2018 20:00 (CET/CEST)","5","n/e","n/e","63","263","12","n/e","n/e","n/e","n/e","n/e","n/e","n/e","n/e","n/e","n/e","n/e","2","36","24","80"
"BZN|DK2","10.09.2018 20:00 - 10.09.2018 21:00 (CET/CEST)","5","n/e","n/e","59","264","11","n/e","n/e","n/e","n/e","n/e","n/e","n/e","n/e","n/e","n/e","n/e","0","36","32","82"
"BZN|DK2","10.09.2018 21:00 - 10.09.2018 22:00 (CET/CEST)","4","n/e","n/e","57","194","10","n/e","n/e","n/e","n/e","n/e","n/e","n/e","n/e","n/e","n/e","n/e","0","35","34","89"
"BZN|DK2","10.09.2018 22:00 - 10.09.2018 23:00 (CET/CEST)","4","n/e","n/e","47","183","9","n/e","n/e","n/e","n/e","n/e","n/e","n/e","n/e","n/e","n/e","n/e","0","30","47","84"
"BZN|DK2","10.09.2018 23:00 - 11.09.2018 00:00 (CET/CEST)","4","n/e","n/e","45","181","8","n/e","n/e","n/e","n/e","n/e","n/e","n/e","n/e","n/e","n/e","n/e","0","29","47","94"
"BZN|DK2","11.09.2018 00:00 - 11.09.2018 01:00 (CET/CEST)","4","n/e","n/e","45","184","8","n/e","n/e","n/e","n/e","n/e","n/e","n/e","n/e","n/e","n/e","n/e","0","29","118","135"
"BZN|DK2","11.09.2018 01:00 - 11.09.2018 02:00 (CET/CEST)","4","n/e","n/e","44","188","8","n/e","n/e","n/e","n/e","n/e","n/e","n/e","n/e","n/e","n/e","n/e","0","28","92","96"
"BZN|DK2","11.09.2018 02:00 - 11.09.2018 03:00 (CET/CEST)","4","n/e","n/e","45","188","8","n/e","n/e","n/e","n/e","n/e","n/e","n/e","n/e","n/e","n/e","n/e","0","28","59","76"
"BZN|DK2","11.09.2018 03:00 - 11.09.2018 04:00 (CET/CEST)","4","n/e","n/e","44","176","8","n/e","n/e","n/e","n/e","n/e","n/e","n/e","n/e","n/e","n/e","n/e","0","28","61","97"
"BZN|DK2","11.09.2018 04:00 - 11.09.2018 05:00 (CET/CEST)","4","n/e","n/e","44","183","8","n/e","n/e","n/e","n/e","n/e","n/e","n/e","n/e","n/e","n/e","n/e","0","28","76","112"
"BZN|DK2","11.09.2018 05:00 - 11.09.2018 06:00 (CET/CEST)","4","n/e","n/e","45","173","8","n/e","n/e","n/e","n/e","n/e","n/e","n/e","n/e","n/e","n/e","n/e","0","29","112","128"
"BZN|DK2","11.09.2018 06:00 - 11.09.2018 07:00 (CET/CEST)","4","n/e","n/e","48","186","9","n/e","n/e","n/e","n/e","n/e","n/e","n/e","n/e","n/e","n/e","n/e","0","33","160","195"
"BZN|DK2","11.09.2018 07:00 - 11.09.2018 08:00 (CET/CEST)","8","n/e","n/e","52","191","11","n/e","n/e","n/e","n/e","n/e","n/e","n/e","n/e","n/e","n/e","n/e","0","35","271","261"
"BZN|DK2","11.09.2018 08:00 - 11.09.2018 09:00 (CET/CEST)","9","n/e","n/e","68","185","12","n/e","n/e","n/e","n/e","n/e","n/e","n/e","n/e","n/e","n/e","n/e","13","35","201","286"
"BZN|DK2","11.09.2018 09:00 - 11.09.2018 10:00 (CET/CEST)","9","n/e","n/e","53","195","23","n/e","n/e","n/e","n/e","n/e","n/e","n/e","n/e","n/e","n/e","n/e","19","35","170","236"
"BZN|DK2","11.09.2018 10:00 - 11.09.2018 11:00 (CET/CEST)","9","n/e","n/e","45","186","28","n/e","n/e","n/e","n/e","n/e","n/e","n/e","n/e","n/e","n/e","n/e","34","34","230","266"
"BZN|DK2","11.09.2018 11:00 - 11.09.2018 12:00 (CET/CEST)","10","n/e","n/e","51","187","37","n/e","n/e","n/e","n/e","n/e","n/e","n/e","n/e","n/e","n/e","n/e","38","34","278","373"
"BZN|DK2","11.09.2018 12:00 - 11.09.2018 13:00 (CET/CEST)","12","n/e","n/e","59","196","42","n/e","n/e","n/e","n/e","n/e","n/e","n/e","n/e","n/e","n/e","n/e","35","36","272","558"
"BZN|DK2","11.09.2018 13:00 - 11.09.2018 14:00 (CET/CEST)","13","n/e","n/e","45","183","44","n/e","n/e","n/e","n/e","n/e","n/e","n/e","n/e","n/e","n/e","n/e","25","35","198","507"
"BZN|DK2","11.09.2018 14:00 - 11.09.2018 15:00 (CET/CEST)","15","n/e","n/e","43","177","28","n/e","n/e","n/e","n/e","n/e","n/e","n/e","n/e","n/e","n/e","n/e","25","35","258","542"
"BZN|DK2","11.09.2018 15:00 - 11.09.2018 16:00 (CET/CEST)","12","n/e","n/e","43","174","8","n/e","n/e","n/e","n/e","n/e","n/e","n/e","n/e","n/e","n/e","n/e","23","35","353","559"
"BZN|DK2","11.09.2018 16:00 - 11.09.2018 17:00 (CET/CEST)","12","n/e","n/e","43","180","8","n/e","n/e","n/e","n/e","n/e","n/e","n/e","n/e","n/e","n/e","n/e","22","35","320","547"
"BZN|DK2","11.09.2018 17:00 - 11.09.2018 18:00 (CET/CEST)","11","n/e","n/e","43","180","9","n/e","n/e","n/e","n/e","n/e","n/e","n/e","n/e","n/e","n/e","n/e","15","35","370","528"
"BZN|DK2","11.09.2018 18:00 - 11.09.2018 19:00 (CET/CEST)","7","n/e","n/e","44","186","9","n/e","n/e","n/e","n/e","n/e","n/e","n/e","n/e","n/e","n/e","n/e","7","35","372","536"
"BZN|DK2","11.09.2018 19:00 - 11.09.2018 20:00 (CET/CEST)","7","n/e","n/e","45","188","9","n/e","n/e","n/e","n/e","n/e","n/e","n/e","n/e","n/e","n/e","n/e","1","35","351","482"
"BZN|DK2","11.09.2018 20:00 - 11.09.2018 21:00 (CET/CEST)","7","n/e","n/e","45","186","9","n/e","n/e","n/e","n/e","n/e","n/e","n/e","n/e","n/e","n/e","n/e","0","35","352","424"
"BZN|DK2","11.09.2018 21:00 - 11.09.2018 22:00 (CET/CEST)","7","n/e","n/e","45","189","9","n/e","n/e","n/e","n/e","n/e","n/e","n/e","n/e","n/e","n/e","n/e","0","35","337","368"
"BZN|DK2","11.09.2018 22:00 - 11.09.2018 23:00 (CET/CEST)","7","n/e","n/e","42","185","8","n/e","n/e","n/e","n/e","n/e","n/e","n/e","n/e","n/e","n/e","n/e","0","31","267","301"
"BZN|DK2","11.09.2018 23:00 - 12.09.2018 00:00 (CET/CEST)","7","n/e","n/e","42","177","8","n/e","n/e","n/e","n/e","n/e","n/e","n/e","n/e","n/e","n/e","n/e","0","30","278","236"
"BZN|DK2","12.09.2018 00:00 - 12.09.2018 01:00 (CET/CEST)","6","n/e","n/e","42","186","8","n/e","n/e","n/e","n/e","n/e","n/e","n/e","n/e","n/e","n/e","n/e","0","27","187","285"
"BZN|DK2","12.09.2018 01:00 - 12.09.2018 02:00 (CET/CEST)","6","n/e","n/e","42","184","8","n/e","n/e","n/e","n/e","n/e","n/e","n/e","n/e","n/e","n/e","n/e","0","27","292","287"
"BZN|DK2","12.09.2018 02:00 - 12.09.2018 03:00 (CET/CEST)","7","n/e","n/e","42","191","8","n/e","n/e","n/e","n/e","n/e","n/e","n/e","n/e","n/e","n/e","n/e","0","27","294","261"
"BZN|DK2","12.09.2018 03:00 - 12.09.2018 04:00 (CET/CEST)","6","n/e","n/e","42","237","8","n/e","n/e","n/e","n/e","n/e","n/e","n/e","n/e","n/e","n/e","n/e","0","27","243","246"
"BZN|DK2","12.09.2018 04:00 - 12.09.2018 05:00 (CET/CEST)","7","n/e","n/e","42","234","8","n/e","n/e","n/e","n/e","n/e","n/e","n/e","n/e","n/e","n/e","n/e","0","28","214","232"
"BZN|DK2","12.09.2018 05:00 - 12.09.2018 06:00 (CET/CEST)","6","n/e","n/e","42","235","8","n/e","n/e","n/e","n/e","n/e","n/e","n/e","n/e","n/e","n/e","n/e","0","34","117","192"
"BZN|DK2","12.09.2018 06:00 - 12.09.2018 07:00 (CET/CEST)","7","n/e","n/e","45","239","9","n/e","n/e","n/e","n/e","n/e","n/e","n/e","n/e","n/e","n/e","n/e","0","35","115","209"
"BZN|DK2","12.09.2018 07:00 - 12.09.2018 08:00 (CET/CEST)","9","n/e","n/e","48","243","10","n/e","n/e","n/e","n/e","n/e","n/e","n/e","n/e","n/e","n/e","n/e","7","35","136","219"
"BZN|DK2","12.09.2018 08:00 - 12.09.2018 09:00 (CET/CEST)","13","n/e","n/e","49","246","10","n/e","n/e","n/e","n/e","n/e","n/e","n/e","n/e","n/e","n/e","n/e","21","36","106","208"
"BZN|DK2","12.09.2018 09:00 - 12.09.2018 10:00 (CET/CEST)","17","n/e","n/e","54","257","10","n/e","n/e","n/e","n/e","n/e","n/e","n/e","n/e","n/e","n/e","n/e","28","35","108","246"
"BZN|DK2","12.09.2018 10:00 - 12.09.2018 11:00 (CET/CEST)","19","n/e","n/e","48","242","10","n/e","n/e","n/e","n/e","n/e","n/e","n/e","n/e","n/e","n/e","n/e","36","35","125","326"
"BZN|DK2","12.09.2018 11:00 - 12.09.2018 12:00 (CET/CEST)","19","n/e","n/e","47","239","10","n/e","n/e","n/e","n/e","n/e","n/e","n/e","n/e","n/e","n/e","n/e","53","36","256","385"
"BZN|DK2","12.09.2018 12:00 - 12.09.2018 13:00 (CET/CEST)","18","n/e","n/e","46","237","9","n/e","n/e","n/e","n/e","n/e","n/e","n/e","n/e","n/e","n/e","n/e","66","35","233","315"
"BZN|DK2","12.09.2018 13:00 - 12.09.2018 14:00 (CET/CEST)","19","n/e","n/e","45","236","34","n/e","n/e","n/e","n/e","n/e","n/e","n/e","n/e","n/e","n/e","n/e","74","35","140","307"
"BZN|DK2","12.09.2018 14:00 - 12.09.2018 15:00 (CET/CEST)","18","n/e","n/e","44","233","9","n/e","n/e","n/e","n/e","n/e","n/e","n/e","n/e","n/e","n/e","n/e","82","35","155","371"
"BZN|DK2","12.09.2018 15:00 - 12.09.2018 16:00 (CET/CEST)","15","n/e","n/e","44","234","9","n/e","n/e","n/e","n/e","n/e","n/e","n/e","n/e","n/e","n/e","n/e","74","35","181","328"
"BZN|DK2","12.09.2018 16:00 - 12.09.2018 17:00 (CET/CEST)","15","n/e","n/e","44","234","9","n/e","n/e","n/e","n/e","n/e","n/e","n/e","n/e","n/e","n/e","n/e","57","35","179","330"
"BZN|DK2","12.09.2018 17:00 - 12.09.2018 18:00 (CET/CEST)","15","n/e","n/e","44","234","9","n/e","n/e","n/e","n/e","n/e","n/e","n/e","n/e","n/e","n/e","n/e","38","28","178","294"
"BZN|DK2","12.09.2018 18:00 - 12.09.2018 19:00 (CET/CEST)","15","n/e","n/e","44","236","9","n/e","n/e","n/e","n/e","n/e","n/e","n/e","n/e","n/e","n/e","n/e","18","29","153","258"
"BZN|DK2","12.09.2018 19:00 - 12.09.2018 20:00 (CET/CEST)","8","n/e","n/e","46","241","9","n/e","n/e","n/e","n/e","n/e","n/e","n/e","n/e","n/e","n/e","n/e","2","37","162","218"
"BZN|DK2","12.09.2018 20:00 - 12.09.2018 21:00 (CET/CEST)","7","n/e","n/e","46","239","9","n/e","n/e","n/e","n/e","n/e","n/e","n/e","n/e","n/e","n/e","n/e","0","36","145","192"
"BZN|DK2","12.09.2018 21:00 - 12.09.2018 22:00 (CET/CEST)","7","n/e","n/e","46","237","9","n/e","n/e","n/e","n/e","n/e","n/e","n/e","n/e","n/e","n/e","n/e","0","35","136","163"
"BZN|DK2","12.09.2018 22:00 - 12.09.2018 23:00 (CET/CEST)","6","n/e","n/e","43","234","8","n/e","n/e","n/e","n/e","n/e","n/e","n/e","n/e","n/e","n/e","n/e","0","29","106","136"
"BZN|DK2","12.09.2018 23:00 - 13.09.2018 00:00 (CET/CEST)","6","n/e","n/e","43","238","8","n/e","n/e","n/e","n/e","n/e","n/e","n/e","n/e","n/e","n/e","n/e","0","27","78","131"
"BZN|DK2","13.09.2018 00:00 - 13.09.2018 01:00 (CET/CEST)","7","n/e","n/e","43","235","8","n/e","n/e","n/e","n/e","n/e","n/e","n/e","n/e","n/e","n/e","n/e","0","27","82","102"
"BZN|DK2","13.09.2018 01:00 - 13.09.2018 02:00 (CET/CEST)","7","n/e","n/e","43","235","8","n/e","n/e","n/e","n/e","n/e","n/e","n/e","n/e","n/e","n/e","n/e","0","28","57","93"
"BZN|DK2","13.09.2018 02:00 - 13.09.2018 03:00 (CET/CEST)","7","n/e","n/e","43","237","8","n/e","n/e","n/e","n/e","n/e","n/e","n/e","n/e","n/e","n/e","n/e","0","27","32","77"
"BZN|DK2","13.09.2018 03:00 - 13.09.2018 04:00 (CET/CEST)","7","n/e","n/e","43","239","8","n/e","n/e","n/e","n/e","n/e","n/e","n/e","n/e","n/e","n/e","n/e","0","27","20","64"
"BZN|DK2","13.09.2018 04:00 - 13.09.2018 05:00 (CET/CEST)","6","n/e","n/e","43","237","8","n/e","n/e","n/e","n/e","n/e","n/e","n/e","n/e","n/e","n/e","n/e","0","28","10","50"
"BZN|DK2","13.09.2018 05:00 - 13.09.2018 06:00 (CET/CEST)","7","n/e","n/e","44","238","9","n/e","n/e","n/e","n/e","n/e","n/e","n/e","n/e","n/e","n/e","n/e","0","29","7","42"
"BZN|DK2","13.09.2018 06:00 - 13.09.2018 07:00 (CET/CEST)","6","n/e","n/e","47","241","9","n/e","n/e","n/e","n/e","n/e","n/e","n/e","n/e","n/e","n/e","n/e","0","34","4","45"
"BZN|DK2","13.09.2018 07:00 - 13.09.2018 08:00 (CET/CEST)","11","n/e","n/e","85","261","13","n/e","n/e","n/e","n/e","n/e","n/e","n/e","n/e","n/e","n/e","n/e","15","37","5","51"
"BZN|DK2","13.09.2018 08:00 - 13.09.2018 09:00 (CET/CEST)","18","n/e","n/e","100","261","13","n/e","n/e","n/e","n/e","n/e","n/e","n/e","n/e","n/e","n/e","n/e","59","37","15","52"
"BZN|DK2","13.09.2018 09:00 - 13.09.2018 10:00 (CET/CEST)","19","n/e","n/e","96","254","12","n/e","n/e","n/e","n/e","n/e","n/e","n/e","n/e","n/e","n/e","n/e","113","37","19","61"
"BZN|DK2","13.09.2018 10:00 - 13.09.2018 11:00 (CET/CEST)","17","n/e","n/e","67","257","12","n/e","n/e","n/e","n/e","n/e","n/e","n/e","n/e","n/e","n/e","n/e","146","37","14","87"
"BZN|DK2","13.09.2018 11:00 - 13.09.2018 12:00 (CET/CEST)","18","n/e","n/e","62","251","12","n/e","n/e","n/e","n/e","n/e","n/e","n/e","n/e","n/e","n/e","n/e","164","36","7","87"
"BZN|DK2","13.09.2018 12:00 - 13.09.2018 13:00 (CET/CEST)","18","n/e","n/e","57","255","11","n/e","n/e","n/e","n/e","n/e","n/e","n/e","n/e","n/e","n/e","n/e","186","35","2","86"
"BZN|DK2","13.09.2018 13:00 - 13.09.2018 14:00 (CET/CEST)","18","n/e","n/e","51","248","11","n/e","n/e","n/e","n/e","n/e","n/e","n/e","n/e","n/e","n/e","n/e","192","35","2","89"
"BZN|DK2","13.09.2018 14:00 - 13.09.2018 15:00 (CET/CEST)","18","n/e","n/e","49","244","10","n/e","n/e","n/e","n/e","n/e","n/e","n/e","n/e","n/e","n/e","n/e","171","34","1","98"
"BZN|DK2","13.09.2018 15:00 - 13.09.2018 16:00 (CET/CEST)","17","n/e","n/e","47","244","10","n/e","n/e","n/e","n/e","n/e","n/e","n/e","n/e","n/e","n/e","n/e","141","35","5","88"
"BZN|DK2","13.09.2018 16:00 - 13.09.2018 17:00 (CET/CEST)","18","n/e","n/e","48","244","10","n/e","n/e","n/e","n/e","n/e","n/e","n/e","n/e","n/e","n/e","n/e","99","34","2","70"
"BZN|DK2","13.09.2018 17:00 - 13.09.2018 18:00 (CET/CEST)","17","n/e","n/e","49","241","10","n/e","n/e","n/e","n/e","n/e","n/e","n/e","n/e","n/e","n/e","n/e","67","34","2","55"
"BZN|DK2","13.09.2018 18:00 - 13.09.2018 19:00 (CET/CEST)","15","n/e","n/e","51","243","11","n/e","n/e","n/e","n/e","n/e","n/e","n/e","n/e","n/e","n/e","n/e","24","35","2","45"
"BZN|DK2","13.09.2018 19:00 - 13.09.2018 20:00 (CET/CEST)","13","n/e","n/e","51","247","11","n/e","n/e","n/e","n/e","n/e","n/e","n/e","n/e","n/e","n/e","n/e","2","35","5","56"
"BZN|DK2","13.09.2018 20:00 - 13.09.2018 21:00 (CET/CEST)","13","n/e","n/e","50","245","10","n/e","n/e","n/e","n/e","n/e","n/e","n/e","n/e","n/e","n/e","n/e","0","35","10","75"
"BZN|DK2","13.09.2018 21:00 - 13.09.2018 22:00 (CET/CEST)","13","n/e","n/e","48","241","10","n/e","n/e","n/e","n/e","n/e","n/e","n/e","n/e","n/e","n/e","n/e","0","34","9","90"
"BZN|DK2","13.09.2018 22:00 - 13.09.2018 23:00 (CET/CEST)","6","n/e","n/e","46","234","9","n/e","n/e","n/e","n/e","n/e","n/e","n/e","n/e","n/e","n/e","n/e","0","28","22","83"
"BZN|DK2","13.09.2018 23:00 - 14.09.2018 00:00 (CET/CEST)","4","n/e","n/e","43","224","8","n/e","n/e","n/e","n/e","n/e","n/e","n/e","n/e","n/e","n/e","n/e","0","27","27","78"
"BZN|DK2","14.09.2018 00:00 - 14.09.2018 01:00 (CET/CEST)","4","n/e","n/e","42","226","8","n/e","n/e","n/e","n/e","n/e","n/e","n/e","n/e","n/e","n/e","n/e","0","26","28","90"
"BZN|DK2","14.09.2018 01:00 - 14.09.2018 02:00 (CET/CEST)","4","n/e","n/e","42","230","8","n/e","n/e","n/e","n/e","n/e","n/e","n/e","n/e","n/e","n/e","n/e","0","27","34","101"
"BZN|DK2","14.09.2018 02:00 - 14.09.2018 03:00 (CET/CEST)","4","n/e","n/e","42","230","8","n/e","n/e","n/e","n/e","n/e","n/e","n/e","n/e","n/e","n/e","n/e","0","27","62","99"
"BZN|DK2","14.09.2018 03:00 - 14.09.2018 04:00 (CET/CEST)","4","n/e","n/e","42","232","8","n/e","n/e","n/e","n/e","n/e","n/e","n/e","n/e","n/e","n/e","n/e","0","28","59","114"
"BZN|DK2","14.09.2018 04:00 - 14.09.2018 05:00 (CET/CEST)","4","n/e","n/e","42","233","8","n/e","n/e","n/e","n/e","n/e","n/e","n/e","n/e","n/e","n/e","n/e","0","28","58","118"
"BZN|DK2","14.09.2018 05:00 - 14.09.2018 06:00 (CET/CEST)","4","n/e","n/e","42","234","8","n/e","n/e","n/e","n/e","n/e","n/e","n/e","n/e","n/e","n/e","n/e","0","34","56","135"
"BZN|DK2","14.09.2018 06:00 - 14.09.2018 07:00 (CET/CEST)","4","n/e","n/e","54","243","10","n/e","n/e","n/e","n/e","n/e","n/e","n/e","n/e","n/e","n/e","n/e","0","35","66","136"
"BZN|DK2","14.09.2018 07:00 - 14.09.2018 08:00 (CET/CEST)","6","n/e","n/e","68","255","12","n/e","n/e","n/e","n/e","n/e","n/e","n/e","n/e","n/e","n/e","n/e","14","36","88","140"
"BZN|DK2","14.09.2018 08:00 - 14.09.2018 09:00 (CET/CEST)","15","n/e","n/e","77","264","13","n/e","n/e","n/e","n/e","n/e","n/e","n/e","n/e","n/e","n/e","n/e","49","37","92","130"
"BZN|DK2","14.09.2018 09:00 - 14.09.2018 10:00 (CET/CEST)","18","n/e","n/e","78","261","14","n/e","n/e","n/e","n/e","n/e","n/e","n/e","n/e","n/e","n/e","n/e","93","37","55","118"
"BZN|DK2","14.09.2018 10:00 - 14.09.2018 11:00 (CET/CEST)","17","n/e","n/e","68","194","13","n/e","n/e","n/e","n/e","n/e","n/e","n/e","n/e","n/e","n/e","n/e","143","37","71","137"
"BZN|DK2","14.09.2018 11:00 - 14.09.2018 12:00 (CET/CEST)","18","n/e","n/e","66","177","13","n/e","n/e","n/e","n/e","n/e","n/e","n/e","n/e","n/e","n/e","n/e","159","36","60","146"
"BZN|DK2","14.09.2018 12:00 - 14.09.2018 13:00 (CET/CEST)","18","n/e","n/e","61","172","12","n/e","n/e","n/e","n/e","n/e","n/e","n/e","n/e","n/e","n/e","n/e","143","36","62","158"
"BZN|DK2","14.09.2018 13:00 - 14.09.2018 14:00 (CET/CEST)","18","n/e","n/e","50","160","10","n/e","n/e","n/e","n/e","n/e","n/e","n/e","n/e","n/e","n/e","n/e","123","35","64","174"
"BZN|DK2","14.09.2018 14:00 - 14.09.2018 15:00 (CET/CEST)","17","n/e","n/e","46","157","9","n/e","n/e","n/e","n/e","n/e","n/e","n/e","n/e","n/e","n/e","n/e","119","36","129","205"
"BZN|DK2","14.09.2018 15:00 - 14.09.2018 16:00 (CET/CEST)","18","n/e","n/e","46","159","9","n/e","n/e","n/e","n/e","n/e","n/e","n/e","n/e","n/e","n/e","n/e","93","35","115","211"
"BZN|DK2","14.09.2018 16:00 - 14.09.2018 17:00 (CET/CEST)","18","n/e","n/e","46","162","9","n/e","n/e","n/e","n/e","n/e","n/e","n/e","n/e","n/e","n/e","n/e","48","35","72","205"
"BZN|DK2","14.09.2018 17:00 - 14.09.2018 18:00 (CET/CEST)","18","n/e","n/e","65","169","11","n/e","n/e","n/e","n/e","n/e","n/e","n/e","n/e","n/e","n/e","n/e","26","35","35","157"
"BZN|DK2","14.09.2018 18:00 - 14.09.2018 19:00 (CET/CEST)","18","n/e","n/e","77","181","10","n/e","n/e","n/e","n/e","n/e","n/e","n/e","n/e","n/e","n/e","n/e","11","36","23","133"
"BZN|DK2","14.09.2018 19:00 - 14.09.2018 20:00 (CET/CEST)","18","n/e","n/e","81","239","10","n/e","n/e","n/e","n/e","n/e","n/e","n/e","n/e","n/e","n/e","n/e","1","35","8","153"
"BZN|DK2","14.09.2018 20:00 - 14.09.2018 21:00 (CET/CEST)","10","n/e","n/e","67","239","9","n/e","n/e","n/e","n/e","n/e","n/e","n/e","n/e","n/e","n/e","n/e","0","35","7","160"
"BZN|DK2","14.09.2018 21:00 - 14.09.2018 22:00 (CET/CEST)","5","n/e","n/e","44","237","9","n/e","n/e","n/e","n/e","n/e","n/e","n/e","n/e","n/e","n/e","n/e","0","35","28","176"
"BZN|DK2","14.09.2018 22:00 - 14.09.2018 23:00 (CET/CEST)","4","n/e","n/e","43","237","8","n/e","n/e","n/e","n/e","n/e","n/e","n/e","n/e","n/e","n/e","n/e","0","30","14","181"
"BZN|DK2","14.09.2018 23:00 - 15.09.2018 00:00 (CET/CEST)","4","n/e","n/e","43","236","9","n/e","n/e","n/e","n/e","n/e","n/e","n/e","n/e","n/e","n/e","n/e","0","27","16","182"
"BZN|DK2","15.09.2018 00:00 - 15.09.2018 01:00 (CET/CEST)","4","n/e","n/e","43","237","8","n/e","n/e","n/e","n/e","n/e","n/e","n/e","n/e","n/e","n/e","n/e","0","27","29","176"
"BZN|DK2","15.09.2018 01:00 - 15.09.2018 02:00 (CET/CEST)","4","n/e","n/e","44","236","9","n/e","n/e","n/e","n/e","n/e","n/e","n/e","n/e","n/e","n/e","n/e","0","28","53","176"
"BZN|DK2","15.09.2018 02:00 - 15.09.2018 03:00 (CET/CEST)","4","n/e","n/e","42","235","8","n/e","n/e","n/e","n/e","n/e","n/e","n/e","n/e","n/e","n/e","n/e","0","27","101","222"
"BZN|DK2","15.09.2018 03:00 - 15.09.2018 04:00 (CET/CEST)","4","n/e","n/e","42","235","8","n/e","n/e","n/e","n/e","n/e","n/e","n/e","n/e","n/e","n/e","n/e","0","28","207","277"
"BZN|DK2","15.09.2018 04:00 - 15.09.2018 05:00 (CET/CEST)","4","n/e","n/e","42","238","8","n/e","n/e","n/e","n/e","n/e","n/e","n/e","n/e","n/e","n/e","n/e","0","28","205","278"
"BZN|DK2","15.09.2018 05:00 - 15.09.2018 06:00 (CET/CEST)","4","n/e","n/e","43","236","8","n/e","n/e","n/e","n/e","n/e","n/e","n/e","n/e","n/e","n/e","n/e","0","29","220","287"
"BZN|DK2","15.09.2018 06:00 - 15.09.2018 07:00 (CET/CEST)","4","n/e","n/e","43","236","8","n/e","n/e","n/e","n/e","n/e","n/e","n/e","n/e","n/e","n/e","n/e","0","31","228","291"
"BZN|DK2","15.09.2018 07:00 - 15.09.2018 08:00 (CET/CEST)","4","n/e","n/e","45","239","9","n/e","n/e","n/e","n/e","n/e","n/e","n/e","n/e","n/e","n/e","n/e","10","32","275","260"
"BZN|DK2","15.09.2018 08:00 - 15.09.2018 09:00 (CET/CEST)","7","n/e","n/e","53","245","10","n/e","n/e","n/e","n/e","n/e","n/e","n/e","n/e","n/e","n/e","n/e","42","32","270","243"
"BZN|DK2","15.09.2018 09:00 - 15.09.2018 10:00 (CET/CEST)","15","n/e","n/e","61","248","11","n/e","n/e","n/e","n/e","n/e","n/e","n/e","n/e","n/e","n/e","n/e","89","33","242","268"
"BZN|DK2","15.09.2018 10:00 - 15.09.2018 11:00 (CET/CEST)","17","n/e","n/e","60","247","10","n/e","n/e","n/e","n/e","n/e","n/e","n/e","n/e","n/e","n/e","n/e","101","31","218","304"
"BZN|DK2","15.09.2018 11:00 - 15.09.2018 12:00 (CET/CEST)","17","n/e","n/e","46","242","9","n/e","n/e","n/e","n/e","n/e","n/e","n/e","n/e","n/e","n/e","n/e","113","32","255","335"
"BZN|DK2","15.09.2018 12:00 - 15.09.2018 13:00 (CET/CEST)","17","n/e","n/e","44","237","9","n/e","n/e","n/e","n/e","n/e","n/e","n/e","n/e","n/e","n/e","n/e","152","33","226","334"
"BZN|DK2","15.09.2018 13:00 - 15.09.2018 14:00 (CET/CEST)","17","n/e","n/e","43","236","9","n/e","n/e","n/e","n/e","n/e","n/e","n/e","n/e","n/e","n/e","n/e","166","32","219","269"
"BZN|DK2","15.09.2018 14:00 - 15.09.2018 15:00 (CET/CEST)","17","n/e","n/e","43","237","9","n/e","n/e","n/e","n/e","n/e","n/e","n/e","n/e","n/e","n/e","n/e","164","32","183","264"
"BZN|DK2","15.09.2018 15:00 - 15.09.2018 16:00 (CET/CEST)","17","n/e","n/e","43","237","9","n/e","n/e","n/e","n/e","n/e","n/e","n/e","n/e","n/e","n/e","n/e","101","33","110","206"
"BZN|DK2","15.09.2018 16:00 - 15.09.2018 17:00 (CET/CEST)","16","n/e","n/e","43","221","9","n/e","n/e","n/e","n/e","n/e","n/e","n/e","n/e","n/e","n/e","n/e","58","32","111","212"
"BZN|DK2","15.09.2018 17:00 - 15.09.2018 18:00 (CET/CEST)","13","n/e","n/e","45","165","9","n/e","n/e","n/e","n/e","n/e","n/e","n/e","n/e","n/e","n/e","n/e","28","33","174","173"
"BZN|DK2","15.09.2018 18:00 - 15.09.2018 19:00 (CET/CEST)","6","n/e","n/e","50","162","10","n/e","n/e","n/e","n/e","n/e","n/e","n/e","n/e","n/e","n/e","n/e","10","33","166","155"
"BZN|DK2","15.09.2018 19:00 - 15.09.2018 20:00 (CET/CEST)","5","n/e","n/e","57","188","10","n/e","n/e","n/e","n/e","n/e","n/e","n/e","n/e","n/e","n/e","n/e","2","33","145","127"
"BZN|DK2","15.09.2018 20:00 - 15.09.2018 21:00 (CET/CEST)","5","n/e","n/e","94","244","10","n/e","n/e","n/e","n/e","n/e","n/e","n/e","n/e","n/e","n/e","n/e","0","33","149","114"
"BZN|DK2","15.09.2018 21:00 - 15.09.2018 22:00 (CET/CEST)","4","n/e","n/e","62","246","10","n/e","n/e","n/e","n/e","n/e","n/e","n/e","n/e","n/e","n/e","n/e","0","33","152","105"
"BZN|DK2","15.09.2018 22:00 - 15.09.2018 23:00 (CET/CEST)","4","n/e","n/e","46","243","9","n/e","n/e","n/e","n/e","n/e","n/e","n/e","n/e","n/e","n/e","n/e","0","33","153","89"
"BZN|DK2","15.09.2018 23:00 - 16.09.2018 00:00 (CET/CEST)","4","n/e","n/e","44","240","9","n/e","n/e","n/e","n/e","n/e","n/e","n/e","n/e","n/e","n/e","n/e","0","33","118","71"
"BZN|DK2","16.09.2018 00:00 - 16.09.2018 01:00 (CET/CEST)","4","n/e","n/e","43","241","8","n/e","n/e","n/e","n/e","n/e","n/e","n/e","n/e","n/e","n/e","n/e","0","30","93","60"
"BZN|DK2","16.09.2018 01:00 - 16.09.2018 02:00 (CET/CEST)","4","n/e","n/e","43","242","8","n/e","n/e","n/e","n/e","n/e","n/e","n/e","n/e","n/e","n/e","n/e","0","29","111","56"
"BZN|DK2","16.09.2018 02:00 - 16.09.2018 03:00 (CET/CEST)","4","n/e","n/e","44","241","8","n/e","n/e","n/e","n/e","n/e","n/e","n/e","n/e","n/e","n/e","n/e","0","29","95","45"
"BZN|DK2","16.09.2018 03:00 - 16.09.2018 04:00 (CET/CEST)","4","n/e","n/e","44","240","8","n/e","n/e","n/e","n/e","n/e","n/e","n/e","n/e","n/e","n/e","n/e","0","29","60","33"
"BZN|DK2","16.09.2018 04:00 - 16.09.2018 05:00 (CET/CEST)","4","n/e","n/e","44","239","8","n/e","n/e","n/e","n/e","n/e","n/e","n/e","n/e","n/e","n/e","n/e","0","29","49","25"
"BZN|DK2","16.09.2018 05:00 - 16.09.2018 06:00 (CET/CEST)","4","n/e","n/e","44","241","8","n/e","n/e","n/e","n/e","n/e","n/e","n/e","n/e","n/e","n/e","n/e","0","30","41","22"
"BZN|DK2","16.09.2018 06:00 - 16.09.2018 07:00 (CET/CEST)","4","n/e","n/e","44","239","8","n/e","n/e","n/e","n/e","n/e","n/e","n/e","n/e","n/e","n/e","n/e","0","29","27","22"
"BZN|DK2","16.09.2018 07:00 - 16.09.2018 08:00 (CET/CEST)","6","n/e","n/e","45","241","9","n/e","n/e","n/e","n/e","n/e","n/e","n/e","n/e","n/e","n/e","n/e","13","29","20","35"
"BZN|DK2","16.09.2018 08:00 - 16.09.2018 09:00 (CET/CEST)","9","n/e","n/e","45","241","9","n/e","n/e","n/e","n/e","n/e","n/e","n/e","n/e","n/e","n/e","n/e","56","29","35","54"
"BZN|DK2","16.09.2018 09:00 - 16.09.2018 10:00 (CET/CEST)","9","n/e","n/e","45","240","9","n/e","n/e","n/e","n/e","n/e","n/e","n/e","n/e","n/e","n/e","n/e","107","31","52","67"
"BZN|DK2","16.09.2018 10:00 - 16.09.2018 11:00 (CET/CEST)","9","n/e","n/e","44","239","9","n/e","n/e","n/e","n/e","n/e","n/e","n/e","n/e","n/e","n/e","n/e","137","33","60","110"
"BZN|DK2","16.09.2018 11:00 - 16.09.2018 12:00 (CET/CEST)","9","n/e","n/e","43","237","9","n/e","n/e","n/e","n/e","n/e","n/e","n/e","n/e","n/e","n/e","n/e","121","34","93","151"
"BZN|DK2","16.09.2018 12:00 - 16.09.2018 13:00 (CET/CEST)","12","n/e","n/e","43","233","9","n/e","n/e","n/e","n/e","n/e","n/e","n/e","n/e","n/e","n/e","n/e","112","33","72","163"
"BZN|DK2","16.09.2018 13:00 - 16.09.2018 14:00 (CET/CEST)","16","n/e","n/e","43","232","8","n/e","n/e","n/e","n/e","n/e","n/e","n/e","n/e","n/e","n/e","n/e","105","32","92","188"
"BZN|DK2","16.09.2018 14:00 - 16.09.2018 15:00 (CET/CEST)","17","n/e","n/e","43","236","8","n/e","n/e","n/e","n/e","n/e","n/e","n/e","n/e","n/e","n/e","n/e","125","34","93","229"
"BZN|DK2","16.09.2018 15:00 - 16.09.2018 16:00 (CET/CEST)","16","n/e","n/e","43","236","8","n/e","n/e","n/e","n/e","n/e","n/e","n/e","n/e","n/e","n/e","n/e","106","34","63","250"
"BZN|DK2","16.09.2018 16:00 - 16.09.2018 17:00 (CET/CEST)","14","n/e","n/e","43","237","9","n/e","n/e","n/e","n/e","n/e","n/e","n/e","n/e","n/e","n/e","n/e","78","33","49","280"
"BZN|DK2","16.09.2018 17:00 - 16.09.2018 18:00 (CET/CEST)","13","n/e","n/e","47","244","10","n/e","n/e","n/e","n/e","n/e","n/e","n/e","n/e","n/e","n/e","n/e","35","34","50","243"
"BZN|DK2","16.09.2018 18:00 - 16.09.2018 19:00 (CET/CEST)","13","n/e","n/e","50","248","10","n/e","n/e","n/e","n/e","n/e","n/e","n/e","n/e","n/e","n/e","n/e","11","35","72","225"
"BZN|DK2","16.09.2018 19:00 - 16.09.2018 20:00 (CET/CEST)","13","n/e","n/e","57","241","9","n/e","n/e","n/e","n/e","n/e","n/e","n/e","n/e","n/e","n/e","n/e","1","35","80","201"
"BZN|DK2","16.09.2018 20:00 - 16.09.2018 21:00 (CET/CEST)","13","n/e","n/e","86","240","10","n/e","n/e","n/e","n/e","n/e","n/e","n/e","n/e","n/e","n/e","n/e","0","35","56","209"
"BZN|DK2","16.09.2018 21:00 - 16.09.2018 22:00 (CET/CEST)","6","n/e","n/e","63","228","9","n/e","n/e","n/e","n/e","n/e","n/e","n/e","n/e","n/e","n/e","n/e","0","34","76","239"
"BZN|DK2","16.09.2018 22:00 - 16.09.2018 23:00 (CET/CEST)","4","n/e","n/e","45","239","9","n/e","n/e","n/e","n/e","n/e","n/e","n/e","n/e","n/e","n/e","n/e","0","34","138","268"
"BZN|DK2","16.09.2018 23:00 - 17.09.2018 00:00 (CET/CEST)","4","n/e","n/e","43","236","8","n/e","n/e","n/e","n/e","n/e","n/e","n/e","n/e","n/e","n/e","n/e","0","34","148","303"
"BZN|DK2","17.09.2018 00:00 - 17.09.2018 01:00 (CET/CEST)","4","n/e","n/e","42","234","8","n/e","n/e","n/e","n/e","n/e","n/e","n/e","n/e","n/e","n/e","n/e","0","31","172","318"
"BZN|DK2","17.09.2018 01:00 - 17.09.2018 02:00 (CET/CEST)","4","n/e","n/e","43","229","8","n/e","n/e","n/e","n/e","n/e","n/e","n/e","n/e","n/e","n/e","n/e","0","30","182","301"
"BZN|DK2","17.09.2018 02:00 - 17.09.2018 03:00 (CET/CEST)","4","n/e","n/e","43","240","8","n/e","n/e","n/e","n/e","n/e","n/e","n/e","n/e","n/e","n/e","n/e","0","30","186","301"
"BZN|DK2","17.09.2018 03:00 - 17.09.2018 04:00 (CET/CEST)","4","n/e","n/e","43","241","8","n/e","n/e","n/e","n/e","n/e","n/e","n/e","n/e","n/e","n/e","n/e","0","30","180","292"
"BZN|DK2","17.09.2018 04:00 - 17.09.2018 05:00 (CET/CEST)","4","n/e","n/e","43","240","8","n/e","n/e","n/e","n/e","n/e","n/e","n/e","n/e","n/e","n/e","n/e","0","30","136","222"
"BZN|DK2","17.09.2018 05:00 - 17.09.2018 06:00 (CET/CEST)","4","n/e","n/e","43","238","8","n/e","n/e","n/e","n/e","n/e","n/e","n/e","n/e","n/e","n/e","n/e","0","31","109","185"
"BZN|DK2","17.09.2018 06:00 - 17.09.2018 07:00 (CET/CEST)","5","n/e","n/e","58","243","9","n/e","n/e","n/e","n/e","n/e","n/e","n/e","n/e","n/e","n/e","n/e","0","35","108","166"
"BZN|DK2","17.09.2018 07:00 - 17.09.2018 08:00 (CET/CEST)","10","n/e","n/e","111","257","12","n/e","n/e","n/e","n/e","n/e","n/e","n/e","n/e","n/e","n/e","n/e","5","36","137","153"
"BZN|DK2","17.09.2018 08:00 - 17.09.2018 09:00 (CET/CEST)","14","n/e","n/e","125","267","13","n/e","n/e","n/e","n/e","n/e","n/e","n/e","n/e","n/e","n/e","n/e","28","36","119","136"
"BZN|DK2","17.09.2018 09:00 - 17.09.2018 10:00 (CET/CEST)","18","n/e","n/e","84","264","12","n/e","n/e","n/e","n/e","n/e","n/e","n/e","n/e","n/e","n/e","n/e","57","36","86","118"
"BZN|DK2","17.09.2018 10:00 - 17.09.2018 11:00 (CET/CEST)","17","n/e","n/e","61","259","11","n/e","n/e","n/e","n/e","n/e","n/e","n/e","n/e","n/e","n/e","n/e","81","36","62","98"
"BZN|DK2","17.09.2018 11:00 - 17.09.2018 12:00 (CET/CEST)","19","n/e","n/e","61","255","11","n/e","n/e","n/e","n/e","n/e","n/e","n/e","n/e","n/e","n/e","n/e","95","36","36","83"
"BZN|DK2","17.09.2018 12:00 - 17.09.2018 13:00 (CET/CEST)","21","n/e","n/e","63","252","10","n/e","n/e","n/e","n/e","n/e","n/e","n/e","n/e","n/e","n/e","n/e","111","35","29","85"
"BZN|DK2","17.09.2018 13:00 - 17.09.2018 14:00 (CET/CEST)","21","n/e","n/e","59","247","10","n/e","n/e","n/e","n/e","n/e","n/e","n/e","n/e","n/e","n/e","n/e","101","34","40","84"
"BZN|DK2","17.09.2018 14:00 - 17.09.2018 15:00 (CET/CEST)","20","n/e","n/e","32","246","9","n/e","n/e","n/e","n/e","n/e","n/e","n/e","n/e","n/e","n/e","n/e","87","34","42","76"
"BZN|DK2","17.09.2018 15:00 - 17.09.2018 16:00 (CET/CEST)","21","n/e","n/e","34","251","10","n/e","n/e","n/e","n/e","n/e","n/e","n/e","n/e","n/e","n/e","n/e","86","34","26","64"
"BZN|DK2","17.09.2018 16:00 - 17.09.2018 17:00 (CET/CEST)","21","n/e","n/e","28","248","9","n/e","n/e","n/e","n/e","n/e","n/e","n/e","n/e","n/e","n/e","n/e","68","35","18","63"
"BZN|DK2","17.09.2018 17:00 - 17.09.2018 18:00 (CET/CEST)","21","n/e","n/e","30","252","10","n/e","n/e","n/e","n/e","n/e","n/e","n/e","n/e","n/e","n/e","n/e","37","35","12","57"
"BZN|DK2","17.09.2018 18:00 - 17.09.2018 19:00 (CET/CEST)","15","n/e","n/e","35","261","12","n/e","n/e","n/e","n/e","n/e","n/e","n/e","n/e","n/e","n/e","n/e","18","36","2","53"
"BZN|DK2","17.09.2018 19:00 - 17.09.2018 20:00 (CET/CEST)","12","n/e","n/e","34","260","11","n/e","n/e","n/e","n/e","n/e","n/e","n/e","n/e","n/e","n/e","n/e","1","36","2","47"
"BZN|DK2","17.09.2018 20:00 - 17.09.2018 21:00 (CET/CEST)","11","n/e","n/e","30","254","10","n/e","n/e","n/e","n/e","n/e","n/e","n/e","n/e","n/e","n/e","n/e","0","35","1","45"
"BZN|DK2","17.09.2018 21:00 - 17.09.2018 22:00 (CET/CEST)","7","n/e","n/e","25","253","8","n/e","n/e","n/e","n/e","n/e","n/e","n/e","n/e","n/e","n/e","n/e","0","34","2","51"
"BZN|DK2","17.09.2018 22:00 - 17.09.2018 23:00 (CET/CEST)","7","n/e","n/e","28","192","9","n/e","n/e","n/e","n/e","n/e","n/e","n/e","n/e","n/e","n/e","n/e","0","34","2","46"
"BZN|DK2","17.09.2018 23:00 - 18.09.2018 00:00 (CET/CEST)","7","n/e","n/e","27","161","9","n/e","n/e","n/e","n/e","n/e","n/e","n/e","n/e","n/e","n/e","n/e","0","34","6","41"
"BZN|DK2","18.09.2018 00:00 - 18.09.2018 01:00 (CET/CEST)","7","n/e","n/e","25","166","8","n/e","n/e","n/e","n/e","n/e","n/e","n/e","n/e","n/e","n/e","n/e","0","28","38","47"
"BZN|DK2","18.09.2018 01:00 - 18.09.2018 02:00 (CET/CEST)","7","n/e","n/e","24","198","8","n/e","n/e","n/e","n/e","n/e","n/e","n/e","n/e","n/e","n/e","n/e","0","28","39","77"
"BZN|DK2","18.09.2018 02:00 - 18.09.2018 03:00 (CET/CEST)","6","n/e","n/e","24","197","8","n/e","n/e","n/e","n/e","n/e","n/e","n/e","n/e","n/e","n/e","n/e","0","27","38","112"
"BZN|DK2","18.09.2018 03:00 - 18.09.2018 04:00 (CET/CEST)","7","n/e","n/e","24","201","8","n/e","n/e","n/e","n/e","n/e","n/e","n/e","n/e","n/e","n/e","n/e","0","27","60","129"
"BZN|DK2","18.09.2018 04:00 - 18.09.2018 05:00 (CET/CEST)","7","n/e","n/e","25","202","8","n/e","n/e","n/e","n/e","n/e","n/e","n/e","n/e","n/e","n/e","n/e","0","28","70","143"
"BZN|DK2","18.09.2018 05:00 - 18.09.2018 06:00 (CET/CEST)","12","n/e","n/e","26","191","9","n/e","n/e","n/e","n/e","n/e","n/e","n/e","n/e","n/e","n/e","n/e","0","31","89","147"
"BZN|DK2","18.09.2018 06:00 - 18.09.2018 07:00 (CET/CEST)","15","n/e","n/e","29","237","10","n/e","n/e","n/e","n/e","n/e","n/e","n/e","n/e","n/e","n/e","n/e","0","35","68","165"
"BZN|DK2","18.09.2018 07:00 - 18.09.2018 08:00 (CET/CEST)","18","n/e","n/e","50","258","12","n/e","n/e","n/e","n/e","n/e","n/e","n/e","n/e","n/e","n/e","n/e","9","37","63","163"
"BZN|DK2","18.09.2018 08:00 - 18.09.2018 09:00 (CET/CEST)","21","n/e","n/e","54","255","11","n/e","n/e","n/e","n/e","n/e","n/e","n/e","n/e","n/e","n/e","n/e","45","35","73","145"
"BZN|DK2","18.09.2018 09:00 - 18.09.2018 10:00 (CET/CEST)","21","n/e","n/e","44","255","11","n/e","n/e","n/e","n/e","n/e","n/e","n/e","n/e","n/e","n/e","n/e","99","40","109","119"
"BZN|DK2","18.09.2018 10:00 - 18.09.2018 11:00 (CET/CEST)","21","n/e","n/e","50","250","10","n/e","n/e","n/e","n/e","n/e","n/e","n/e","n/e","n/e","n/e","n/e","154","49","80","137"
"BZN|DK2","18.09.2018 11:00 - 18.09.2018 12:00 (CET/CEST)","20","n/e","n/e","40","250","9","n/e","n/e","n/e","n/e","n/e","n/e","n/e","n/e","n/e","n/e","n/e","188","49","98","169"
"BZN|DK2","18.09.2018 12:00 - 18.09.2018 13:00 (CET/CEST)","21","n/e","n/e","34","248","9","n/e","n/e","n/e","n/e","n/e","n/e","n/e","n/e","n/e","n/e","n/e","206","46","128","221"
"BZN|DK2","18.09.2018 13:00 - 18.09.2018 14:00 (CET/CEST)","21","n/e","n/e","27","196","9","n/e","n/e","n/e","n/e","n/e","n/e","n/e","n/e","n/e","n/e","n/e","209","44","156","299"
"BZN|DK2","18.09.2018 14:00 - 18.09.2018 15:00 (CET/CEST)","18","n/e","n/e","26","153","9","n/e","n/e","n/e","n/e","n/e","n/e","n/e","n/e","n/e","n/e","n/e","200","45","195","348"
"BZN|DK2","18.09.2018 15:00 - 18.09.2018 16:00 (CET/CEST)","17","n/e","n/e","26","153","9","n/e","n/e","n/e","n/e","n/e","n/e","n/e","n/e","n/e","n/e","n/e","172","44","201","361"
"BZN|DK2","18.09.2018 16:00 - 18.09.2018 17:00 (CET/CEST)","10","n/e","n/e","26","187","9","n/e","n/e","n/e","n/e","n/e","n/e","n/e","n/e","n/e","n/e","n/e","125","45","215","353"
"BZN|DK2","18.09.2018 17:00 - 18.09.2018 18:00 (CET/CEST)","4","n/e","n/e","26","186","9","n/e","n/e","n/e","n/e","n/e","n/e","n/e","n/e","n/e","n/e","n/e","68","48","220","318"
"BZN|DK2","18.09.2018 18:00 - 18.09.2018 19:00 (CET/CEST)","4","n/e","n/e","26","188","9","n/e","n/e","n/e","n/e","n/e","n/e","n/e","n/e","n/e","n/e","n/e","19","49","256","296"
"BZN|DK2","18.09.2018 19:00 - 18.09.2018 20:00 (CET/CEST)","4","n/e","n/e","26","187","9","n/e","n/e","n/e","n/e","n/e","n/e","n/e","n/e","n/e","n/e","n/e","1","49","250","320"
"BZN|DK2","18.09.2018 20:00 - 18.09.2018 21:00 (CET/CEST)","4","n/e","n/e","26","182","9","n/e","n/e","n/e","n/e","n/e","n/e","n/e","n/e","n/e","n/e","n/e","0","48","257","325"
"BZN|DK2","18.09.2018 21:00 - 18.09.2018 22:00 (CET/CEST)","4","n/e","n/e","25","151","9","n/e","n/e","n/e","n/e","n/e","n/e","n/e","n/e","n/e","n/e","n/e","0","48","176","223"
"BZN|DK2","18.09.2018 22:00 - 18.09.2018 23:00 (CET/CEST)","4","n/e","n/e","24","146","8","n/e","n/e","n/e","n/e","n/e","n/e","n/e","n/e","n/e","n/e","n/e","0","35","79","170"
"BZN|DK2","18.09.2018 23:00 - 19.09.2018 00:00 (CET/CEST)","4","n/e","n/e","24","153","8","n/e","n/e","n/e","n/e","n/e","n/e","n/e","n/e","n/e","n/e","n/e","0","26","71","186"
"BZN|DK2","19.09.2018 00:00 - 19.09.2018 01:00 (CET/CEST)","4","n/e","n/e","24","155","8","n/e","n/e","n/e","n/e","n/e","n/e","n/e","n/e","n/e","n/e","n/e","0","25","68","171"
"BZN|DK2","19.09.2018 01:00 - 19.09.2018 02:00 (CET/CEST)","4","n/e","n/e","24","154","8","n/e","n/e","n/e","n/e","n/e","n/e","n/e","n/e","n/e","n/e","n/e","0","26","66","169"
"BZN|DK2","19.09.2018 02:00 - 19.09.2018 03:00 (CET/CEST)","4","n/e","n/e","24","154","8","n/e","n/e","n/e","n/e","n/e","n/e","n/e","n/e","n/e","n/e","n/e","0","27","100","174"
"BZN|DK2","19.09.2018 03:00 - 19.09.2018 04:00 (CET/CEST)","4","n/e","n/e","24","153","8","n/e","n/e","n/e","n/e","n/e","n/e","n/e","n/e","n/e","n/e","n/e","0","28","124","180"
"BZN|DK2","19.09.2018 04:00 - 19.09.2018 05:00 (CET/CEST)","4","n/e","n/e","24","155","8","n/e","n/e","n/e","n/e","n/e","n/e","n/e","n/e","n/e","n/e","n/e","0","27","122","167"
"BZN|DK2","19.09.2018 05:00 - 19.09.2018 06:00 (CET/CEST)","4","n/e","n/e","25","160","9","n/e","n/e","n/e","n/e","n/e","n/e","n/e","n/e","n/e","n/e","n/e","0","28","113","168"
"BZN|DK2","19.09.2018 06:00 - 19.09.2018 07:00 (CET/CEST)","4","n/e","n/e","31","200","10","n/e","n/e","n/e","n/e","n/e","n/e","n/e","n/e","n/e","n/e","n/e","0","34","92","150"
"BZN|DK2","19.09.2018 07:00 - 19.09.2018 08:00 (CET/CEST)","5","n/e","n/e","91","262","12","n/e","n/e","n/e","n/e","n/e","n/e","n/e","n/e","n/e","n/e","n/e","11","36","68","120"
"BZN|DK2","19.09.2018 08:00 - 19.09.2018 09:00 (CET/CEST)","5","n/e","n/e","118","273","15","n/e","n/e","n/e","n/e","n/e","n/e","n/e","n/e","n/e","n/e","n/e","43","36","41","94"
"BZN|DK2","19.09.2018 09:00 - 19.09.2018 10:00 (CET/CEST)","9","n/e","n/e","119","286","85","n/e","n/e","n/e","n/e","n/e","n/e","n/e","n/e","n/e","n/e","n/e","87","36","68","102"
"BZN|DK2","19.09.2018 10:00 - 19.09.2018 11:00 (CET/CEST)","8","n/e","n/e","68","251","12","n/e","n/e","n/e","n/e","n/e","n/e","n/e","n/e","n/e","n/e","n/e","130","34","95","151"
"BZN|DK2","19.09.2018 11:00 - 19.09.2018 12:00 (CET/CEST)","9","n/e","n/e","79","198","13","n/e","n/e","n/e","n/e","n/e","n/e","n/e","n/e","n/e","n/e","n/e","162","34","106","182"
"BZN|DK2","19.09.2018 12:00 - 19.09.2018 13:00 (CET/CEST)","9","n/e","n/e","64","158","22","n/e","n/e","n/e","n/e","n/e","n/e","n/e","n/e","n/e","n/e","n/e","158","38","128","204"
"BZN|DK2","19.09.2018 13:00 - 19.09.2018 14:00 (CET/CEST)","11","n/e","n/e","30","151","27","n/e","n/e","n/e","n/e","n/e","n/e","n/e","n/e","n/e","n/e","n/e","166","44","171","198"
"BZN|DK2","19.09.2018 14:00 - 19.09.2018 15:00 (CET/CEST)","16","n/e","n/e","29","152","36","n/e","n/e","n/e","n/e","n/e","n/e","n/e","n/e","n/e","n/e","n/e","171","44","156","232"
"BZN|DK2","19.09.2018 15:00 - 19.09.2018 16:00 (CET/CEST)","18","n/e","n/e","25","185","38","n/e","n/e","n/e","n/e","n/e","n/e","n/e","n/e","n/e","n/e","n/e","152","43","101","242"
"BZN|DK2","19.09.2018 16:00 - 19.09.2018 17:00 (CET/CEST)","13","n/e","n/e","25","188","15","n/e","n/e","n/e","n/e","n/e","n/e","n/e","n/e","n/e","n/e","n/e","110","44","73","278"
"BZN|DK2","19.09.2018 17:00 - 19.09.2018 18:00 (CET/CEST)","13","n/e","n/e","25","190","9","n/e","n/e","n/e","n/e","n/e","n/e","n/e","n/e","n/e","n/e","n/e","46","46","54","240"
"BZN|DK2","19.09.2018 18:00 - 19.09.2018 19:00 (CET/CEST)","12","n/e","n/e","25","190","9","n/e","n/e","n/e","n/e","n/e","n/e","n/e","n/e","n/e","n/e","n/e","11","45","54","239"
"BZN|DK2","19.09.2018 19:00 - 19.09.2018 20:00 (CET/CEST)","12","n/e","n/e","25","189","8","n/e","n/e","n/e","n/e","n/e","n/e","n/e","n/e","n/e","n/e","n/e","0","45","108","265"
"BZN|DK2","19.09.2018 20:00 - 19.09.2018 21:00 (CET/CEST)","12","n/e","n/e","25","190","8","n/e","n/e","n/e","n/e","n/e","n/e","n/e","n/e","n/e","n/e","n/e","0","45","183","238"
"BZN|DK2","19.09.2018 21:00 - 19.09.2018 22:00 (CET/CEST)","6","n/e","n/e","25","151","8","n/e","n/e","n/e","n/e","n/e","n/e","n/e","n/e","n/e","n/e","n/e","0","46","118","231"
"BZN|DK2","19.09.2018 22:00 - 19.09.2018 23:00 (CET/CEST)","4","n/e","n/e","24","150","8","n/e","n/e","n/e","n/e","n/e","n/e","n/e","n/e","n/e","n/e","n/e","0","41","60","258"
"BZN|DK2","19.09.2018 23:00 - 20.09.2018 00:00 (CET/CEST)","4","n/e","n/e","24","148","8","n/e","n/e","n/e","n/e","n/e","n/e","n/e","n/e","n/e","n/e","n/e","0","41","81","330"
"BZN|DK2","20.09.2018 00:00 - 20.09.2018 01:00 (CET/CEST)","4","n/e","n/e","24","151","8","n/e","n/e","n/e","n/e","n/e","n/e","n/e","n/e","n/e","n/e","n/e","0","40","140","391"
"BZN|DK2","20.09.2018 01:00 - 20.09.2018 02:00 (CET/CEST)","4","n/e","n/e","24","159","8","n/e","n/e","n/e","n/e","n/e","n/e","n/e","n/e","n/e","n/e","n/e","0","41","193","399"
"BZN|DK2","20.09.2018 02:00 - 20.09.2018 03:00 (CET/CEST)","4","n/e","n/e","24","155","8","n/e","n/e","n/e","n/e","n/e","n/e","n/e","n/e","n/e","n/e","n/e","0","41","256","331"
"BZN|DK2","20.09.2018 03:00 - 20.09.2018 04:00 (CET/CEST)","4","n/e","n/e","24","153","8","n/e","n/e","n/e","n/e","n/e","n/e","n/e","n/e","n/e","n/e","n/e","0","42","207","311"
"BZN|DK2","20.09.2018 04:00 - 20.09.2018 05:00 (CET/CEST)","4","n/e","n/e","24","153","8","n/e","n/e","n/e","n/e","n/e","n/e","n/e","n/e","n/e","n/e","n/e","0","41","190","278"
"BZN|DK2","20.09.2018 05:00 - 20.09.2018 06:00 (CET/CEST)","5","n/e","n/e","24","151","8","n/e","n/e","n/e","n/e","n/e","n/e","n/e","n/e","n/e","n/e","n/e","0","41","157","253"
"BZN|DK2","20.09.2018 06:00 - 20.09.2018 07:00 (CET/CEST)","10","n/e","n/e","24","155","8","n/e","n/e","n/e","n/e","n/e","n/e","n/e","n/e","n/e","n/e","n/e","0","42","156","239"
"BZN|DK2","20.09.2018 07:00 - 20.09.2018 08:00 (CET/CEST)","13","n/e","n/e","28","177","9","n/e","n/e","n/e","n/e","n/e","n/e","n/e","n/e","n/e","n/e","n/e","6","45","165","237"
"BZN|DK2","20.09.2018 08:00 - 20.09.2018 09:00 (CET/CEST)","17","n/e","n/e","26","175","9","n/e","n/e","n/e","n/e","n/e","n/e","n/e","n/e","n/e","n/e","n/e","37","45","163","232"
"BZN|DK2","20.09.2018 09:00 - 20.09.2018 10:00 (CET/CEST)","17","n/e","n/e","26","195","9","n/e","n/e","n/e","n/e","n/e","n/e","n/e","n/e","n/e","n/e","n/e","65","45","173","305"
"BZN|DK2","20.09.2018 10:00 - 20.09.2018 11:00 (CET/CEST)","17","n/e","n/e","27","199","9","n/e","n/e","n/e","n/e","n/e","n/e","n/e","n/e","n/e","n/e","n/e","76","41","167","315"
"BZN|DK2","20.09.2018 11:00 - 20.09.2018 12:00 (CET/CEST)","18","n/e","n/e","27","200","9","n/e","n/e","n/e","n/e","n/e","n/e","n/e","n/e","n/e","n/e","n/e","79","44","212","307"
"BZN|DK2","20.09.2018 12:00 - 20.09.2018 13:00 (CET/CEST)","17","n/e","n/e","28","201","9","n/e","n/e","n/e","n/e","n/e","n/e","n/e","n/e","n/e","n/e","n/e","80","45","217","232"
"BZN|DK2","20.09.2018 13:00 - 20.09.2018 14:00 (CET/CEST)","17","n/e","n/e","28","194","9","n/e","n/e","n/e","n/e","n/e","n/e","n/e","n/e","n/e","n/e","n/e","79","45","257","209"
"BZN|DK2","20.09.2018 14:00 - 20.09.2018 15:00 (CET/CEST)","17","n/e","n/e","27","185","9","n/e","n/e","n/e","n/e","n/e","n/e","n/e","n/e","n/e","n/e","n/e","75","45","305","217"
"BZN|DK2","20.09.2018 15:00 - 20.09.2018 16:00 (CET/CEST)","19","n/e","n/e","26","184","9","n/e","n/e","n/e","n/e","n/e","n/e","n/e","n/e","n/e","n/e","n/e","44","45","186","211"
"BZN|DK2","20.09.2018 16:00 - 20.09.2018 17:00 (CET/CEST)","14","n/e","n/e","28","179","9","n/e","n/e","n/e","n/e","n/e","n/e","n/e","n/e","n/e","n/e","n/e","36","45","61","173"
"BZN|DK2","20.09.2018 17:00 - 20.09.2018 18:00 (CET/CEST)","13","n/e","n/e","99","272","46","n/e","n/e","n/e","n/e","n/e","n/e","n/e","n/e","n/e","n/e","n/e","28","47","30","111"
"BZN|DK2","20.09.2018 18:00 - 20.09.2018 19:00 (CET/CEST)","13","n/e","n/e","105","284","187","n/e","n/e","n/e","n/e","n/e","n/e","n/e","n/e","n/e","n/e","n/e","6","49","56","71"
"BZN|DK2","20.09.2018 19:00 - 20.09.2018 20:00 (CET/CEST)","12","n/e","n/e","103","284","187","n/e","n/e","n/e","n/e","n/e","n/e","n/e","n/e","n/e","n/e","n/e","0","50","92","84"
"BZN|DK2","20.09.2018 20:00 - 20.09.2018 21:00 (CET/CEST)","12","n/e","n/e","88","283","34","n/e","n/e","n/e","n/e","n/e","n/e","n/e","n/e","n/e","n/e","n/e","0","50","71","97"
"BZN|DK2","20.09.2018 21:00 - 20.09.2018 22:00 (CET/CEST)","14","n/e","n/e","38","268","11","n/e","n/e","n/e","n/e","n/e","n/e","n/e","n/e","n/e","n/e","n/e","0","47","45","73"
"BZN|DK2","20.09.2018 22:00 - 20.09.2018 23:00 (CET/CEST)","7","n/e","n/e","28","183","9","n/e","n/e","n/e","n/e","n/e","n/e","n/e","n/e","n/e","n/e","n/e","0","42","54","77"
"BZN|DK2","20.09.2018 23:00 - 21.09.2018 00:00 (CET/CEST)","6","n/e","n/e","24","167","8","n/e","n/e","n/e","n/e","n/e","n/e","n/e","n/e","n/e","n/e","n/e","0","42","76","112"
"BZN|DK2","21.09.2018 00:00 - 21.09.2018 01:00 (CET/CEST)","6","n/e","n/e","24","168","8","n/e","n/e","n/e","n/e","n/e","n/e","n/e","n/e","n/e","n/e","n/e","0","42","149","190"
"BZN|DK2","21.09.2018 01:00 - 21.09.2018 02:00 (CET/CEST)","5","n/e","n/e","24","150","8","n/e","n/e","n/e","n/e","n/e","n/e","n/e","n/e","n/e","n/e","n/e","0","41","241","245"
"BZN|DK2","21.09.2018 02:00 - 21.09.2018 03:00 (CET/CEST)","6","n/e","n/e","24","154","8","n/e","n/e","n/e","n/e","n/e","n/e","n/e","n/e","n/e","n/e","n/e","0","42","237","278"
"BZN|DK2","21.09.2018 03:00 - 21.09.2018 04:00 (CET/CEST)","5","n/e","n/e","24","152","8","n/e","n/e","n/e","n/e","n/e","n/e","n/e","n/e","n/e","n/e","n/e","0","42","259","318"
"BZN|DK2","21.09.2018 04:00 - 21.09.2018 05:00 (CET/CEST)","5","n/e","n/e","24","151","8","n/e","n/e","n/e","n/e","n/e","n/e","n/e","n/e","n/e","n/e","n/e","0","42","350","335"
"BZN|DK2","21.09.2018 05:00 - 21.09.2018 06:00 (CET/CEST)","5","n/e","n/e","24","195","8","n/e","n/e","n/e","n/e","n/e","n/e","n/e","n/e","n/e","n/e","n/e","0","42","332","389"
"BZN|DK2","21.09.2018 06:00 - 21.09.2018 07:00 (CET/CEST)","5","n/e","n/e","25","212","8","n/e","n/e","n/e","n/e","n/e","n/e","n/e","n/e","n/e","n/e","n/e","0","45","350","400"
"BZN|DK2","21.09.2018 07:00 - 21.09.2018 08:00 (CET/CEST)","5","n/e","n/e","26","202","9","n/e","n/e","n/e","n/e","n/e","n/e","n/e","n/e","n/e","n/e","n/e","10","48","363","443"
"BZN|DK2","21.09.2018 08:00 - 21.09.2018 09:00 (CET/CEST)","8","n/e","n/e","26","200","9","n/e","n/e","n/e","n/e","n/e","n/e","n/e","n/e","n/e","n/e","n/e","40","49","371","441"
"BZN|DK2","21.09.2018 09:00 - 21.09.2018 10:00 (CET/CEST)","15","n/e","n/e","27","203","9","n/e","n/e","n/e","n/e","n/e","n/e","n/e","n/e","n/e","n/e","n/e","70","49","371","494"
"BZN|DK2","21.09.2018 10:00 - 21.09.2018 11:00 (CET/CEST)","17","n/e","n/e","26","225","8","n/e","n/e","n/e","n/e","n/e","n/e","n/e","n/e","n/e","n/e","n/e","114","48","371","569"
"BZN|DK2","21.09.2018 11:00 - 21.09.2018 12:00 (CET/CEST)","17","n/e","n/e","24","228","8","n/e","n/e","n/e","n/e","n/e","n/e","n/e","n/e","n/e","n/e","n/e","131","44","372","592"
"BZN|DK2","21.09.2018 12:00 - 21.09.2018 13:00 (CET/CEST)","17","n/e","n/e","24","224","8","n/e","n/e","n/e","n/e","n/e","n/e","n/e","n/e","n/e","n/e","n/e","84","40","370","604"
"BZN|DK2","21.09.2018 13:00 - 21.09.2018 14:00 (CET/CEST)","17","n/e","n/e","24","238","8","n/e","n/e","n/e","n/e","n/e","n/e","n/e","n/e","n/e","n/e","n/e","50","47","362","605"
"BZN|DK2","21.09.2018 14:00 - 21.09.2018 15:00 (CET/CEST)","17","n/e","n/e","24","215","8","n/e","n/e","n/e","n/e","n/e","n/e","n/e","n/e","n/e","n/e","n/e","26","45","368","596"
"BZN|DK2","21.09.2018 15:00 - 21.09.2018 16:00 (CET/CEST)","11","n/e","n/e","24","159","8","n/e","n/e","n/e","n/e","n/e","n/e","n/e","n/e","n/e","n/e","n/e","20","45","368","580"
"BZN|DK2","21.09.2018 16:00 - 21.09.2018 17:00 (CET/CEST)","9","n/e","n/e","24","154","8","n/e","n/e","n/e","n/e","n/e","n/e","n/e","n/e","n/e","n/e","n/e","17","46","368","570"
"BZN|DK2","21.09.2018 17:00 - 21.09.2018 18:00 (CET/CEST)","5","n/e","n/e","24","200","8","n/e","n/e","n/e","n/e","n/e","n/e","n/e","n/e","n/e","n/e","n/e","21","46","367","579"
"BZN|DK2","21.09.2018 18:00 - 21.09.2018 19:00 (CET/CEST)","4","n/e","n/e","25","247","8","n/e","n/e","n/e","n/e","n/e","n/e","n/e","n/e","n/e","n/e","n/e","16","46","368","582"
"BZN|DK2","21.09.2018 19:00 - 21.09.2018 20:00 (CET/CEST)","4","n/e","n/e","25","248","8","n/e","n/e","n/e","n/e","n/e","n/e","n/e","n/e","n/e","n/e","n/e","1","46","366","574"
"BZN|DK2","21.09.2018 20:00 - 21.09.2018 21:00 (CET/CEST)","4","n/e","n/e","25","245","8","n/e","n/e","n/e","n/e","n/e","n/e","n/e","n/e","n/e","n/e","n/e","0","46","368","590"
"BZN|DK2","21.09.2018 21:00 - 21.09.2018 22:00 (CET/CEST)","4","n/e","n/e","25","249","8","n/e","n/e","n/e","n/e","n/e","n/e","n/e","n/e","n/e","n/e","n/e","0","46","369","543"
"BZN|DK2","21.09.2018 22:00 - 21.09.2018 23:00 (CET/CEST)","4","n/e","n/e","24","235","8","n/e","n/e","n/e","n/e","n/e","n/e","n/e","n/e","n/e","n/e","n/e","0","46","369","542"
"BZN|DK2","21.09.2018 23:00 - 22.09.2018 00:00 (CET/CEST)","4","n/e","n/e","24","201","8","n/e","n/e","n/e","n/e","n/e","n/e","n/e","n/e","n/e","n/e","n/e","0","45","373","552"
"BZN|DK2","22.09.2018 00:00 - 22.09.2018 01:00 (CET/CEST)","4","n/e","n/e","24","197","8","n/e","n/e","n/e","n/e","n/e","n/e","n/e","n/e","n/e","n/e","n/e","0","30","285","533"
"BZN|DK2","22.09.2018 01:00 - 22.09.2018 02:00 (CET/CEST)","4","n/e","n/e","24","174","8","n/e","n/e","n/e","n/e","n/e","n/e","n/e","n/e","n/e","n/e","n/e","0","29","373","567"
"BZN|DK2","22.09.2018 02:00 - 22.09.2018 03:00 (CET/CEST)","4","n/e","n/e","24","196","8","n/e","n/e","n/e","n/e","n/e","n/e","n/e","n/e","n/e","n/e","n/e","0","36","373","554"
"BZN|DK2","22.09.2018 03:00 - 22.09.2018 04:00 (CET/CEST)","4","n/e","n/e","22","230","8","n/e","n/e","n/e","n/e","n/e","n/e","n/e","n/e","n/e","n/e","n/e","0","40","372","532"
"BZN|DK2","22.09.2018 04:00 - 22.09.2018 05:00 (CET/CEST)","4","n/e","n/e","24","245","8","n/e","n/e","n/e","n/e","n/e","n/e","n/e","n/e","n/e","n/e","n/e","0","39","372","500"
"BZN|DK2","22.09.2018 05:00 - 22.09.2018 06:00 (CET/CEST)","4","n/e","n/e","24","244","8","n/e","n/e","n/e","n/e","n/e","n/e","n/e","n/e","n/e","n/e","n/e","0","40","368","465"
"BZN|DK2","22.09.2018 06:00 - 22.09.2018 07:00 (CET/CEST)","4","n/e","n/e","24","243","8","n/e","n/e","n/e","n/e","n/e","n/e","n/e","n/e","n/e","n/e","n/e","0","42","358","428"
"BZN|DK2","22.09.2018 07:00 - 22.09.2018 08:00 (CET/CEST)","4","n/e","n/e","24","234","8","n/e","n/e","n/e","n/e","n/e","n/e","n/e","n/e","n/e","n/e","n/e","7","43","344","385"
"BZN|DK2","22.09.2018 08:00 - 22.09.2018 09:00 (CET/CEST)","9","n/e","n/e","24","244","8","n/e","n/e","n/e","n/e","n/e","n/e","n/e","n/e","n/e","n/e","n/e","36","43","329","421"
"BZN|DK2","22.09.2018 09:00 - 22.09.2018 10:00 (CET/CEST)","15","n/e","n/e","22","242","7","n/e","n/e","n/e","n/e","n/e","n/e","n/e","n/e","n/e","n/e","n/e","100","43","339","461"
"BZN|DK2","22.09.2018 10:00 - 22.09.2018 11:00 (CET/CEST)","16","n/e","n/e","20","239","7","n/e","n/e","n/e","n/e","n/e","n/e","n/e","n/e","n/e","n/e","n/e","139","42","367","519"
"BZN|DK2","22.09.2018 11:00 - 22.09.2018 12:00 (CET/CEST)","17","n/e","n/e","25","246","8","n/e","n/e","n/e","n/e","n/e","n/e","n/e","n/e","n/e","n/e","n/e","127","44","370","540"
"BZN|DK2","22.09.2018 12:00 - 22.09.2018 13:00 (CET/CEST)","17","n/e","n/e","24","251","8","n/e","n/e","n/e","n/e","n/e","n/e","n/e","n/e","n/e","n/e","n/e","154","47","337","550"
"BZN|DK2","22.09.2018 13:00 - 22.09.2018 14:00 (CET/CEST)","17","n/e","n/e","25","252","8","n/e","n/e","n/e","n/e","n/e","n/e","n/e","n/e","n/e","n/e","n/e","149","47","375","562"
"BZN|DK2","22.09.2018 14:00 - 22.09.2018 15:00 (CET/CEST)","17","n/e","n/e","25","251","8","n/e","n/e","n/e","n/e","n/e","n/e","n/e","n/e","n/e","n/e","n/e","157","47","374","576"
"BZN|DK2","22.09.2018 15:00 - 22.09.2018 16:00 (CET/CEST)","10","n/e","n/e","24","253","8","n/e","n/e","n/e","n/e","n/e","n/e","n/e","n/e","n/e","n/e","n/e","122","46","370","573"
"BZN|DK2","22.09.2018 16:00 - 22.09.2018 17:00 (CET/CEST)","9","n/e","n/e","24","253","8","n/e","n/e","n/e","n/e","n/e","n/e","n/e","n/e","n/e","n/e","n/e","102","40","367","540"
"BZN|DK2","22.09.2018 17:00 - 22.09.2018 18:00 (CET/CEST)","9","n/e","n/e","24","252","8","n/e","n/e","n/e","n/e","n/e","n/e","n/e","n/e","n/e","n/e","n/e","57","34","374","513"
"BZN|DK2","22.09.2018 18:00 - 22.09.2018 19:00 (CET/CEST)","9","n/e","n/e","24","250","8","n/e","n/e","n/e","n/e","n/e","n/e","n/e","n/e","n/e","n/e","n/e","13","33","359","490"
"BZN|DK2","22.09.2018 19:00 - 22.09.2018 20:00 (CET/CEST)","8","n/e","n/e","25","253","8","n/e","n/e","n/e","n/e","n/e","n/e","n/e","n/e","n/e","n/e","n/e","0","37","316","454"
"BZN|DK2","22.09.2018 20:00 - 22.09.2018 21:00 (CET/CEST)","4","n/e","n/e","25","255","8","n/e","n/e","n/e","n/e","n/e","n/e","n/e","n/e","n/e","n/e","n/e","0","44","361","441"
"BZN|DK2","22.09.2018 21:00 - 22.09.2018 22:00 (CET/CEST)","4","n/e","n/e","23","254","8","n/e","n/e","n/e","n/e","n/e","n/e","n/e","n/e","n/e","n/e","n/e","0","44","360","454"
"BZN|DK2","22.09.2018 22:00 - 22.09.2018 23:00 (CET/CEST)","4","n/e","n/e","23","251","8","n/e","n/e","n/e","n/e","n/e","n/e","n/e","n/e","n/e","n/e","n/e","0","46","361","461"
"BZN|DK2","22.09.2018 23:00 - 23.09.2018 00:00 (CET/CEST)","4","n/e","n/e","23","257","8","n/e","n/e","n/e","n/e","n/e","n/e","n/e","n/e","n/e","n/e","n/e","0","47","359","461"
"BZN|DK2","23.09.2018 00:00 - 23.09.2018 01:00 (CET/CEST)","4","n/e","n/e","23","255","8","n/e","n/e","n/e","n/e","n/e","n/e","n/e","n/e","n/e","n/e","n/e","0","49","336","438"
"BZN|DK2","23.09.2018 01:00 - 23.09.2018 02:00 (CET/CEST)","4","n/e","n/e","23","218","8","n/e","n/e","n/e","n/e","n/e","n/e","n/e","n/e","n/e","n/e","n/e","0","49","347","399"
"BZN|DK2","23.09.2018 02:00 - 23.09.2018 03:00 (CET/CEST)","4","n/e","n/e","23","221","8","n/e","n/e","n/e","n/e","n/e","n/e","n/e","n/e","n/e","n/e","n/e","0","49","340","384"
"BZN|DK2","23.09.2018 03:00 - 23.09.2018 04:00 (CET/CEST)","4","n/e","n/e","23","225","8","n/e","n/e","n/e","n/e","n/e","n/e","n/e","n/e","n/e","n/e","n/e","0","48","320","371"
"BZN|DK2","23.09.2018 04:00 - 23.09.2018 05:00 (CET/CEST)","3","n/e","n/e","23","251","8","n/e","n/e","n/e","n/e","n/e","n/e","n/e","n/e","n/e","n/e","n/e","0","49","306","319"
"BZN|DK2","23.09.2018 05:00 - 23.09.2018 06:00 (CET/CEST)","4","n/e","n/e","23","255","8","n/e","n/e","n/e","n/e","n/e","n/e","n/e","n/e","n/e","n/e","n/e","0","49","299","278"
"BZN|DK2","23.09.2018 06:00 - 23.09.2018 07:00 (CET/CEST)","4","n/e","n/e","24","256","8","n/e","n/e","n/e","n/e","n/e","n/e","n/e","n/e","n/e","n/e","n/e","0","49","301","258"
"BZN|DK2","23.09.2018 07:00 - 23.09.2018 08:00 (CET/CEST)","4","n/e","n/e","25","257","8","n/e","n/e","n/e","n/e","n/e","n/e","n/e","n/e","n/e","n/e","n/e","9","49","297","240"
"BZN|DK2","23.09.2018 08:00 - 23.09.2018 09:00 (CET/CEST)","5","n/e","n/e","26","258","9","n/e","n/e","n/e","n/e","n/e","n/e","n/e","n/e","n/e","n/e","n/e","45","49","241","209"
"BZN|DK2","23.09.2018 09:00 - 23.09.2018 10:00 (CET/CEST)","8","n/e","n/e","26","258","9","n/e","n/e","n/e","n/e","n/e","n/e","n/e","n/e","n/e","n/e","n/e","93","48","216","236"
"BZN|DK2","23.09.2018 10:00 - 23.09.2018 11:00 (CET/CEST)","9","n/e","n/e","25","256","8","n/e","n/e","n/e","n/e","n/e","n/e","n/e","n/e","n/e","n/e","n/e","115","49","130","257"
"BZN|DK2","23.09.2018 11:00 - 23.09.2018 12:00 (CET/CEST)","11","n/e","n/e","25","258","8","n/e","n/e","n/e","n/e","n/e","n/e","n/e","n/e","n/e","n/e","n/e","134","49","129","250"
"BZN|DK2","23.09.2018 12:00 - 23.09.2018 13:00 (CET/CEST)","15","n/e","n/e","25","257","8","n/e","n/e","n/e","n/e","n/e","n/e","n/e","n/e","n/e","n/e","n/e","162","49","98","231"
"BZN|DK2","23.09.2018 13:00 - 23.09.2018 14:00 (CET/CEST)","19","n/e","n/e","25","256","8","n/e","n/e","n/e","n/e","n/e","n/e","n/e","n/e","n/e","n/e","n/e","165","49","48","198"
"BZN|DK2","23.09.2018 14:00 - 23.09.2018 15:00 (CET/CEST)","19","n/e","n/e","25","257","8","n/e","n/e","n/e","n/e","n/e","n/e","n/e","n/e","n/e","n/e","n/e","116","49","51","168"
"BZN|DK2","23.09.2018 15:00 - 23.09.2018 16:00 (CET/CEST)","17","n/e","n/e","25","255","8","n/e","n/e","n/e","n/e","n/e","n/e","n/e","n/e","n/e","n/e","n/e","66","49","45","156"
"BZN|DK2","23.09.2018 16:00 - 23.09.2018 17:00 (CET/CEST)","16","n/e","n/e","24","256","8","n/e","n/e","n/e","n/e","n/e","n/e","n/e","n/e","n/e","n/e","n/e","46","49","40","146"
"BZN|DK2","23.09.2018 17:00 - 23.09.2018 18:00 (CET/CEST)","13","n/e","n/e","26","257","9","n/e","n/e","n/e","n/e","n/e","n/e","n/e","n/e","n/e","n/e","n/e","25","49","82","146"
"BZN|DK2","23.09.2018 18:00 - 23.09.2018 19:00 (CET/CEST)","12","n/e","n/e","25","253","8","n/e","n/e","n/e","n/e","n/e","n/e","n/e","n/e","n/e","n/e","n/e","8","49","100","172"
"BZN|DK2","23.09.2018 19:00 - 23.09.2018 20:00 (CET/CEST)","12","n/e","n/e","24","254","8","n/e","n/e","n/e","n/e","n/e","n/e","n/e","n/e","n/e","n/e","n/e","0","48","149","204"
"BZN|DK2","23.09.2018 20:00 - 23.09.2018 21:00 (CET/CEST)","12","n/e","n/e","26","250","8","n/e","n/e","n/e","n/e","n/e","n/e","n/e","n/e","n/e","n/e","n/e","0","49","177","281"
"BZN|DK2","23.09.2018 21:00 - 23.09.2018 22:00 (CET/CEST)","12","n/e","n/e","27","250","8","n/e","n/e","n/e","n/e","n/e","n/e","n/e","n/e","n/e","n/e","n/e","0","48","278","351"
"BZN|DK2","23.09.2018 22:00 - 23.09.2018 23:00 (CET/CEST)","6","n/e","n/e","23","253","8","n/e","n/e","n/e","n/e","n/e","n/e","n/e","n/e","n/e","n/e","n/e","0","48","321","394"
"BZN|DK2","23.09.2018 23:00 - 24.09.2018 00:00 (CET/CEST)","4","n/e","n/e","23","256","8","n/e","n/e","n/e","n/e","n/e","n/e","n/e","n/e","n/e","n/e","n/e","0","49","355","441"
"BZN|DK2","24.09.2018 00:00 - 24.09.2018 01:00 (CET/CEST)","4","n/e","n/e","24","256","8","n/e","n/e","n/e","n/e","n/e","n/e","n/e","n/e","n/e","n/e","n/e","0","49","272","435"
"BZN|DK2","24.09.2018 01:00 - 24.09.2018 02:00 (CET/CEST)","4","n/e","n/e","25","255","8","n/e","n/e","n/e","n/e","n/e","n/e","n/e","n/e","n/e","n/e","n/e","0","49","366","431"
"BZN|DK2","24.09.2018 02:00 - 24.09.2018 03:00 (CET/CEST)","4","n/e","n/e","40","255","8","n/e","n/e","n/e","n/e","n/e","n/e","n/e","n/e","n/e","n/e","n/e","0","49","369","455"
"BZN|DK2","24.09.2018 03:00 - 24.09.2018 04:00 (CET/CEST)","4","n/e","n/e","42","254","8","n/e","n/e","n/e","n/e","n/e","n/e","n/e","n/e","n/e","n/e","n/e","0","49","369","463"
"BZN|DK2","24.09.2018 04:00 - 24.09.2018 05:00 (CET/CEST)","4","n/e","n/e","42","251","8","n/e","n/e","n/e","n/e","n/e","n/e","n/e","n/e","n/e","n/e","n/e","0","49","362","450"
"BZN|DK2","24.09.2018 05:00 - 24.09.2018 06:00 (CET/CEST)","4","n/e","n/e","42","254","8","n/e","n/e","n/e","n/e","n/e","n/e","n/e","n/e","n/e","n/e","n/e","0","48","360","473"
"BZN|DK2","24.09.2018 06:00 - 24.09.2018 07:00 (CET/CEST)","5","n/e","n/e","43","254","8","n/e","n/e","n/e","n/e","n/e","n/e","n/e","n/e","n/e","n/e","n/e","0","49","366","486"
"BZN|DK2","24.09.2018 07:00 - 24.09.2018 08:00 (CET/CEST)","11","n/e","n/e","46","257","8","n/e","n/e","n/e","n/e","n/e","n/e","n/e","n/e","n/e","n/e","n/e","4","49","365","471"
"BZN|DK2","24.09.2018 08:00 - 24.09.2018 09:00 (CET/CEST)","15","n/e","n/e","44","259","8","n/e","n/e","n/e","n/e","n/e","n/e","n/e","n/e","n/e","n/e","n/e","25","50","371","467"
"BZN|DK2","24.09.2018 09:00 - 24.09.2018 10:00 (CET/CEST)","16","n/e","n/e","44","260","9","n/e","n/e","n/e","n/e","n/e","n/e","n/e","n/e","n/e","n/e","n/e","61","50","370","482"
"BZN|DK2","24.09.2018 10:00 - 24.09.2018 11:00 (CET/CEST)","16","n/e","n/e","44","258","13","n/e","n/e","n/e","n/e","n/e","n/e","n/e","n/e","n/e","n/e","n/e","98","50","359","492"
"BZN|DK2","24.09.2018 11:00 - 24.09.2018 12:00 (CET/CEST)","17","n/e","n/e","44","259","17","n/e","n/e","n/e","n/e","n/e","n/e","n/e","n/e","n/e","n/e","n/e","115","50","363","482"
"BZN|DK2","24.09.2018 12:00 - 24.09.2018 13:00 (CET/CEST)","17","n/e","n/e","43","258","17","n/e","n/e","n/e","n/e","n/e","n/e","n/e","n/e","n/e","n/e","n/e","145","50","356","463"
"BZN|DK2","24.09.2018 13:00 - 24.09.2018 14:00 (CET/CEST)","47","n/e","n/e","43","256","8","n/e","n/e","n/e","n/e","n/e","n/e","n/e","n/e","n/e","n/e","n/e","168","49","340","441"
"BZN|DK2","24.09.2018 14:00 - 24.09.2018 15:00 (CET/CEST)","71","n/e","n/e","43","248","8","n/e","n/e","n/e","n/e","n/e","n/e","n/e","n/e","n/e","n/e","n/e","143","49","276","457"
"BZN|DK2","24.09.2018 15:00 - 24.09.2018 16:00 (CET/CEST)","72","n/e","n/e","42","246","8","n/e","n/e","n/e","n/e","n/e","n/e","n/e","n/e","n/e","n/e","n/e","120","49","133","523"
"BZN|DK2","24.09.2018 16:00 - 24.09.2018 17:00 (CET/CEST)","67","n/e","n/e","43","249","8","n/e","n/e","n/e","n/e","n/e","n/e","n/e","n/e","n/e","n/e","n/e","96","47","330","522"
"BZN|DK2","24.09.2018 17:00 - 24.09.2018 18:00 (CET/CEST)","51","n/e","n/e","43","258","8","n/e","n/e","n/e","n/e","n/e","n/e","n/e","n/e","n/e","n/e","n/e","50","42","316","508"
"BZN|DK2","24.09.2018 18:00 - 24.09.2018 19:00 (CET/CEST)","41","n/e","n/e","43","258","8","n/e","n/e","n/e","n/e","n/e","n/e","n/e","n/e","n/e","n/e","n/e","9","44","342","465"
"BZN|DK2","24.09.2018 19:00 - 24.09.2018 20:00 (CET/CEST)","77","n/e","n/e","44","258","9","n/e","n/e","n/e","n/e","n/e","n/e","n/e","n/e","n/e","n/e","n/e","0","44","348","426"
"BZN|DK2","24.09.2018 20:00 - 24.09.2018 21:00 (CET/CEST)","72","n/e","n/e","43","257","8","n/e","n/e","n/e","n/e","n/e","n/e","n/e","n/e","n/e","n/e","n/e","0","45","338","423"
"BZN|DK2","24.09.2018 21:00 - 24.09.2018 22:00 (CET/CEST)","89","n/e","n/e","44","258","8","n/e","n/e","n/e","n/e","n/e","n/e","n/e","n/e","n/e","n/e","n/e","0","47","349","385"
"BZN|DK2","24.09.2018 22:00 - 24.09.2018 23:00 (CET/CEST)","88","n/e","n/e","44","258","8","n/e","n/e","n/e","n/e","n/e","n/e","n/e","n/e","n/e","n/e","n/e","0","48","310","329"
"BZN|DK2","24.09.2018 23:00 - 25.09.2018 00:00 (CET/CEST)","89","n/e","n/e","44","254","8","n/e","n/e","n/e","n/e","n/e","n/e","n/e","n/e","n/e","n/e","n/e","0","48","242","332"
"BZN|DK2","25.09.2018 00:00 - 25.09.2018 01:00 (CET/CEST)","83","n/e","n/e","44","258","8","n/e","n/e","n/e","n/e","n/e","n/e","n/e","n/e","n/e","n/e","n/e","0","47","346","310"
"BZN|DK2","25.09.2018 01:00 - 25.09.2018 02:00 (CET/CEST)","86","n/e","n/e","44","258","8","n/e","n/e","n/e","n/e","n/e","n/e","n/e","n/e","n/e","n/e","n/e","0","48","314","286"
"BZN|DK2","25.09.2018 02:00 - 25.09.2018 03:00 (CET/CEST)","82","n/e","n/e","44","257","8","n/e","n/e","n/e","n/e","n/e","n/e","n/e","n/e","n/e","n/e","n/e","0","48","274","264"
"BZN|DK2","25.09.2018 03:00 - 25.09.2018 04:00 (CET/CEST)","82","n/e","n/e","44","260","8","n/e","n/e","n/e","n/e","n/e","n/e","n/e","n/e","n/e","n/e","n/e","0","49","251","260"
"BZN|DK2","25.09.2018 04:00 - 25.09.2018 05:00 (CET/CEST)","78","n/e","n/e","44","259","8","n/e","n/e","n/e","n/e","n/e","n/e","n/e","n/e","n/e","n/e","n/e","0","49","241","247"
"BZN|DK2","25.09.2018 05:00 - 25.09.2018 06:00 (CET/CEST)","84","n/e","n/e","45","258","8","n/e","n/e","n/e","n/e","n/e","n/e","n/e","n/e","n/e","n/e","n/e","0","49","240","233"
"BZN|DK2","25.09.2018 06:00 - 25.09.2018 07:00 (CET/CEST)","86","n/e","n/e","48","263","9","n/e","n/e","n/e","n/e","n/e","n/e","n/e","n/e","n/e","n/e","n/e","0","50","231","218"
"BZN|DK2","25.09.2018 07:00 - 25.09.2018 08:00 (CET/CEST)","86","n/e","n/e","67","279","12","n/e","n/e","n/e","n/e","n/e","n/e","n/e","n/e","n/e","n/e","n/e","7","51","202","189"
"BZN|DK2","25.09.2018 08:00 - 25.09.2018 09:00 (CET/CEST)","83","n/e","n/e","79","282","13","n/e","n/e","n/e","n/e","n/e","n/e","n/e","n/e","n/e","n/e","n/e","49","46","132","136"
"BZN|DK2","25.09.2018 09:00 - 25.09.2018 10:00 (CET/CEST)","125","n/e","n/e","80","287","13","n/e","n/e","n/e","n/e","n/e","n/e","n/e","n/e","n/e","n/e","n/e","105","42","93","125"
"BZN|DK2","25.09.2018 10:00 - 25.09.2018 11:00 (CET/CEST)","184","n/e","n/e","70","286","13","n/e","n/e","n/e","n/e","n/e","n/e","n/e","n/e","n/e","n/e","n/e","153","43","79","136"
"BZN|DK2","25.09.2018 11:00 - 25.09.2018 12:00 (CET/CEST)","188","n/e","n/e","66","271","12","n/e","n/e","n/e","n/e","n/e","n/e","n/e","n/e","n/e","n/e","n/e","187","45","118","160"
"BZN|DK2","25.09.2018 12:00 - 25.09.2018 13:00 (CET/CEST)","223","n/e","n/e","61","220","11","n/e","n/e","n/e","n/e","n/e","n/e","n/e","n/e","n/e","n/e","n/e","211","47","113","126"
"BZN|DK2","25.09.2018 13:00 - 25.09.2018 14:00 (CET/CEST)","243","n/e","n/e","45","191","10","n/e","n/e","n/e","n/e","n/e","n/e","n/e","n/e","n/e","n/e","n/e","214","48","56","86"
"BZN|DK2","25.09.2018 14:00 - 25.09.2018 15:00 (CET/CEST)","49","n/e","n/e","30","216","10","n/e","n/e","n/e","n/e","n/e","n/e","n/e","n/e","n/e","n/e","n/e","192","46","70","113"
"BZN|DK2","25.09.2018 15:00 - 25.09.2018 16:00 (CET/CEST)","16","n/e","n/e","29","262","10","n/e","n/e","n/e","n/e","n/e","n/e","n/e","n/e","n/e","n/e","n/e","160","48","85","131"
"BZN|DK2","25.09.2018 16:00 - 25.09.2018 17:00 (CET/CEST)","19","n/e","n/e","30","263","10","n/e","n/e","n/e","n/e","n/e","n/e","n/e","n/e","n/e","n/e","n/e","114","47","67","122"
"BZN|DK2","25.09.2018 17:00 - 25.09.2018 18:00 (CET/CEST)","21","n/e","n/e","32","267","11","n/e","n/e","n/e","n/e","n/e","n/e","n/e","n/e","n/e","n/e","n/e","49","47","59","120"
"BZN|DK2","25.09.2018 18:00 - 25.09.2018 19:00 (CET/CEST)","35","n/e","n/e","32","268","11","n/e","n/e","n/e","n/e","n/e","n/e","n/e","n/e","n/e","n/e","n/e","8","48","93","162"
"BZN|DK2","25.09.2018 19:00 - 25.09.2018 20:00 (CET/CEST)","191","n/e","n/e","31","265","10","n/e","n/e","n/e","n/e","n/e","n/e","n/e","n/e","n/e","n/e","n/e","0","48","159","193"
"BZN|DK2","25.09.2018 20:00 - 25.09.2018 21:00 (CET/CEST)","255","n/e","n/e","29","263","10","n/e","n/e","n/e","n/e","n/e","n/e","n/e","n/e","n/e","n/e","n/e","0","48","155","220"
"BZN|DK2","25.09.2018 21:00 - 25.09.2018 22:00 (CET/CEST)","256","n/e","n/e","27","258","9","n/e","n/e","n/e","n/e","n/e","n/e","n/e","n/e","n/e","n/e","n/e","0","48","161","214"
"BZN|DK2","25.09.2018 22:00 - 25.09.2018 23:00 (CET/CEST)","257","n/e","n/e","26","257","9","n/e","n/e","n/e","n/e","n/e","n/e","n/e","n/e","n/e","n/e","n/e","0","47","138","246"
"BZN|DK2","25.09.2018 23:00 - 26.09.2018 00:00 (CET/CEST)","241","n/e","n/e","25","252","9","n/e","n/e","n/e","n/e","n/e","n/e","n/e","n/e","n/e","n/e","n/e","0","47","195","301"
"BZN|DK2","26.09.2018 00:00 - 26.09.2018 01:00 (CET/CEST)","217","n/e","n/e","25","244","8","n/e","n/e","n/e","n/e","n/e","n/e","n/e","n/e","n/e","n/e","n/e","0","47","243","372"
"BZN|DK2","26.09.2018 01:00 - 26.09.2018 02:00 (CET/CEST)","202","n/e","n/e","25","194","8","n/e","n/e","n/e","n/e","n/e","n/e","n/e","n/e","n/e","n/e","n/e","0","49","304","429"
"BZN|DK2","26.09.2018 02:00 - 26.09.2018 03:00 (CET/CEST)","205","n/e","n/e","25","171","8","n/e","n/e","n/e","n/e","n/e","n/e","n/e","n/e","n/e","n/e","n/e","0","48","354","472"
"BZN|DK2","26.09.2018 03:00 - 26.09.2018 04:00 (CET/CEST)","200","n/e","n/e","25","175","8","n/e","n/e","n/e","n/e","n/e","n/e","n/e","n/e","n/e","n/e","n/e","0","48","364","512"
"BZN|DK2","26.09.2018 04:00 - 26.09.2018 05:00 (CET/CEST)","203","n/e","n/e","25","153","8","n/e","n/e","n/e","n/e","n/e","n/e","n/e","n/e","n/e","n/e","n/e","0","48","368","561"
"BZN|DK2","26.09.2018 05:00 - 26.09.2018 06:00 (CET/CEST)","203","n/e","n/e","25","153","9","n/e","n/e","n/e","n/e","n/e","n/e","n/e","n/e","n/e","n/e","n/e","0","48","367","584"
"BZN|DK2","26.09.2018 06:00 - 26.09.2018 07:00 (CET/CEST)","205","n/e","n/e","25","152","9","n/e","n/e","n/e","n/e","n/e","n/e","n/e","n/e","n/e","n/e","n/e","0","47","368","609"
"BZN|DK2","26.09.2018 07:00 - 26.09.2018 08:00 (CET/CEST)","211","n/e","n/e","26","156","9","n/e","n/e","n/e","n/e","n/e","n/e","n/e","n/e","n/e","n/e","n/e","1","48","375","628"
"BZN|DK2","26.09.2018 08:00 - 26.09.2018 09:00 (CET/CEST)","207","n/e","n/e","27","156","9","n/e","n/e","n/e","n/e","n/e","n/e","n/e","n/e","n/e","n/e","n/e","9","48","374","640"
"BZN|DK2","26.09.2018 09:00 - 26.09.2018 10:00 (CET/CEST)","126","n/e","n/e","26","166","9","n/e","n/e","n/e","n/e","n/e","n/e","n/e","n/e","n/e","n/e","n/e","25","47","373","649"
"BZN|DK2","26.09.2018 10:00 - 26.09.2018 11:00 (CET/CEST)","109","n/e","n/e","26","187","9","n/e","n/e","n/e","n/e","n/e","n/e","n/e","n/e","n/e","n/e","n/e","30","48","375","649"
"BZN|DK2","26.09.2018 11:00 - 26.09.2018 12:00 (CET/CEST)","107","n/e","n/e","26","188","9","n/e","n/e","n/e","n/e","n/e","n/e","n/e","n/e","n/e","n/e","n/e","43","47","375","645"
"BZN|DK2","26.09.2018 12:00 - 26.09.2018 13:00 (CET/CEST)","98","n/e","n/e","25","183","9","n/e","n/e","n/e","n/e","n/e","n/e","n/e","n/e","n/e","n/e","n/e","52","47","376","644"
"BZN|DK2","26.09.2018 13:00 - 26.09.2018 14:00 (CET/CEST)","98","n/e","n/e","25","156","8","n/e","n/e","n/e","n/e","n/e","n/e","n/e","n/e","n/e","n/e","n/e","40","47","375","645"
"BZN|DK2","26.09.2018 14:00 - 26.09.2018 15:00 (CET/CEST)","97","n/e","n/e","25","153","8","n/e","n/e","n/e","n/e","n/e","n/e","n/e","n/e","n/e","n/e","n/e","27","45","374","636"
"BZN|DK2","26.09.2018 15:00 - 26.09.2018 16:00 (CET/CEST)","98","n/e","n/e","25","153","8","n/e","n/e","n/e","n/e","n/e","n/e","n/e","n/e","n/e","n/e","n/e","20","45","369","628"
"BZN|DK2","26.09.2018 16:00 - 26.09.2018 17:00 (CET/CEST)","95","n/e","n/e","26","154","9","n/e","n/e","n/e","n/e","n/e","n/e","n/e","n/e","n/e","n/e","n/e","11","44","371","620"
"BZN|DK2","26.09.2018 17:00 - 26.09.2018 18:00 (CET/CEST)","92","n/e","n/e","26","153","9","n/e","n/e","n/e","n/e","n/e","n/e","n/e","n/e","n/e","n/e","n/e","5","41","372","593"
"BZN|DK2","26.09.2018 18:00 - 26.09.2018 19:00 (CET/CEST)","91","n/e","n/e","26","153","9","n/e","n/e","n/e","n/e","n/e","n/e","n/e","n/e","n/e","n/e","n/e","1","45","375","571"
"BZN|DK2","26.09.2018 19:00 - 26.09.2018 20:00 (CET/CEST)","93","n/e","n/e","25","153","9","n/e","n/e","n/e","n/e","n/e","n/e","n/e","n/e","n/e","n/e","n/e","0","45","375","551"
"BZN|DK2","26.09.2018 20:00 - 26.09.2018 21:00 (CET/CEST)","96","n/e","n/e","24","152","8","n/e","n/e","n/e","n/e","n/e","n/e","n/e","n/e","n/e","n/e","n/e","0","46","375","509"
"BZN|DK2","26.09.2018 21:00 - 26.09.2018 22:00 (CET/CEST)","91","n/e","n/e","25","153","8","n/e","n/e","n/e","n/e","n/e","n/e","n/e","n/e","n/e","n/e","n/e","0","47","373","468"
"BZN|DK2","26.09.2018 22:00 - 26.09.2018 23:00 (CET/CEST)","92","n/e","n/e","25","152","8","n/e","n/e","n/e","n/e","n/e","n/e","n/e","n/e","n/e","n/e","n/e","0","48","371","450"
"BZN|DK2","26.09.2018 23:00 - 27.09.2018 00:00 (CET/CEST)","94","n/e","n/e","24","153","8","n/e","n/e","n/e","n/e","n/e","n/e","n/e","n/e","n/e","n/e","n/e","0","48","371","437"
"BZN|DK2","27.09.2018 00:00 - 27.09.2018 01:00 (CET/CEST)","88","n/e","n/e","24","161","8","n/e","n/e","n/e","n/e","n/e","n/e","n/e","n/e","n/e","n/e","n/e","0","47","289","394"
"BZN|DK2","27.09.2018 01:00 - 27.09.2018 02:00 (CET/CEST)","87","n/e","n/e","24","163","8","n/e","n/e","n/e","n/e","n/e","n/e","n/e","n/e","n/e","n/e","n/e","0","48","284","370"
"BZN|DK2","27.09.2018 02:00 - 27.09.2018 03:00 (CET/CEST)","88","n/e","n/e","24","177","8","n/e","n/e","n/e","n/e","n/e","n/e","n/e","n/e","n/e","n/e","n/e","0","48","249","346"
"BZN|DK2","27.09.2018 03:00 - 27.09.2018 04:00 (CET/CEST)","90","n/e","n/e","24","178","8","n/e","n/e","n/e","n/e","n/e","n/e","n/e","n/e","n/e","n/e","n/e","0","47","329","329"
"BZN|DK2","27.09.2018 04:00 - 27.09.2018 05:00 (CET/CEST)","88","n/e","n/e","24","170","8","n/e","n/e","n/e","n/e","n/e","n/e","n/e","n/e","n/e","n/e","n/e","0","48","295","325"
"BZN|DK2","27.09.2018 05:00 - 27.09.2018 06:00 (CET/CEST)","86","n/e","n/e","24","170","8","n/e","n/e","n/e","n/e","n/e","n/e","n/e","n/e","n/e","n/e","n/e","0","47","293","302"
"BZN|DK2","27.09.2018 06:00 - 27.09.2018 07:00 (CET/CEST)","85","n/e","n/e","24","172","8","n/e","n/e","n/e","n/e","n/e","n/e","n/e","n/e","n/e","n/e","n/e","0","48","248","266"
"BZN|DK2","27.09.2018 07:00 - 27.09.2018 08:00 (CET/CEST)","90","n/e","n/e","26","170","9","n/e","n/e","n/e","n/e","n/e","n/e","n/e","n/e","n/e","n/e","n/e","5","48","268","287"
"BZN|DK2","27.09.2018 08:00 - 27.09.2018 09:00 (CET/CEST)","93","n/e","n/e","27","153","9","n/e","n/e","n/e","n/e","n/e","n/e","n/e","n/e","n/e","n/e","n/e","24","48","281","339"
"BZN|DK2","27.09.2018 09:00 - 27.09.2018 10:00 (CET/CEST)","96","n/e","n/e","30","172","15","n/e","n/e","n/e","n/e","n/e","n/e","n/e","n/e","n/e","n/e","n/e","45","46","237","376"
"BZN|DK2","27.09.2018 10:00 - 27.09.2018 11:00 (CET/CEST)","96","n/e","n/e","26","177","19","n/e","n/e","n/e","n/e","n/e","n/e","n/e","n/e","n/e","n/e","n/e","74","47","154","398"
"BZN|DK2","27.09.2018 11:00 - 27.09.2018 12:00 (CET/CEST)","98","n/e","n/e","25","179","18","n/e","n/e","n/e","n/e","n/e","n/e","n/e","n/e","n/e","n/e","n/e","104","46","192","404"
"BZN|DK2","27.09.2018 12:00 - 27.09.2018 13:00 (CET/CEST)","88","n/e","n/e","24","171","18","n/e","n/e","n/e","n/e","n/e","n/e","n/e","n/e","n/e","n/e","n/e","111","47","299","477"
"BZN|DK2","27.09.2018 13:00 - 27.09.2018 14:00 (CET/CEST)","87","n/e","n/e","28","176","17","n/e","n/e","n/e","n/e","n/e","n/e","n/e","n/e","n/e","n/e","n/e","92","46","296","522"
"BZN|DK2","27.09.2018 14:00 - 27.09.2018 15:00 (CET/CEST)","96","n/e","n/e","29","174","10","n/e","n/e","n/e","n/e","n/e","n/e","n/e","n/e","n/e","n/e","n/e","70","45","265","542"
"BZN|DK2","27.09.2018 15:00 - 27.09.2018 16:00 (CET/CEST)","91","n/e","n/e","23","184","8","n/e","n/e","n/e","n/e","n/e","n/e","n/e","n/e","n/e","n/e","n/e","48","47","324","561"
"BZN|DK2","27.09.2018 16:00 - 27.09.2018 17:00 (CET/CEST)","101","n/e","n/e","24","177","8","n/e","n/e","n/e","n/e","n/e","n/e","n/e","n/e","n/e","n/e","n/e","37","46","342","549"
"BZN|DK2","27.09.2018 17:00 - 27.09.2018 18:00 (CET/CEST)","97","n/e","n/e","24","180","8","n/e","n/e","n/e","n/e","n/e","n/e","n/e","n/e","n/e","n/e","n/e","20","47","344","526"
"BZN|DK2","27.09.2018 18:00 - 27.09.2018 19:00 (CET/CEST)","93","n/e","n/e","24","179","8","n/e","n/e","n/e","n/e","n/e","n/e","n/e","n/e","n/e","n/e","n/e","3","48","334","527"
"BZN|DK2","27.09.2018 19:00 - 27.09.2018 20:00 (CET/CEST)","89","n/e","n/e","25","183","8","n/e","n/e","n/e","n/e","n/e","n/e","n/e","n/e","n/e","n/e","n/e","0","47","339","536"
"BZN|DK2","27.09.2018 20:00 - 27.09.2018 21:00 (CET/CEST)","82","n/e","n/e","25","178","8","n/e","n/e","n/e","n/e","n/e","n/e","n/e","n/e","n/e","n/e","n/e","0","47","360","523"
"BZN|DK2","27.09.2018 21:00 - 27.09.2018 22:00 (CET/CEST)","79","n/e","n/e","25","181","8","n/e","n/e","n/e","n/e","n/e","n/e","n/e","n/e","n/e","n/e","n/e","0","47","360","525"
"BZN|DK2","27.09.2018 22:00 - 27.09.2018 23:00 (CET/CEST)","71","n/e","n/e","23","174","8","n/e","n/e","n/e","n/e","n/e","n/e","n/e","n/e","n/e","n/e","n/e","0","47","351","536"
"BZN|DK2","27.09.2018 23:00 - 28.09.2018 00:00 (CET/CEST)","72","n/e","n/e","23","169","8","n/e","n/e","n/e","n/e","n/e","n/e","n/e","n/e","n/e","n/e","n/e","0","47","355","499"
"BZN|DK2","28.09.2018 00:00 - 28.09.2018 01:00 (CET/CEST)","70","n/e","n/e","23","189","8","n/e","n/e","n/e","n/e","n/e","n/e","n/e","n/e","n/e","n/e","n/e","0","48","331","477"
"BZN|DK2","28.09.2018 01:00 - 28.09.2018 02:00 (CET/CEST)","71","n/e","n/e","23","205","8","n/e","n/e","n/e","n/e","n/e","n/e","n/e","n/e","n/e","n/e","n/e","0","47","339","473"
"BZN|DK2","28.09.2018 02:00 - 28.09.2018 03:00 (CET/CEST)","70","n/e","n/e","23","210","8","n/e","n/e","n/e","n/e","n/e","n/e","n/e","n/e","n/e","n/e","n/e","0","47","328","492"
"BZN|DK2","28.09.2018 03:00 - 28.09.2018 04:00 (CET/CEST)","70","n/e","n/e","23","209","8","n/e","n/e","n/e","n/e","n/e","n/e","n/e","n/e","n/e","n/e","n/e","0","47","320","484"
"BZN|DK2","28.09.2018 04:00 - 28.09.2018 05:00 (CET/CEST)","70","n/e","n/e","23","209","8","n/e","n/e","n/e","n/e","n/e","n/e","n/e","n/e","n/e","n/e","n/e","0","46","299","469"
"BZN|DK2","28.09.2018 05:00 - 28.09.2018 06:00 (CET/CEST)","75","n/e","n/e","24","211","8","n/e","n/e","n/e","n/e","n/e","n/e","n/e","n/e","n/e","n/e","n/e","0","47","298","478"
"BZN|DK2","28.09.2018 06:00 - 28.09.2018 07:00 (CET/CEST)","73","n/e","n/e","26","227","9","n/e","n/e","n/e","n/e","n/e","n/e","n/e","n/e","n/e","n/e","n/e","0","47","293","476"
"BZN|DK2","28.09.2018 07:00 - 28.09.2018 08:00 (CET/CEST)","78","n/e","n/e","28","254","9","n/e","n/e","n/e","n/e","n/e","n/e","n/e","n/e","n/e","n/e","n/e","4","47","294","461"
"BZN|DK2","28.09.2018 08:00 - 28.09.2018 09:00 (CET/CEST)","156","n/e","n/e","31","257","16","n/e","n/e","n/e","n/e","n/e","n/e","n/e","n/e","n/e","n/e","n/e","29","48","303","437"
"BZN|DK2","28.09.2018 09:00 - 28.09.2018 10:00 (CET/CEST)","177","n/e","n/e","30","199","20","n/e","n/e","n/e","n/e","n/e","n/e","n/e","n/e","n/e","n/e","n/e","84","48","326","455"
"BZN|DK2","28.09.2018 10:00 - 28.09.2018 11:00 (CET/CEST)","184","n/e","n/e","29","172","20","n/e","n/e","n/e","n/e","n/e","n/e","n/e","n/e","n/e","n/e","n/e","123","48","313","483"
"BZN|DK2","28.09.2018 11:00 - 28.09.2018 12:00 (CET/CEST)","161","n/e","n/e","27","161","16","n/e","n/e","n/e","n/e","n/e","n/e","n/e","n/e","n/e","n/e","n/e","168","48","287","446"
"BZN|DK2","28.09.2018 12:00 - 28.09.2018 13:00 (CET/CEST)","194","n/e","n/e","38","47","9","n/e","n/e","n/e","n/e","n/e","n/e","n/e","n/e","n/e","n/e","n/e","175","48","246","422"
"BZN|DK2","28.09.2018 13:00 - 28.09.2018 14:00 (CET/CEST)","218","n/e","n/e","63","47","9","n/e","n/e","n/e","n/e","n/e","n/e","n/e","n/e","n/e","n/e","n/e","177","47","228","403"
"BZN|DK2","28.09.2018 14:00 - 28.09.2018 15:00 (CET/CEST)","218","n/e","n/e","70","46","8","n/e","n/e","n/e","n/e","n/e","n/e","n/e","n/e","n/e","n/e","n/e","158","47","221","401"
"BZN|DK2","28.09.2018 15:00 - 28.09.2018 16:00 (CET/CEST)","217","n/e","n/e","70","46","8","n/e","n/e","n/e","n/e","n/e","n/e","n/e","n/e","n/e","n/e","n/e","141","47","216","406"
"BZN|DK2","28.09.2018 16:00 - 28.09.2018 17:00 (CET/CEST)","214","n/e","n/e","70","46","8","n/e","n/e","n/e","n/e","n/e","n/e","n/e","n/e","n/e","n/e","n/e","103","48","180","403"
"BZN|DK2","28.09.2018 17:00 - 28.09.2018 18:00 (CET/CEST)","191","n/e","n/e","71","104","9","n/e","n/e","n/e","n/e","n/e","n/e","n/e","n/e","n/e","n/e","n/e","49","47","201","375"
"BZN|DK2","28.09.2018 18:00 - 28.09.2018 19:00 (CET/CEST)","187","n/e","n/e","73","182","9","n/e","n/e","n/e","n/e","n/e","n/e","n/e","n/e","n/e","n/e","n/e","9","47","249","312"
"BZN|DK2","28.09.2018 19:00 - 28.09.2018 20:00 (CET/CEST)","216","n/e","n/e","74","187","10","n/e","n/e","n/e","n/e","n/e","n/e","n/e","n/e","n/e","n/e","n/e","0","47","279","302"
"BZN|DK2","28.09.2018 20:00 - 28.09.2018 21:00 (CET/CEST)","216","n/e","n/e","75","180","10","n/e","n/e","n/e","n/e","n/e","n/e","n/e","n/e","n/e","n/e","n/e","0","47","219","292"
"BZN|DK2","28.09.2018 21:00 - 28.09.2018 22:00 (CET/CEST)","216","n/e","n/e","45","187","10","n/e","n/e","n/e","n/e","n/e","n/e","n/e","n/e","n/e","n/e","n/e","0","47","224","287"
"BZN|DK2","28.09.2018 22:00 - 28.09.2018 23:00 (CET/CEST)","209","n/e","n/e","27","187","9","n/e","n/e","n/e","n/e","n/e","n/e","n/e","n/e","n/e","n/e","n/e","0","47","256","266"
"BZN|DK2","28.09.2018 23:00 - 29.09.2018 00:00 (CET/CEST)","208","n/e","n/e","27","189","9","n/e","n/e","n/e","n/e","n/e","n/e","n/e","n/e","n/e","n/e","n/e","0","47","280","240"
"BZN|DK2","29.09.2018 00:00 - 29.09.2018 01:00 (CET/CEST)","208","n/e","n/e","26","181","9","n/e","n/e","n/e","n/e","n/e","n/e","n/e","n/e","n/e","n/e","n/e","0","47","245","194"
"BZN|DK2","29.09.2018 01:00 - 29.09.2018 02:00 (CET/CEST)","205","n/e","n/e","26","169","9","n/e","n/e","n/e","n/e","n/e","n/e","n/e","n/e","n/e","n/e","n/e","0","47","192","171"
"BZN|DK2","29.09.2018 02:00 - 29.09.2018 03:00 (CET/CEST)","203","n/e","n/e","26","164","9","n/e","n/e","n/e","n/e","n/e","n/e","n/e","n/e","n/e","n/e","n/e","0","47","138","134"
"BZN|DK2","29.09.2018 03:00 - 29.09.2018 04:00 (CET/CEST)","203","n/e","n/e","26","164","9","n/e","n/e","n/e","n/e","n/e","n/e","n/e","n/e","n/e","n/e","n/e","0","47","113","106"
"BZN|DK2","29.09.2018 04:00 - 29.09.2018 05:00 (CET/CEST)","197","n/e","n/e","26","167","9","n/e","n/e","n/e","n/e","n/e","n/e","n/e","n/e","n/e","n/e","n/e","0","48","79","94"
"BZN|DK2","29.09.2018 05:00 - 29.09.2018 06:00 (CET/CEST)","198","n/e","n/e","26","180","9","n/e","n/e","n/e","n/e","n/e","n/e","n/e","n/e","n/e","n/e","n/e","0","47","57","69"
"BZN|DK2","29.09.2018 06:00 - 29.09.2018 07:00 (CET/CEST)","9","n/e","n/e","29","232","10","n/e","n/e","n/e","n/e","n/e","n/e","n/e","n/e","n/e","n/e","n/e","0","48","47","74"
"BZN|DK2","29.09.2018 07:00 - 29.09.2018 08:00 (CET/CEST)","14","n/e","n/e","30","257","10","n/e","n/e","n/e","n/e","n/e","n/e","n/e","n/e","n/e","n/e","n/e","5","47","53","80"
"BZN|DK2","29.09.2018 08:00 - 29.09.2018 09:00 (CET/CEST)","17","n/e","n/e","30","261","10","n/e","n/e","n/e","n/e","n/e","n/e","n/e","n/e","n/e","n/e","n/e","34","48","46","70"
"BZN|DK2","29.09.2018 09:00 - 29.09.2018 10:00 (CET/CEST)","17","n/e","n/e","30","263","10","n/e","n/e","n/e","n/e","n/e","n/e","n/e","n/e","n/e","n/e","n/e","64","48","45","69"
"BZN|DK2","29.09.2018 10:00 - 29.09.2018 11:00 (CET/CEST)","107","n/e","n/e","30","262","10","n/e","n/e","n/e","n/e","n/e","n/e","n/e","n/e","n/e","n/e","n/e","75","48","62","83"
"BZN|DK2","29.09.2018 11:00 - 29.09.2018 12:00 (CET/CEST)","115","n/e","n/e","29","262","10","n/e","n/e","n/e","n/e","n/e","n/e","n/e","n/e","n/e","n/e","n/e","112","48","73","140"
"BZN|DK2","29.09.2018 12:00 - 29.09.2018 13:00 (CET/CEST)","39","n/e","n/e","25","257","9","n/e","n/e","n/e","n/e","n/e","n/e","n/e","n/e","n/e","n/e","n/e","110","48","74","200"
"BZN|DK2","29.09.2018 13:00 - 29.09.2018 14:00 (CET/CEST)","68","n/e","n/e","23","253","8","n/e","n/e","n/e","n/e","n/e","n/e","n/e","n/e","n/e","n/e","n/e","92","48","70","253"
"BZN|DK2","29.09.2018 14:00 - 29.09.2018 15:00 (CET/CEST)","99","n/e","n/e","22","251","8","n/e","n/e","n/e","n/e","n/e","n/e","n/e","n/e","n/e","n/e","n/e","111","47","61","284"
"BZN|DK2","29.09.2018 15:00 - 29.09.2018 16:00 (CET/CEST)","93","n/e","n/e","22","247","8","n/e","n/e","n/e","n/e","n/e","n/e","n/e","n/e","n/e","n/e","n/e","88","46","82","312"
"BZN|DK2","29.09.2018 16:00 - 29.09.2018 17:00 (CET/CEST)","99","n/e","n/e","24","234","10","n/e","n/e","n/e","n/e","n/e","n/e","n/e","n/e","n/e","n/e","n/e","51","48","124","302"
"BZN|DK2","29.09.2018 17:00 - 29.09.2018 18:00 (CET/CEST)","105","n/e","n/e","24","154","15","n/e","n/e","n/e","n/e","n/e","n/e","n/e","n/e","n/e","n/e","n/e","21","48","160","301"
"BZN|DK2","29.09.2018 18:00 - 29.09.2018 19:00 (CET/CEST)","105","n/e","n/e","19","144","16","n/e","n/e","n/e","n/e","n/e","n/e","n/e","n/e","n/e","n/e","n/e","4","48","281","292"
"BZN|DK2","29.09.2018 19:00 - 29.09.2018 20:00 (CET/CEST)","106","n/e","n/e","25","153","19","n/e","n/e","n/e","n/e","n/e","n/e","n/e","n/e","n/e","n/e","n/e","0","48","251","310"
"BZN|DK2","29.09.2018 20:00 - 29.09.2018 21:00 (CET/CEST)","98","n/e","n/e","25","167","18","n/e","n/e","n/e","n/e","n/e","n/e","n/e","n/e","n/e","n/e","n/e","0","48","228","353"
"BZN|DK2","29.09.2018 21:00 - 29.09.2018 22:00 (CET/CEST)","92","n/e","n/e","26","212","10","n/e","n/e","n/e","n/e","n/e","n/e","n/e","n/e","n/e","n/e","n/e","0","48","263","376"
"BZN|DK2","29.09.2018 22:00 - 29.09.2018 23:00 (CET/CEST)","92","n/e","n/e","24","216","8","n/e","n/e","n/e","n/e","n/e","n/e","n/e","n/e","n/e","n/e","n/e","0","48","283","394"
"BZN|DK2","29.09.2018 23:00 - 30.09.2018 00:00 (CET/CEST)","92","n/e","n/e","24","213","8","n/e","n/e","n/e","n/e","n/e","n/e","n/e","n/e","n/e","n/e","n/e","0","48","345","385"
"BZN|DK2","30.09.2018 00:00 - 30.09.2018 01:00 (CET/CEST)","91","n/e","n/e","23","216","8","n/e","n/e","n/e","n/e","n/e","n/e","n/e","n/e","n/e","n/e","n/e","0","48","308","414"
"BZN|DK2","30.09.2018 01:00 - 30.09.2018 02:00 (CET/CEST)","93","n/e","n/e","23","187","8","n/e","n/e","n/e","n/e","n/e","n/e","n/e","n/e","n/e","n/e","n/e","0","47","298","423"
"BZN|DK2","30.09.2018 02:00 - 30.09.2018 03:00 (CET/CEST)","93","n/e","n/e","23","180","8","n/e","n/e","n/e","n/e","n/e","n/e","n/e","n/e","n/e","n/e","n/e","0","48","316","427"
"BZN|DK2","30.09.2018 03:00 - 30.09.2018 04:00 (CET/CEST)","91","n/e","n/e","23","181","8","n/e","n/e","n/e","n/e","n/e","n/e","n/e","n/e","n/e","n/e","n/e","0","47","313","414"
"BZN|DK2","30.09.2018 04:00 - 30.09.2018 05:00 (CET/CEST)","92","n/e","n/e","23","182","8","n/e","n/e","n/e","n/e","n/e","n/e","n/e","n/e","n/e","n/e","n/e","0","47","282","403"
"BZN|DK2","30.09.2018 05:00 - 30.09.2018 06:00 (CET/CEST)","91","n/e","n/e","23","184","8","n/e","n/e","n/e","n/e","n/e","n/e","n/e","n/e","n/e","n/e","n/e","0","46","270","390"
"BZN|DK2","30.09.2018 06:00 - 30.09.2018 07:00 (CET/CEST)","90","n/e","n/e","23","178","8","n/e","n/e","n/e","n/e","n/e","n/e","n/e","n/e","n/e","n/e","n/e","0","46","276","366"
"BZN|DK2","30.09.2018 07:00 - 30.09.2018 08:00 (CET/CEST)","93","n/e","n/e","25","174","8","n/e","n/e","n/e","n/e","n/e","n/e","n/e","n/e","n/e","n/e","n/e","1","46","282","340"
"BZN|DK2","30.09.2018 08:00 - 30.09.2018 09:00 (CET/CEST)","101","n/e","n/e","25","171","9","n/e","n/e","n/e","n/e","n/e","n/e","n/e","n/e","n/e","n/e","n/e","15","47","249","352"
"BZN|DK2","30.09.2018 09:00 - 30.09.2018 10:00 (CET/CEST)","104","n/e","n/e","26","162","9","n/e","n/e","n/e","n/e","n/e","n/e","n/e","n/e","n/e","n/e","n/e","37","46","205","357"
"BZN|DK2","30.09.2018 10:00 - 30.09.2018 11:00 (CET/CEST)","104","n/e","n/e","25","161","8","n/e","n/e","n/e","n/e","n/e","n/e","n/e","n/e","n/e","n/e","n/e","87","45","181","357"
"BZN|DK2","30.09.2018 11:00 - 30.09.2018 12:00 (CET/CEST)","103","n/e","n/e","24","152","8","n/e","n/e","n/e","n/e","n/e","n/e","n/e","n/e","n/e","n/e","n/e","127","45","163","378"
"BZN|DK2","30.09.2018 12:00 - 30.09.2018 13:00 (CET/CEST)","105","n/e","n/e","23","148","8","n/e","n/e","n/e","n/e","n/e","n/e","n/e","n/e","n/e","n/e","n/e","110","46","198","348"
"BZN|DK2","30.09.2018 13:00 - 30.09.2018 14:00 (CET/CEST)","104","n/e","n/e","23","149","8","n/e","n/e","n/e","n/e","n/e","n/e","n/e","n/e","n/e","n/e","n/e","100","46","199","328"
"BZN|DK2","30.09.2018 14:00 - 30.09.2018 15:00 (CET/CEST)","112","n/e","n/e","24","152","8","n/e","n/e","n/e","n/e","n/e","n/e","n/e","n/e","n/e","n/e","n/e","82","46","187","269"
"BZN|DK2","30.09.2018 15:00 - 30.09.2018 16:00 (CET/CEST)","108","n/e","n/e","24","171","9","n/e","n/e","n/e","n/e","n/e","n/e","n/e","n/e","n/e","n/e","n/e","75","46","199","204"
"BZN|DK2","30.09.2018 16:00 - 30.09.2018 17:00 (CET/CEST)","103","n/e","n/e","27","168","17","n/e","n/e","n/e","n/e","n/e","n/e","n/e","n/e","n/e","n/e","n/e","50","47","175","155"
"BZN|DK2","30.09.2018 17:00 - 30.09.2018 18:00 (CET/CEST)","178","n/e","n/e","31","167","20","n/e","n/e","n/e","n/e","n/e","n/e","n/e","n/e","n/e","n/e","n/e","24","47","108","124"
"BZN|DK2","30.09.2018 18:00 - 30.09.2018 19:00 (CET/CEST)","244","n/e","n/e","71","245","21","n/e","n/e","n/e","n/e","n/e","n/e","n/e","n/e","n/e","n/e","n/e","4","49","92","114"
"BZN|DK2","30.09.2018 19:00 - 30.09.2018 20:00 (CET/CEST)","239","n/e","n/e","83","270","21","n/e","n/e","n/e","n/e","n/e","n/e","n/e","n/e","n/e","n/e","n/e","0","48","92","102"
"BZN|DK2","30.09.2018 20:00 - 30.09.2018 21:00 (CET/CEST)","209","n/e","n/e","60","265","20","n/e","n/e","n/e","n/e","n/e","n/e","n/e","n/e","n/e","n/e","n/e","0","49","102","98"
"BZN|DK2","30.09.2018 21:00 - 30.09.2018 22:00 (CET/CEST)","20","n/e","n/e","33","222","20","n/e","n/e","n/e","n/e","n/e","n/e","n/e","n/e","n/e","n/e","n/e","0","48","79","91"
"BZN|DK2","30.09.2018 22:00 - 30.09.2018 23:00 (CET/CEST)","13","n/e","n/e","31","252","14","n/e","n/e","n/e","n/e","n/e","n/e","n/e","n/e","n/e","n/e","n/e","0","48","61","65"
"BZN|DK2","30.09.2018 23:00 - 01.10.2018 00:00 (CET/CEST)","62","n/e","n/e","27","244","9","n/e","n/e","n/e","n/e","n/e","n/e","n/e","n/e","n/e","n/e","n/e","0","48","38","50"
"BZN|DK2","01.10.2018 00:00 - 01.10.2018 01:00 (CET/CEST)","93","n/e","n/e","25","239","8","n/e","n/e","n/e","n/e","n/e","n/e","n/e","n/e","n/e","n/e","n/e","0","47","47","42"
"BZN|DK2","01.10.2018 01:00 - 01.10.2018 02:00 (CET/CEST)","87","n/e","n/e","25","187","9","n/e","n/e","n/e","n/e","n/e","n/e","n/e","n/e","n/e","n/e","n/e","0","46","33","36"
"BZN|DK2","01.10.2018 02:00 - 01.10.2018 03:00 (CET/CEST)","91","n/e","n/e","26","163","9","n/e","n/e","n/e","n/e","n/e","n/e","n/e","n/e","n/e","n/e","n/e","0","48","20","34"
"BZN|DK2","01.10.2018 03:00 - 01.10.2018 04:00 (CET/CEST)","89","n/e","n/e","26","161","9","n/e","n/e","n/e","n/e","n/e","n/e","n/e","n/e","n/e","n/e","n/e","0","47","13","40"
"BZN|DK2","01.10.2018 04:00 - 01.10.2018 05:00 (CET/CEST)","89","n/e","n/e","26","165","9","n/e","n/e","n/e","n/e","n/e","n/e","n/e","n/e","n/e","n/e","n/e","0","48","18","38"
"BZN|DK2","01.10.2018 05:00 - 01.10.2018 06:00 (CET/CEST)","92","n/e","n/e","26","208","9","n/e","n/e","n/e","n/e","n/e","n/e","n/e","n/e","n/e","n/e","n/e","0","48","25","24"
"BZN|DK2","01.10.2018 06:00 - 01.10.2018 07:00 (CET/CEST)","99","n/e","n/e","33","261","11","n/e","n/e","n/e","n/e","n/e","n/e","n/e","n/e","n/e","n/e","n/e","0","49","6","35"
"BZN|DK2","01.10.2018 07:00 - 01.10.2018 08:00 (CET/CEST)","105","n/e","n/e","55","271","13","n/e","n/e","n/e","n/e","n/e","n/e","n/e","n/e","n/e","n/e","n/e","3","50","9","36"
"BZN|DK2","01.10.2018 08:00 - 01.10.2018 09:00 (CET/CEST)","109","n/e","n/e","59","270","13","n/e","n/e","n/e","n/e","n/e","n/e","n/e","n/e","n/e","n/e","n/e","24","49","8","48"
"BZN|DK2","01.10.2018 09:00 - 01.10.2018 10:00 (CET/CEST)","111","n/e","n/e","58","240","12","n/e","n/e","n/e","n/e","n/e","n/e","n/e","n/e","n/e","n/e","n/e","76","49","16","51"
"BZN|DK2","01.10.2018 10:00 - 01.10.2018 11:00 (CET/CEST)","108","n/e","n/e","55","207","11","n/e","n/e","n/e","n/e","n/e","n/e","n/e","n/e","n/e","n/e","n/e","135","49","7","80"
"BZN|DK2","01.10.2018 11:00 - 01.10.2018 12:00 (CET/CEST)","110","n/e","n/e","45","206","11","n/e","n/e","n/e","n/e","n/e","n/e","n/e","n/e","n/e","n/e","n/e","135","48","41","132"
"BZN|DK2","01.10.2018 12:00 - 01.10.2018 13:00 (CET/CEST)","109","n/e","n/e","42","173","10","n/e","n/e","n/e","n/e","n/e","n/e","n/e","n/e","n/e","n/e","n/e","121","48","102","171"
"BZN|DK2","01.10.2018 13:00 - 01.10.2018 14:00 (CET/CEST)","109","n/e","n/e","36","175","10","n/e","n/e","n/e","n/e","n/e","n/e","n/e","n/e","n/e","n/e","n/e","129","48","152","166"
"BZN|DK2","01.10.2018 14:00 - 01.10.2018 15:00 (CET/CEST)","110","n/e","n/e","29","172","9","n/e","n/e","n/e","n/e","n/e","n/e","n/e","n/e","n/e","n/e","n/e","140","46","120","177"
"BZN|DK2","01.10.2018 15:00 - 01.10.2018 16:00 (CET/CEST)","115","n/e","n/e","29","169","9","n/e","n/e","n/e","n/e","n/e","n/e","n/e","n/e","n/e","n/e","n/e","118","46","124","224"
"BZN|DK2","01.10.2018 16:00 - 01.10.2018 17:00 (CET/CEST)","152","n/e","n/e","30","165","9","n/e","n/e","n/e","n/e","n/e","n/e","n/e","n/e","n/e","n/e","n/e","81","46","210","256"
"BZN|DK2","01.10.2018 17:00 - 01.10.2018 18:00 (CET/CEST)","202","n/e","n/e","31","173","9","n/e","n/e","n/e","n/e","n/e","n/e","n/e","n/e","n/e","n/e","n/e","34","46","267","228"
"BZN|DK2","01.10.2018 18:00 - 01.10.2018 19:00 (CET/CEST)","246","n/e","n/e","32","171","10","n/e","n/e","n/e","n/e","n/e","n/e","n/e","n/e","n/e","n/e","n/e","7","46","276","207"
"BZN|DK2","01.10.2018 19:00 - 01.10.2018 20:00 (CET/CEST)","247","n/e","n/e","42","178","12","n/e","n/e","n/e","n/e","n/e","n/e","n/e","n/e","n/e","n/e","n/e","0","48","330","223"
"BZN|DK2","01.10.2018 20:00 - 01.10.2018 21:00 (CET/CEST)","250","n/e","n/e","43","172","11","n/e","n/e","n/e","n/e","n/e","n/e","n/e","n/e","n/e","n/e","n/e","0","47","313","235"
"BZN|DK2","01.10.2018 21:00 - 01.10.2018 22:00 (CET/CEST)","226","n/e","n/e","32","159","9","n/e","n/e","n/e","n/e","n/e","n/e","n/e","n/e","n/e","n/e","n/e","0","47","306","246"
"BZN|DK2","01.10.2018 22:00 - 01.10.2018 23:00 (CET/CEST)","217","n/e","n/e","26","156","9","n/e","n/e","n/e","n/e","n/e","n/e","n/e","n/e","n/e","n/e","n/e","0","47","330","261"
"BZN|DK2","01.10.2018 23:00 - 02.10.2018 00:00 (CET/CEST)","215","n/e","n/e","25","155","8","n/e","n/e","n/e","n/e","n/e","n/e","n/e","n/e","n/e","n/e","n/e","0","47","329","253"
"BZN|DK2","02.10.2018 00:00 - 02.10.2018 01:00 (CET/CEST)","168","n/e","n/e","25","151","8","n/e","n/e","n/e","n/e","n/e","n/e","n/e","n/e","n/e","n/e","n/e","0","47","339","258"
"BZN|DK2","02.10.2018 01:00 - 02.10.2018 02:00 (CET/CEST)","15","n/e","n/e","24","214","8","n/e","n/e","n/e","n/e","n/e","n/e","n/e","n/e","n/e","n/e","n/e","0","46","308","276"
"BZN|DK2","02.10.2018 02:00 - 02.10.2018 03:00 (CET/CEST)","107","n/e","n/e","24","241","8","n/e","n/e","n/e","n/e","n/e","n/e","n/e","n/e","n/e","n/e","n/e","0","46","306","284"
"BZN|DK2","02.10.2018 03:00 - 02.10.2018 04:00 (CET/CEST)","96","n/e","n/e","24","242","8","n/e","n/e","n/e","n/e","n/e","n/e","n/e","n/e","n/e","n/e","n/e","0","46","245","223"
"BZN|DK2","02.10.2018 04:00 - 02.10.2018 05:00 (CET/CEST)","94","n/e","n/e","24","239","8","n/e","n/e","n/e","n/e","n/e","n/e","n/e","n/e","n/e","n/e","n/e","0","46","238","196"
"BZN|DK2","02.10.2018 05:00 - 02.10.2018 06:00 (CET/CEST)","99","n/e","n/e","25","241","8","n/e","n/e","n/e","n/e","n/e","n/e","n/e","n/e","n/e","n/e","n/e","0","46","233","174"
"BZN|DK2","02.10.2018 06:00 - 02.10.2018 07:00 (CET/CEST)","100","n/e","n/e","27","243","9","n/e","n/e","n/e","n/e","n/e","n/e","n/e","n/e","n/e","n/e","n/e","0","46","259","226"
"BZN|DK2","02.10.2018 07:00 - 02.10.2018 08:00 (CET/CEST)","97","n/e","n/e","38","248","10","n/e","n/e","n/e","n/e","n/e","n/e","n/e","n/e","n/e","n/e","n/e","1","47","332","278"
"BZN|DK2","02.10.2018 08:00 - 02.10.2018 09:00 (CET/CEST)","94","n/e","n/e","40","245","11","n/e","n/e","n/e","n/e","n/e","n/e","n/e","n/e","n/e","n/e","n/e","6","45","353","298"
"BZN|DK2","02.10.2018 09:00 - 02.10.2018 10:00 (CET/CEST)","97","n/e","n/e","33","244","17","n/e","n/e","n/e","n/e","n/e","n/e","n/e","n/e","n/e","n/e","n/e","23","43","363","376"
"BZN|DK2","02.10.2018 10:00 - 02.10.2018 11:00 (CET/CEST)","93","n/e","n/e","39","244","19","n/e","n/e","n/e","n/e","n/e","n/e","n/e","n/e","n/e","n/e","n/e","39","41","371","456"
"BZN|DK2","02.10.2018 11:00 - 02.10.2018 12:00 (CET/CEST)","96","n/e","n/e","38","247","19","n/e","n/e","n/e","n/e","n/e","n/e","n/e","n/e","n/e","n/e","n/e","39","43","373","551"
"BZN|DK2","02.10.2018 12:00 - 02.10.2018 13:00 (CET/CEST)","97","n/e","n/e","29","239","19","n/e","n/e","n/e","n/e","n/e","n/e","n/e","n/e","n/e","n/e","n/e","34","46","357","613"
"BZN|DK2","02.10.2018 13:00 - 02.10.2018 14:00 (CET/CEST)","100","n/e","n/e","24","239","18","n/e","n/e","n/e","n/e","n/e","n/e","n/e","n/e","n/e","n/e","n/e","24","46","317","641"
"BZN|DK2","02.10.2018 14:00 - 02.10.2018 15:00 (CET/CEST)","140","n/e","n/e","24","239","18","n/e","n/e","n/e","n/e","n/e","n/e","n/e","n/e","n/e","n/e","n/e","26","45","317","627"
"BZN|DK2","02.10.2018 15:00 - 02.10.2018 16:00 (CET/CEST)","169","n/e","n/e","24","239","19","n/e","n/e","n/e","n/e","n/e","n/e","n/e","n/e","n/e","n/e","n/e","69","46","326","597"
"BZN|DK2","02.10.2018 16:00 - 02.10.2018 17:00 (CET/CEST)","210","n/e","n/e","24","236","20","n/e","n/e","n/e","n/e","n/e","n/e","n/e","n/e","n/e","n/e","n/e","62","46","363","577"
"BZN|DK2","02.10.2018 17:00 - 02.10.2018 18:00 (CET/CEST)","173","n/e","n/e","26","244","21","n/e","n/e","n/e","n/e","n/e","n/e","n/e","n/e","n/e","n/e","n/e","25","46","370","586"
"BZN|DK2","02.10.2018 18:00 - 02.10.2018 19:00 (CET/CEST)","21","n/e","n/e","26","243","21","n/e","n/e","n/e","n/e","n/e","n/e","n/e","n/e","n/e","n/e","n/e","3","46","371","592"
"BZN|DK2","02.10.2018 19:00 - 02.10.2018 20:00 (CET/CEST)","24","n/e","n/e","26","238","19","n/e","n/e","n/e","n/e","n/e","n/e","n/e","n/e","n/e","n/e","n/e","0","46","371","626"
"BZN|DK2","02.10.2018 20:00 - 02.10.2018 21:00 (CET/CEST)","132","n/e","n/e","26","236","10","n/e","n/e","n/e","n/e","n/e","n/e","n/e","n/e","n/e","n/e","n/e","0","46","371","653"
"BZN|DK2","02.10.2018 21:00 - 02.10.2018 22:00 (CET/CEST)","189","n/e","n/e","25","186","8","n/e","n/e","n/e","n/e","n/e","n/e","n/e","n/e","n/e","n/e","n/e","0","44","365","669"
"BZN|DK2","02.10.2018 22:00 - 02.10.2018 23:00 (CET/CEST)","228","n/e","n/e","25","149","8","n/e","n/e","n/e","n/e","n/e","n/e","n/e","n/e","n/e","n/e","n/e","0","45","329","667"
"BZN|DK2","02.10.2018 23:00 - 03.10.2018 00:00 (CET/CEST)","229","n/e","n/e","24","144","8","n/e","n/e","n/e","n/e","n/e","n/e","n/e","n/e","n/e","n/e","n/e","0","45","364","651"
"BZN|DK2","03.10.2018 00:00 - 03.10.2018 01:00 (CET/CEST)","226","n/e","n/e","25","144","8","n/e","n/e","n/e","n/e","n/e","n/e","n/e","n/e","n/e","n/e","n/e","0","45","367","637"
"BZN|DK2","03.10.2018 01:00 - 03.10.2018 02:00 (CET/CEST)","225","n/e","n/e","25","145","8","n/e","n/e","n/e","n/e","n/e","n/e","n/e","n/e","n/e","n/e","n/e","0","45","369","622"
"BZN|DK2","03.10.2018 02:00 - 03.10.2018 03:00 (CET/CEST)","222","n/e","n/e","25","145","8","n/e","n/e","n/e","n/e","n/e","n/e","n/e","n/e","n/e","n/e","n/e","0","46","369","615"
"BZN|DK2","03.10.2018 03:00 - 03.10.2018 04:00 (CET/CEST)","209","n/e","n/e","25","144","8","n/e","n/e","n/e","n/e","n/e","n/e","n/e","n/e","n/e","n/e","n/e","0","43","369","598"
"BZN|DK2","03.10.2018 04:00 - 03.10.2018 05:00 (CET/CEST)","196","n/e","n/e","24","144","8","n/e","n/e","n/e","n/e","n/e","n/e","n/e","n/e","n/e","n/e","n/e","0","44","369","572"
"BZN|DK2","03.10.2018 05:00 - 03.10.2018 06:00 (CET/CEST)","204","n/e","n/e","24","144","8","n/e","n/e","n/e","n/e","n/e","n/e","n/e","n/e","n/e","n/e","n/e","0","44","366","546"
"BZN|DK2","03.10.2018 06:00 - 03.10.2018 07:00 (CET/CEST)","230","n/e","n/e","25","217","9","n/e","n/e","n/e","n/e","n/e","n/e","n/e","n/e","n/e","n/e","n/e","0","43","365","550"
"BZN|DK2","03.10.2018 07:00 - 03.10.2018 08:00 (CET/CEST)","214","n/e","n/e","26","243","9","n/e","n/e","n/e","n/e","n/e","n/e","n/e","n/e","n/e","n/e","n/e","3","42","370","527"
"BZN|DK2","03.10.2018 08:00 - 03.10.2018 09:00 (CET/CEST)","174","n/e","n/e","26","240","9","n/e","n/e","n/e","n/e","n/e","n/e","n/e","n/e","n/e","n/e","n/e","32","43","367","497"
"BZN|DK2","03.10.2018 09:00 - 03.10.2018 10:00 (CET/CEST)","221","n/e","n/e","24","238","8","n/e","n/e","n/e","n/e","n/e","n/e","n/e","n/e","n/e","n/e","n/e","75","45","365","498"
"BZN|DK2","03.10.2018 10:00 - 03.10.2018 11:00 (CET/CEST)","283","n/e","n/e","24","236","8","n/e","n/e","n/e","n/e","n/e","n/e","n/e","n/e","n/e","n/e","n/e","112","47","368","527"
"BZN|DK2","03.10.2018 11:00 - 03.10.2018 12:00 (CET/CEST)","313","n/e","n/e","24","237","8","n/e","n/e","n/e","n/e","n/e","n/e","n/e","n/e","n/e","n/e","n/e","148","48","366","542"
"BZN|DK2","03.10.2018 12:00 - 03.10.2018 13:00 (CET/CEST)","316","n/e","n/e","24","238","8","n/e","n/e","n/e","n/e","n/e","n/e","n/e","n/e","n/e","n/e","n/e","176","48","345","510"
"BZN|DK2","03.10.2018 13:00 - 03.10.2018 14:00 (CET/CEST)","331","n/e","n/e","25","238","8","n/e","n/e","n/e","n/e","n/e","n/e","n/e","n/e","n/e","n/e","n/e","190","48","331","496"
"BZN|DK2","03.10.2018 14:00 - 03.10.2018 15:00 (CET/CEST)","353","n/e","n/e","24","232","8","n/e","n/e","n/e","n/e","n/e","n/e","n/e","n/e","n/e","n/e","n/e","171","46","322","468"
"BZN|DK2","03.10.2018 15:00 - 03.10.2018 16:00 (CET/CEST)","322","n/e","n/e","24","181","8","n/e","n/e","n/e","n/e","n/e","n/e","n/e","n/e","n/e","n/e","n/e","117","42","362","483"
"BZN|DK2","03.10.2018 16:00 - 03.10.2018 17:00 (CET/CEST)","258","n/e","n/e","24","152","8","n/e","n/e","n/e","n/e","n/e","n/e","n/e","n/e","n/e","n/e","n/e","68","38","359","495"
"BZN|DK2","03.10.2018 17:00 - 03.10.2018 18:00 (CET/CEST)","280","n/e","n/e","26","162","9","n/e","n/e","n/e","n/e","n/e","n/e","n/e","n/e","n/e","n/e","n/e","34","40","363","457"
"BZN|DK2","03.10.2018 18:00 - 03.10.2018 19:00 (CET/CEST)","280","n/e","n/e","26","160","9","n/e","n/e","n/e","n/e","n/e","n/e","n/e","n/e","n/e","n/e","n/e","3","50","356","391"
"BZN|DK2","03.10.2018 19:00 - 03.10.2018 20:00 (CET/CEST)","293","n/e","n/e","67","185","24","n/e","n/e","n/e","n/e","n/e","n/e","n/e","n/e","n/e","n/e","n/e","0","64","354","375"
"BZN|DK2","03.10.2018 20:00 - 03.10.2018 21:00 (CET/CEST)","363","n/e","n/e","83","181","24","n/e","n/e","n/e","n/e","n/e","n/e","n/e","n/e","n/e","n/e","n/e","0","66","330","347"
"BZN|DK2","03.10.2018 21:00 - 03.10.2018 22:00 (CET/CEST)","314","n/e","n/e","74","170","9","n/e","n/e","n/e","n/e","n/e","n/e","n/e","n/e","n/e","n/e","n/e","0","64","271","338"
"BZN|DK2","03.10.2018 22:00 - 03.10.2018 23:00 (CET/CEST)","277","n/e","n/e","44","155","9","n/e","n/e","n/e","n/e","n/e","n/e","n/e","n/e","n/e","n/e","n/e","0","61","277","285"
"BZN|DK2","03.10.2018 23:00 - 04.10.2018 00:00 (CET/CEST)","233","n/e","n/e","24","157","8","n/e","n/e","n/e","n/e","n/e","n/e","n/e","n/e","n/e","n/e","n/e","0","55","223","231"
"BZN|DK2","04.10.2018 00:00 - 04.10.2018 01:00 (CET/CEST)","342","n/e","n/e","34","175","8","n/e","n/e","n/e","n/e","n/e","n/e","n/e","n/e","n/e","n/e","n/e","0","46","139","196"
"BZN|DK2","04.10.2018 01:00 - 04.10.2018 02:00 (CET/CEST)","289","n/e","n/e","23","172","8","n/e","n/e","n/e","n/e","n/e","n/e","n/e","n/e","n/e","n/e","n/e","0","44","146","168"
"BZN|DK2","04.10.2018 02:00 - 04.10.2018 03:00 (CET/CEST)","263","n/e","n/e","23","174","8","n/e","n/e","n/e","n/e","n/e","n/e","n/e","n/e","n/e","n/e","n/e","0","44","109","140"
"BZN|DK2","04.10.2018 03:00 - 04.10.2018 04:00 (CET/CEST)","284","n/e","n/e","23","174","8","n/e","n/e","n/e","n/e","n/e","n/e","n/e","n/e","n/e","n/e","n/e","0","44","84","109"
"BZN|DK2","04.10.2018 04:00 - 04.10.2018 05:00 (CET/CEST)","305","n/e","n/e","23","175","8","n/e","n/e","n/e","n/e","n/e","n/e","n/e","n/e","n/e","n/e","n/e","0","45","62","91"
"BZN|DK2","04.10.2018 05:00 - 04.10.2018 06:00 (CET/CEST)","317","n/e","n/e","24","174","8","n/e","n/e","n/e","n/e","n/e","n/e","n/e","n/e","n/e","n/e","n/e","0","45","50","72"
"BZN|DK2","04.10.2018 06:00 - 04.10.2018 07:00 (CET/CEST)","340","n/e","n/e","45","214","11","n/e","n/e","n/e","n/e","n/e","n/e","n/e","n/e","n/e","n/e","n/e","0","45","91","73"
"BZN|DK2","04.10.2018 07:00 - 04.10.2018 08:00 (CET/CEST)","337","n/e","n/e","100","251","13","n/e","n/e","n/e","n/e","n/e","n/e","n/e","n/e","n/e","n/e","n/e","3","46","92","56"
"BZN|DK2","04.10.2018 08:00 - 04.10.2018 09:00 (CET/CEST)","83","n/e","n/e","109","255","14","n/e","n/e","n/e","n/e","n/e","n/e","n/e","n/e","n/e","n/e","n/e","23","47","30","45"
"BZN|DK2","04.10.2018 09:00 - 04.10.2018 10:00 (CET/CEST)","21","n/e","n/e","109","231","14","n/e","n/e","n/e","n/e","n/e","n/e","n/e","n/e","n/e","n/e","n/e","37","47","56","47"
"BZN|DK2","04.10.2018 10:00 - 04.10.2018 11:00 (CET/CEST)","64","n/e","n/e","95","214","13","n/e","n/e","n/e","n/e","n/e","n/e","n/e","n/e","n/e","n/e","n/e","59","46","126","77"
"BZN|DK2","04.10.2018 11:00 - 04.10.2018 12:00 (CET/CEST)","101","n/e","n/e","68","204","11","n/e","n/e","n/e","n/e","n/e","n/e","n/e","n/e","n/e","n/e","n/e","59","45","149","136"
"BZN|DK2","04.10.2018 12:00 - 04.10.2018 13:00 (CET/CEST)","102","n/e","n/e","51","195","9","n/e","n/e","n/e","n/e","n/e","n/e","n/e","n/e","n/e","n/e","n/e","58","45","131","190"
"BZN|DK2","04.10.2018 13:00 - 04.10.2018 14:00 (CET/CEST)","130","n/e","n/e","75","191","8","n/e","n/e","n/e","n/e","n/e","n/e","n/e","n/e","n/e","n/e","n/e","56","45","172","194"
"BZN|DK2","04.10.2018 14:00 - 04.10.2018 15:00 (CET/CEST)","242","n/e","n/e","81","233","9","n/e","n/e","n/e","n/e","n/e","n/e","n/e","n/e","n/e","n/e","n/e","56","45","201","213"
"BZN|DK2","04.10.2018 15:00 - 04.10.2018 16:00 (CET/CEST)","295","n/e","n/e","70","193","9","n/e","n/e","n/e","n/e","n/e","n/e","n/e","n/e","n/e","n/e","n/e","51","45","172","230"
"BZN|DK2","04.10.2018 16:00 - 04.10.2018 17:00 (CET/CEST)","295","n/e","n/e","72","195","10","n/e","n/e","n/e","n/e","n/e","n/e","n/e","n/e","n/e","n/e","n/e","26","46","157","241"
"BZN|DK2","04.10.2018 17:00 - 04.10.2018 18:00 (CET/CEST)","354","n/e","n/e","75","197","11","n/e","n/e","n/e","n/e","n/e","n/e","n/e","n/e","n/e","n/e","n/e","10","46","181","239"
"BZN|DK2","04.10.2018 18:00 - 04.10.2018 19:00 (CET/CEST)","395","n/e","n/e","78","209","11","n/e","n/e","n/e","n/e","n/e","n/e","n/e","n/e","n/e","n/e","n/e","1","47","207","212"
"BZN|DK2","04.10.2018 19:00 - 04.10.2018 20:00 (CET/CEST)","371","n/e","n/e","83","238","12","n/e","n/e","n/e","n/e","n/e","n/e","n/e","n/e","n/e","n/e","n/e","0","46","149","211"
"BZN|DK2","04.10.2018 20:00 - 04.10.2018 21:00 (CET/CEST)","369","n/e","n/e","78","208","11","n/e","n/e","n/e","n/e","n/e","n/e","n/e","n/e","n/e","n/e","n/e","0","46","182","219"
"BZN|DK2","04.10.2018 21:00 - 04.10.2018 22:00 (CET/CEST)","363","n/e","n/e","48","250","10","n/e","n/e","n/e","n/e","n/e","n/e","n/e","n/e","n/e","n/e","n/e","0","46","241","262"
"BZN|DK2","04.10.2018 22:00 - 04.10.2018 23:00 (CET/CEST)","301","n/e","n/e","32","171","9","n/e","n/e","n/e","n/e","n/e","n/e","n/e","n/e","n/e","n/e","n/e","0","45","306","236"
"BZN|DK2","04.10.2018 23:00 - 05.10.2018 00:00 (CET/CEST)","216","n/e","n/e","24","164","8","n/e","n/e","n/e","n/e","n/e","n/e","n/e","n/e","n/e","n/e","n/e","0","46","277","250"
"BZN|DK2","05.10.2018 00:00 - 05.10.2018 01:00 (CET/CEST)","169","n/e","n/e","24","152","8","n/e","n/e","n/e","n/e","n/e","n/e","n/e","n/e","n/e","n/e","n/e","0","50","241","281"
"BZN|DK2","05.10.2018 01:00 - 05.10.2018 02:00 (CET/CEST)","158","n/e","n/e","24","156","8","n/e","n/e","n/e","n/e","n/e","n/e","n/e","n/e","n/e","n/e","n/e","0","51","165","263"
"BZN|DK2","05.10.2018 02:00 - 05.10.2018 03:00 (CET/CEST)","157","n/e","n/e","24","158","8","n/e","n/e","n/e","n/e","n/e","n/e","n/e","n/e","n/e","n/e","n/e","0","48","114","253"
"BZN|DK2","05.10.2018 03:00 - 05.10.2018 04:00 (CET/CEST)","154","n/e","n/e","23","156","8","n/e","n/e","n/e","n/e","n/e","n/e","n/e","n/e","n/e","n/e","n/e","0","53","145","249"
"BZN|DK2","05.10.2018 04:00 - 05.10.2018 05:00 (CET/CEST)","153","n/e","n/e","22","157","7","n/e","n/e","n/e","n/e","n/e","n/e","n/e","n/e","n/e","n/e","n/e","0","57","222","281"
"BZN|DK2","05.10.2018 05:00 - 05.10.2018 06:00 (CET/CEST)","165","n/e","n/e","23","157","7","n/e","n/e","n/e","n/e","n/e","n/e","n/e","n/e","n/e","n/e","n/e","0","57","195","297"
"BZN|DK2","05.10.2018 06:00 - 05.10.2018 07:00 (CET/CEST)","276","n/e","n/e","33","173","9","n/e","n/e","n/e","n/e","n/e","n/e","n/e","n/e","n/e","n/e","n/e","0","57","174","292"
"BZN|DK2","05.10.2018 07:00 - 05.10.2018 08:00 (CET/CEST)","241","n/e","n/e","63","216","16","n/e","n/e","n/e","n/e","n/e","n/e","n/e","n/e","n/e","n/e","n/e","1","64","155","275"
"BZN|DK2","05.10.2018 08:00 - 05.10.2018 09:00 (CET/CEST)","381","n/e","n/e","90","260","12","n/e","n/e","n/e","n/e","n/e","n/e","n/e","n/e","n/e","n/e","n/e","6","62","172","271"
"BZN|DK2","05.10.2018 09:00 - 05.10.2018 10:00 (CET/CEST)","392","n/e","n/e","92","267","12","n/e","n/e","n/e","n/e","n/e","n/e","n/e","n/e","n/e","n/e","n/e","13","65","152","275"
"BZN|DK2","05.10.2018 10:00 - 05.10.2018 11:00 (CET/CEST)","349","n/e","n/e","82","201","10","n/e","n/e","n/e","n/e","n/e","n/e","n/e","n/e","n/e","n/e","n/e","24","65","167","242"
"BZN|DK2","05.10.2018 11:00 - 05.10.2018 12:00 (CET/CEST)","254","n/e","n/e","51","155","9","n/e","n/e","n/e","n/e","n/e","n/e","n/e","n/e","n/e","n/e","n/e","38","63","176","231"
"BZN|DK2","05.10.2018 12:00 - 05.10.2018 13:00 (CET/CEST)","254","n/e","n/e","27","149","8","n/e","n/e","n/e","n/e","n/e","n/e","n/e","n/e","n/e","n/e","n/e","47","64","192","215"
"BZN|DK2","05.10.2018 13:00 - 05.10.2018 14:00 (CET/CEST)","253","n/e","n/e","23","150","8","n/e","n/e","n/e","n/e","n/e","n/e","n/e","n/e","n/e","n/e","n/e","71","63","143","224"
"BZN|DK2","05.10.2018 14:00 - 05.10.2018 15:00 (CET/CEST)","254","n/e","n/e","25","161","8","n/e","n/e","n/e","n/e","n/e","n/e","n/e","n/e","n/e","n/e","n/e","77","63","141","178"
"BZN|DK2","05.10.2018 15:00 - 05.10.2018 16:00 (CET/CEST)","330","n/e","n/e","34","248","9","n/e","n/e","n/e","n/e","n/e","n/e","n/e","n/e","n/e","n/e","n/e","66","62","121","132"
"BZN|DK2","05.10.2018 16:00 - 05.10.2018 17:00 (CET/CEST)","378","n/e","n/e","61","260","10","n/e","n/e","n/e","n/e","n/e","n/e","n/e","n/e","n/e","n/e","n/e","51","63","96","93"
"BZN|DK2","05.10.2018 17:00 - 05.10.2018 18:00 (CET/CEST)","394","n/e","n/e","77","293","12","n/e","n/e","n/e","n/e","n/e","n/e","n/e","n/e","n/e","n/e","n/e","21","63","91","83"
"BZN|DK2","05.10.2018 18:00 - 05.10.2018 19:00 (CET/CEST)","376","n/e","n/e","50","288","11","n/e","n/e","n/e","n/e","n/e","n/e","n/e","n/e","n/e","n/e","n/e","2","63","145","110"
"BZN|DK2","05.10.2018 19:00 - 05.10.2018 20:00 (CET/CEST)","339","n/e","n/e","46","272","11","n/e","n/e","n/e","n/e","n/e","n/e","n/e","n/e","n/e","n/e","n/e","0","62","155","132"
"BZN|DK2","05.10.2018 20:00 - 05.10.2018 21:00 (CET/CEST)","251","n/e","n/e","33","193","10","n/e","n/e","n/e","n/e","n/e","n/e","n/e","n/e","n/e","n/e","n/e","0","63","218","180"
"BZN|DK2","05.10.2018 21:00 - 05.10.2018 22:00 (CET/CEST)","196","n/e","n/e","25","161","8","n/e","n/e","n/e","n/e","n/e","n/e","n/e","n/e","n/e","n/e","n/e","0","61","280","236"
"BZN|DK2","05.10.2018 22:00 - 05.10.2018 23:00 (CET/CEST)","168","n/e","n/e","23","156","8","n/e","n/e","n/e","n/e","n/e","n/e","n/e","n/e","n/e","n/e","n/e","0","57","324","244"
"BZN|DK2","05.10.2018 23:00 - 06.10.2018 00:00 (CET/CEST)","154","n/e","n/e","22","153","8","n/e","n/e","n/e","n/e","n/e","n/e","n/e","n/e","n/e","n/e","n/e","0","57","228","225"
"BZN|DK2","06.10.2018 00:00 - 06.10.2018 01:00 (CET/CEST)","146","n/e","n/e","20","154","7","n/e","n/e","n/e","n/e","n/e","n/e","n/e","n/e","n/e","n/e","n/e","0","61","140","214"
"BZN|DK2","06.10.2018 01:00 - 06.10.2018 02:00 (CET/CEST)","120","n/e","n/e","20","157","7","n/e","n/e","n/e","n/e","n/e","n/e","n/e","n/e","n/e","n/e","n/e","0","62","99","180"
"BZN|DK2","06.10.2018 02:00 - 06.10.2018 03:00 (CET/CEST)","123","n/e","n/e","20","159","7","n/e","n/e","n/e","n/e","n/e","n/e","n/e","n/e","n/e","n/e","n/e","0","61","81","130"
"BZN|DK2","06.10.2018 03:00 - 06.10.2018 04:00 (CET/CEST)","124","n/e","n/e","20","158","7","n/e","n/e","n/e","n/e","n/e","n/e","n/e","n/e","n/e","n/e","n/e","0","62","59","76"
"BZN|DK2","06.10.2018 04:00 - 06.10.2018 05:00 (CET/CEST)","143","n/e","n/e","20","155","7","n/e","n/e","n/e","n/e","n/e","n/e","n/e","n/e","n/e","n/e","n/e","0","62","35","42"
"BZN|DK2","06.10.2018 05:00 - 06.10.2018 06:00 (CET/CEST)","220","n/e","n/e","20","158","7","n/e","n/e","n/e","n/e","n/e","n/e","n/e","n/e","n/e","n/e","n/e","0","62","12","21"
"BZN|DK2","06.10.2018 06:00 - 06.10.2018 07:00 (CET/CEST)","220","n/e","n/e","25","168","8","n/e","n/e","n/e","n/e","n/e","n/e","n/e","n/e","n/e","n/e","n/e","0","62","0","8"
"BZN|DK2","06.10.2018 07:00 - 06.10.2018 08:00 (CET/CEST)","218","n/e","n/e","37","178","9","n/e","n/e","n/e","n/e","n/e","n/e","n/e","n/e","n/e","n/e","n/e","3","63","0","8"
"BZN|DK2","06.10.2018 08:00 - 06.10.2018 09:00 (CET/CEST)","273","n/e","n/e","30","252","10","n/e","n/e","n/e","n/e","n/e","n/e","n/e","n/e","n/e","n/e","n/e","23","63","0","5"
"BZN|DK2","06.10.2018 09:00 - 06.10.2018 10:00 (CET/CEST)","313","n/e","n/e","55","266","11","n/e","n/e","n/e","n/e","n/e","n/e","n/e","n/e","n/e","n/e","n/e","55","63","0","4"
"BZN|DK2","06.10.2018 10:00 - 06.10.2018 11:00 (CET/CEST)","264","n/e","n/e","86","266","11","n/e","n/e","n/e","n/e","n/e","n/e","n/e","n/e","n/e","n/e","n/e","72","63","0","6"
"BZN|DK2","06.10.2018 11:00 - 06.10.2018 12:00 (CET/CEST)","248","n/e","n/e","60","258","10","n/e","n/e","n/e","n/e","n/e","n/e","n/e","n/e","n/e","n/e","n/e","86","61","0","7"
"BZN|DK2","06.10.2018 12:00 - 06.10.2018 13:00 (CET/CEST)","244","n/e","n/e","35","256","9","n/e","n/e","n/e","n/e","n/e","n/e","n/e","n/e","n/e","n/e","n/e","82","63","0","13"
"BZN|DK2","06.10.2018 13:00 - 06.10.2018 14:00 (CET/CEST)","191","n/e","n/e","33","242","9","n/e","n/e","n/e","n/e","n/e","n/e","n/e","n/e","n/e","n/e","n/e","84","63","0","16"
"BZN|DK2","06.10.2018 14:00 - 06.10.2018 15:00 (CET/CEST)","190","n/e","n/e","24","161","8","n/e","n/e","n/e","n/e","n/e","n/e","n/e","n/e","n/e","n/e","n/e","77","63","0","19"
"BZN|DK2","06.10.2018 15:00 - 06.10.2018 16:00 (CET/CEST)","227","n/e","n/e","35","168","9","n/e","n/e","n/e","n/e","n/e","n/e","n/e","n/e","n/e","n/e","n/e","67","63","0","17"
"BZN|DK2","06.10.2018 16:00 - 06.10.2018 17:00 (CET/CEST)","247","n/e","n/e","35","251","10","n/e","n/e","n/e","n/e","n/e","n/e","n/e","n/e","n/e","n/e","n/e","36","63","0","26"
"BZN|DK2","06.10.2018 17:00 - 06.10.2018 18:00 (CET/CEST)","253","n/e","n/e","35","258","10","n/e","n/e","n/e","n/e","n/e","n/e","n/e","n/e","n/e","n/e","n/e","11","63","0","30"
"BZN|DK2","06.10.2018 18:00 - 06.10.2018 19:00 (CET/CEST)","355","n/e","n/e","36","256","10","n/e","n/e","n/e","n/e","n/e","n/e","n/e","n/e","n/e","n/e","n/e","1","63","1","32"
"BZN|DK2","06.10.2018 19:00 - 06.10.2018 20:00 (CET/CEST)","360","n/e","n/e","33","248","9","n/e","n/e","n/e","n/e","n/e","n/e","n/e","n/e","n/e","n/e","n/e","0","63","7","27"
"BZN|DK2","06.10.2018 20:00 - 06.10.2018 21:00 (CET/CEST)","323","n/e","n/e","27","225","8","n/e","n/e","n/e","n/e","n/e","n/e","n/e","n/e","n/e","n/e","n/e","0","63","6","29"
"BZN|DK2","06.10.2018 21:00 - 06.10.2018 22:00 (CET/CEST)","260","n/e","n/e","26","156","8","n/e","n/e","n/e","n/e","n/e","n/e","n/e","n/e","n/e","n/e","n/e","0","63","1","51"
"BZN|DK2","06.10.2018 22:00 - 06.10.2018 23:00 (CET/CEST)","220","n/e","n/e","24","181","7","n/e","n/e","n/e","n/e","n/e","n/e","n/e","n/e","n/e","n/e","n/e","0","62","20","54"
"BZN|DK2","06.10.2018 23:00 - 07.10.2018 00:00 (CET/CEST)","202","n/e","n/e","20","153","7","n/e","n/e","n/e","n/e","n/e","n/e","n/e","n/e","n/e","n/e","n/e","0","61","23","76"
"BZN|DK2","07.10.2018 00:00 - 07.10.2018 01:00 (CET/CEST)","211","n/e","n/e","20","157","7","n/e","n/e","n/e","n/e","n/e","n/e","n/e","n/e","n/e","n/e","n/e","0","62","11","150"
"BZN|DK2","07.10.2018 01:00 - 07.10.2018 02:00 (CET/CEST)","248","n/e","n/e","20","150","7","n/e","n/e","n/e","n/e","n/e","n/e","n/e","n/e","n/e","n/e","n/e","0","62","42","231"
"BZN|DK2","07.10.2018 02:00 - 07.10.2018 03:00 (CET/CEST)","225","n/e","n/e","20","154","7","n/e","n/e","n/e","n/e","n/e","n/e","n/e","n/e","n/e","n/e","n/e","0","62","226","322"
"BZN|DK2","07.10.2018 03:00 - 07.10.2018 04:00 (CET/CEST)","226","n/e","n/e","20","152","7","n/e","n/e","n/e","n/e","n/e","n/e","n/e","n/e","n/e","n/e","n/e","0","62","361","348"
"BZN|DK2","07.10.2018 04:00 - 07.10.2018 05:00 (CET/CEST)","226","n/e","n/e","20","146","7","n/e","n/e","n/e","n/e","n/e","n/e","n/e","n/e","n/e","n/e","n/e","0","62","361","369"
"BZN|DK2","07.10.2018 05:00 - 07.10.2018 06:00 (CET/CEST)","211","n/e","n/e","20","146","7","n/e","n/e","n/e","n/e","n/e","n/e","n/e","n/e","n/e","n/e","n/e","0","62","350","314"
"BZN|DK2","07.10.2018 06:00 - 07.10.2018 07:00 (CET/CEST)","227","n/e","n/e","21","154","7","n/e","n/e","n/e","n/e","n/e","n/e","n/e","n/e","n/e","n/e","n/e","0","62","282","265"
"BZN|DK2","07.10.2018 07:00 - 07.10.2018 08:00 (CET/CEST)","226","n/e","n/e","23","161","8","n/e","n/e","n/e","n/e","n/e","n/e","n/e","n/e","n/e","n/e","n/e","1","62","229","225"
"BZN|DK2","07.10.2018 08:00 - 07.10.2018 09:00 (CET/CEST)","226","n/e","n/e","24","158","8","n/e","n/e","n/e","n/e","n/e","n/e","n/e","n/e","n/e","n/e","n/e","24","62","176","195"
"BZN|DK2","07.10.2018 09:00 - 07.10.2018 10:00 (CET/CEST)","230","n/e","n/e","25","153","8","n/e","n/e","n/e","n/e","n/e","n/e","n/e","n/e","n/e","n/e","n/e","74","63","156","154"
"BZN|DK2","07.10.2018 10:00 - 07.10.2018 11:00 (CET/CEST)","215","n/e","n/e","25","149","8","n/e","n/e","n/e","n/e","n/e","n/e","n/e","n/e","n/e","n/e","n/e","117","63","125","143"
"BZN|DK2","07.10.2018 11:00 - 07.10.2018 12:00 (CET/CEST)","216","n/e","n/e","21","140","7","n/e","n/e","n/e","n/e","n/e","n/e","n/e","n/e","n/e","n/e","n/e","143","62","135","120"
"BZN|DK2","07.10.2018 12:00 - 07.10.2018 13:00 (CET/CEST)","216","n/e","n/e","22","149","7","n/e","n/e","n/e","n/e","n/e","n/e","n/e","n/e","n/e","n/e","n/e","152","62","101","77"
"BZN|DK2","07.10.2018 13:00 - 07.10.2018 14:00 (CET/CEST)","238","n/e","n/e","22","151","8","n/e","n/e","n/e","n/e","n/e","n/e","n/e","n/e","n/e","n/e","n/e","146","62","45","56"
"BZN|DK2","07.10.2018 14:00 - 07.10.2018 15:00 (CET/CEST)","243","n/e","n/e","22","154","8","n/e","n/e","n/e","n/e","n/e","n/e","n/e","n/e","n/e","n/e","n/e","129","61","27","50"
"BZN|DK2","07.10.2018 15:00 - 07.10.2018 16:00 (CET/CEST)","250","n/e","n/e","23","156","8","n/e","n/e","n/e","n/e","n/e","n/e","n/e","n/e","n/e","n/e","n/e","90","61","24","40"
"BZN|DK2","07.10.2018 16:00 - 07.10.2018 17:00 (CET/CEST)","259","n/e","n/e","23","155","8","n/e","n/e","n/e","n/e","n/e","n/e","n/e","n/e","n/e","n/e","n/e","63","61","9","17"
"BZN|DK2","07.10.2018 17:00 - 07.10.2018 18:00 (CET/CEST)","269","n/e","n/e","36","177","9","n/e","n/e","n/e","n/e","n/e","n/e","n/e","n/e","n/e","n/e","n/e","26","62","3","6"
"BZN|DK2","07.10.2018 18:00 - 07.10.2018 19:00 (CET/CEST)","268","n/e","n/e","88","263","10","n/e","n/e","n/e","n/e","n/e","n/e","n/e","n/e","n/e","n/e","n/e","1","63","4","9"
"BZN|DK2","07.10.2018 19:00 - 07.10.2018 20:00 (CET/CEST)","270","n/e","n/e","96","260","10","n/e","n/e","n/e","n/e","n/e","n/e","n/e","n/e","n/e","n/e","n/e","0","63","9","19"
"BZN|DK2","07.10.2018 20:00 - 07.10.2018 21:00 (CET/CEST)","270","n/e","n/e","82","258","10","n/e","n/e","n/e","n/e","n/e","n/e","n/e","n/e","n/e","n/e","n/e","0","61","20","29"
"BZN|DK2","07.10.2018 21:00 - 07.10.2018 22:00 (CET/CEST)","268","n/e","n/e","41","248","9","n/e","n/e","n/e","n/e","n/e","n/e","n/e","n/e","n/e","n/e","n/e","0","65","10","40"
"BZN|DK2","07.10.2018 22:00 - 07.10.2018 23:00 (CET/CEST)","254","n/e","n/e","27","142","8","n/e","n/e","n/e","n/e","n/e","n/e","n/e","n/e","n/e","n/e","n/e","0","63","16","57"
"BZN|DK2","07.10.2018 23:00 - 08.10.2018 00:00 (CET/CEST)","255","n/e","n/e","23","145","8","n/e","n/e","n/e","n/e","n/e","n/e","n/e","n/e","n/e","n/e","n/e","0","63","35","76"
"BZN|DK2","08.10.2018 00:00 - 08.10.2018 01:00 (CET/CEST)","232","n/e","n/e","21","141","7","n/e","n/e","n/e","n/e","n/e","n/e","n/e","n/e","n/e","n/e","n/e","0","70","66","100"
"BZN|DK2","08.10.2018 01:00 - 08.10.2018 02:00 (CET/CEST)","229","n/e","n/e","21","138","7","n/e","n/e","n/e","n/e","n/e","n/e","n/e","n/e","n/e","n/e","n/e","0","82","107","127"
"BZN|DK2","08.10.2018 02:00 - 08.10.2018 03:00 (CET/CEST)","230","n/e","n/e","21","138","7","n/e","n/e","n/e","n/e","n/e","n/e","n/e","n/e","n/e","n/e","n/e","0","81","133","148"
"BZN|DK2","08.10.2018 03:00 - 08.10.2018 04:00 (CET/CEST)","230","n/e","n/e","21","139","7","n/e","n/e","n/e","n/e","n/e","n/e","n/e","n/e","n/e","n/e","n/e","0","82","159","160"
"BZN|DK2","08.10.2018 04:00 - 08.10.2018 05:00 (CET/CEST)","225","n/e","n/e","20","141","7","n/e","n/e","n/e","n/e","n/e","n/e","n/e","n/e","n/e","n/e","n/e","0","81","174","208"
"BZN|DK2","08.10.2018 05:00 - 08.10.2018 06:00 (CET/CEST)","206","n/e","n/e","20","138","7","n/e","n/e","n/e","n/e","n/e","n/e","n/e","n/e","n/e","n/e","n/e","0","74","240","257"
"BZN|DK2","08.10.2018 06:00 - 08.10.2018 07:00 (CET/CEST)","232","n/e","n/e","23","149","7","n/e","n/e","n/e","n/e","n/e","n/e","n/e","n/e","n/e","n/e","n/e","0","66","298","271"
"BZN|DK2","08.10.2018 07:00 - 08.10.2018 08:00 (CET/CEST)","234","n/e","n/e","40","158","7","n/e","n/e","n/e","n/e","n/e","n/e","n/e","n/e","n/e","n/e","n/e","0","68","306","293"
"BZN|DK2","08.10.2018 08:00 - 08.10.2018 09:00 (CET/CEST)","242","n/e","n/e","41","174","8","n/e","n/e","n/e","n/e","n/e","n/e","n/e","n/e","n/e","n/e","n/e","10","65","274","338"
"BZN|DK2","08.10.2018 09:00 - 08.10.2018 10:00 (CET/CEST)","254","n/e","n/e","41","211","7","n/e","n/e","n/e","n/e","n/e","n/e","n/e","n/e","n/e","n/e","n/e","28","62","257","376"
"BZN|DK2","08.10.2018 10:00 - 08.10.2018 11:00 (CET/CEST)","239","n/e","n/e","42","166","7","n/e","n/e","n/e","n/e","n/e","n/e","n/e","n/e","n/e","n/e","n/e","54","73","252","419"
"BZN|DK2","08.10.2018 11:00 - 08.10.2018 12:00 (CET/CEST)","263","n/e","n/e","43","194","7","n/e","n/e","n/e","n/e","n/e","n/e","n/e","n/e","n/e","n/e","n/e","95","76","260","450"
"BZN|DK2","08.10.2018 12:00 - 08.10.2018 13:00 (CET/CEST)","272","n/e","n/e","43","214","7","n/e","n/e","n/e","n/e","n/e","n/e","n/e","n/e","n/e","n/e","n/e","111","78","303","431"
"BZN|DK2","08.10.2018 13:00 - 08.10.2018 14:00 (CET/CEST)","248","n/e","n/e","42","185","7","n/e","n/e","n/e","n/e","n/e","n/e","n/e","n/e","n/e","n/e","n/e","88","80","239","393"
"BZN|DK2","08.10.2018 14:00 - 08.10.2018 15:00 (CET/CEST)","247","n/e","n/e","74","167","7","n/e","n/e","n/e","n/e","n/e","n/e","n/e","n/e","n/e","n/e","n/e","79","81","204","372"
"BZN|DK2","08.10.2018 15:00 - 08.10.2018 16:00 (CET/CEST)","248","n/e","n/e","83","158","7","n/e","n/e","n/e","n/e","n/e","n/e","n/e","n/e","n/e","n/e","n/e","55","80","176","343"
"BZN|DK2","08.10.2018 16:00 - 08.10.2018 17:00 (CET/CEST)","258","n/e","n/e","100","175","7","n/e","n/e","n/e","n/e","n/e","n/e","n/e","n/e","n/e","n/e","n/e","32","80","166","306"
"BZN|DK2","08.10.2018 17:00 - 08.10.2018 18:00 (CET/CEST)","270","n/e","n/e","136","263","7","n/e","n/e","n/e","n/e","n/e","n/e","n/e","n/e","n/e","n/e","n/e","12","80","157","258"
"BZN|DK2","08.10.2018 18:00 - 08.10.2018 19:00 (CET/CEST)","341","n/e","n/e","158","267","8","n/e","n/e","n/e","n/e","n/e","n/e","n/e","n/e","n/e","n/e","n/e","1","80","131","228"
"BZN|DK2","08.10.2018 19:00 - 08.10.2018 20:00 (CET/CEST)","398","n/e","n/e","159","276","22","n/e","n/e","n/e","n/e","n/e","n/e","n/e","n/e","n/e","n/e","n/e","0","80","127","231"
"BZN|DK2","08.10.2018 20:00 - 08.10.2018 21:00 (CET/CEST)","268","n/e","n/e","123","264","7","n/e","n/e","n/e","n/e","n/e","n/e","n/e","n/e","n/e","n/e","n/e","0","80","131","239"
"BZN|DK2","08.10.2018 21:00 - 08.10.2018 22:00 (CET/CEST)","237","n/e","n/e","36","250","7","n/e","n/e","n/e","n/e","n/e","n/e","n/e","n/e","n/e","n/e","n/e","0","80","98","228"
"BZN|DK2","08.10.2018 22:00 - 08.10.2018 23:00 (CET/CEST)","238","n/e","n/e","30","189","7","n/e","n/e","n/e","n/e","n/e","n/e","n/e","n/e","n/e","n/e","n/e","0","79","99","230"
"BZN|DK2","08.10.2018 23:00 - 09.10.2018 00:00 (CET/CEST)","235","n/e","n/e","22","140","7","n/e","n/e","n/e","n/e","n/e","n/e","n/e","n/e","n/e","n/e","n/e","0","80","130","213"
"BZN|DK2","09.10.2018 00:00 - 09.10.2018 01:00 (CET/CEST)","240","n/e","n/e","21","145","7","n/e","n/e","n/e","n/e","n/e","n/e","n/e","n/e","n/e","n/e","n/e","0","80","127","213"
"BZN|DK2","09.10.2018 01:00 - 09.10.2018 02:00 (CET/CEST)","239","n/e","n/e","20","147","7","n/e","n/e","n/e","n/e","n/e","n/e","n/e","n/e","n/e","n/e","n/e","0","81","127","211"
"BZN|DK2","09.10.2018 02:00 - 09.10.2018 03:00 (CET/CEST)","238","n/e","n/e","20","147","7","n/e","n/e","n/e","n/e","n/e","n/e","n/e","n/e","n/e","n/e","n/e","0","81","115","195"
"BZN|DK2","09.10.2018 03:00 - 09.10.2018 04:00 (CET/CEST)","240","n/e","n/e","21","149","7","n/e","n/e","n/e","n/e","n/e","n/e","n/e","n/e","n/e","n/e","n/e","0","79","111","202"
"BZN|DK2","09.10.2018 04:00 - 09.10.2018 05:00 (CET/CEST)","219","n/e","n/e","21","158","7","n/e","n/e","n/e","n/e","n/e","n/e","n/e","n/e","n/e","n/e","n/e","0","79","96","202"
"BZN|DK2","09.10.2018 05:00 - 09.10.2018 06:00 (CET/CEST)","214","n/e","n/e","20","152","7","n/e","n/e","n/e","n/e","n/e","n/e","n/e","n/e","n/e","n/e","n/e","0","81","83","199"
"BZN|DK2","09.10.2018 06:00 - 09.10.2018 07:00 (CET/CEST)","243","n/e","n/e","43","178","7","n/e","n/e","n/e","n/e","n/e","n/e","n/e","n/e","n/e","n/e","n/e","0","81","99","209"
"BZN|DK2","09.10.2018 07:00 - 09.10.2018 08:00 (CET/CEST)","352","n/e","n/e","94","226","64","n/e","n/e","n/e","n/e","n/e","n/e","n/e","n/e","n/e","n/e","n/e","1","80","144","218"
"BZN|DK2","09.10.2018 08:00 - 09.10.2018 09:00 (CET/CEST)","369","n/e","n/e","99","229","85","n/e","n/e","n/e","n/e","n/e","n/e","n/e","n/e","n/e","n/e","n/e","15","81","170","219"
"BZN|DK2","09.10.2018 09:00 - 09.10.2018 10:00 (CET/CEST)","377","n/e","n/e","95","249","84","n/e","n/e","n/e","n/e","n/e","n/e","n/e","n/e","n/e","n/e","n/e","58","79","183","217"
"BZN|DK2","09.10.2018 10:00 - 09.10.2018 11:00 (CET/CEST)","385","n/e","n/e","94","278","78","n/e","n/e","n/e","n/e","n/e","n/e","n/e","n/e","n/e","n/e","n/e","107","93","188","229"
"BZN|DK2","09.10.2018 11:00 - 09.10.2018 12:00 (CET/CEST)","390","n/e","n/e","80","270","15","n/e","n/e","n/e","n/e","n/e","n/e","n/e","n/e","n/e","n/e","n/e","116","60","173","254"
"BZN|DK2","09.10.2018 12:00 - 09.10.2018 13:00 (CET/CEST)","402","n/e","n/e","92","280","63","n/e","n/e","n/e","n/e","n/e","n/e","n/e","n/e","n/e","n/e","n/e","121","90","153","293"
"BZN|DK2","09.10.2018 13:00 - 09.10.2018 14:00 (CET/CEST)","402","n/e","n/e","47","274","7","n/e","n/e","n/e","n/e","n/e","n/e","n/e","n/e","n/e","n/e","n/e","132","61","130","297"
"BZN|DK2","09.10.2018 14:00 - 09.10.2018 15:00 (CET/CEST)","402","n/e","n/e","41","273","7","n/e","n/e","n/e","n/e","n/e","n/e","n/e","n/e","n/e","n/e","n/e","104","62","126","273"
"BZN|DK2","09.10.2018 15:00 - 09.10.2018 16:00 (CET/CEST)","326","n/e","n/e","36","273","7","n/e","n/e","n/e","n/e","n/e","n/e","n/e","n/e","n/e","n/e","n/e","66","61","167","263"
"BZN|DK2","09.10.2018 16:00 - 09.10.2018 17:00 (CET/CEST)","281","n/e","n/e","25","275","7","n/e","n/e","n/e","n/e","n/e","n/e","n/e","n/e","n/e","n/e","n/e","49","59","159","242"
"BZN|DK2","09.10.2018 17:00 - 09.10.2018 18:00 (CET/CEST)","369","n/e","n/e","30","273","7","n/e","n/e","n/e","n/e","n/e","n/e","n/e","n/e","n/e","n/e","n/e","21","58","86","276"
"BZN|DK2","09.10.2018 18:00 - 09.10.2018 19:00 (CET/CEST)","332","n/e","n/e","28","274","7","n/e","n/e","n/e","n/e","n/e","n/e","n/e","n/e","n/e","n/e","n/e","1","68","113","237"
"BZN|DK2","09.10.2018 19:00 - 09.10.2018 20:00 (CET/CEST)","410","n/e","n/e","29","275","7","n/e","n/e","n/e","n/e","n/e","n/e","n/e","n/e","n/e","n/e","n/e","0","83","102","173"
"BZN|DK2","09.10.2018 20:00 - 09.10.2018 21:00 (CET/CEST)","367","n/e","n/e","29","275","7","n/e","n/e","n/e","n/e","n/e","n/e","n/e","n/e","n/e","n/e","n/e","0","83","86","156"
"BZN|DK2","09.10.2018 21:00 - 09.10.2018 22:00 (CET/CEST)","370","n/e","n/e","73","264","7","n/e","n/e","n/e","n/e","n/e","n/e","n/e","n/e","n/e","n/e","n/e","0","83","101","150"
"BZN|DK2","09.10.2018 22:00 - 09.10.2018 23:00 (CET/CEST)","235","n/e","n/e","42","255","7","n/e","n/e","n/e","n/e","n/e","n/e","n/e","n/e","n/e","n/e","n/e","0","82","65","139"
"BZN|DK2","09.10.2018 23:00 - 10.10.2018 00:00 (CET/CEST)","230","n/e","n/e","32","207","7","n/e","n/e","n/e","n/e","n/e","n/e","n/e","n/e","n/e","n/e","n/e","0","81","51","127"
"BZN|DK2","10.10.2018 00:00 - 10.10.2018 01:00 (CET/CEST)","254","n/e","n/e","32","166","7","n/e","n/e","n/e","n/e","n/e","n/e","n/e","n/e","n/e","n/e","n/e","0","82","51","125"
"BZN|DK2","10.10.2018 01:00 - 10.10.2018 02:00 (CET/CEST)","227","n/e","n/e","20","156","7","n/e","n/e","n/e","n/e","n/e","n/e","n/e","n/e","n/e","n/e","n/e","0","83","35","103"
"BZN|DK2","10.10.2018 02:00 - 10.10.2018 03:00 (CET/CEST)","231","n/e","n/e","20","160","7","n/e","n/e","n/e","n/e","n/e","n/e","n/e","n/e","n/e","n/e","n/e","0","83","22","96"
"BZN|DK2","10.10.2018 03:00 - 10.10.2018 04:00 (CET/CEST)","237","n/e","n/e","21","168","7","n/e","n/e","n/e","n/e","n/e","n/e","n/e","n/e","n/e","n/e","n/e","0","83","26","62"
"BZN|DK2","10.10.2018 04:00 - 10.10.2018 05:00 (CET/CEST)","248","n/e","n/e","47","175","7","n/e","n/e","n/e","n/e","n/e","n/e","n/e","n/e","n/e","n/e","n/e","0","83","13","35"
"BZN|DK2","10.10.2018 05:00 - 10.10.2018 06:00 (CET/CEST)","264","n/e","n/e","73","191","8","n/e","n/e","n/e","n/e","n/e","n/e","n/e","n/e","n/e","n/e","n/e","0","83","2","18"
"BZN|DK2","10.10.2018 06:00 - 10.10.2018 07:00 (CET/CEST)","293","n/e","n/e","76","246","9","n/e","n/e","n/e","n/e","n/e","n/e","n/e","n/e","n/e","n/e","n/e","0","83","1","14"
"BZN|DK2","10.10.2018 07:00 - 10.10.2018 08:00 (CET/CEST)","374","n/e","n/e","83","238","9","n/e","n/e","n/e","n/e","n/e","n/e","n/e","n/e","n/e","n/e","n/e","1","83","0","15"
"BZN|DK2","10.10.2018 08:00 - 10.10.2018 09:00 (CET/CEST)","400","n/e","n/e","80","237","10","n/e","n/e","n/e","n/e","n/e","n/e","n/e","n/e","n/e","n/e","n/e","25","83","0","17"
"BZN|DK2","10.10.2018 09:00 - 10.10.2018 10:00 (CET/CEST)","331","n/e","n/e","68","236","10","n/e","n/e","n/e","n/e","n/e","n/e","n/e","n/e","n/e","n/e","n/e","74","83","0","16"
"BZN|DK2","10.10.2018 10:00 - 10.10.2018 11:00 (CET/CEST)","242","n/e","n/e","36","175","10","n/e","n/e","n/e","n/e","n/e","n/e","n/e","n/e","n/e","n/e","n/e","125","83","0","9"
"BZN|DK2","10.10.2018 11:00 - 10.10.2018 12:00 (CET/CEST)","246","n/e","n/e","34","167","9","n/e","n/e","n/e","n/e","n/e","n/e","n/e","n/e","n/e","n/e","n/e","160","82","0","8"
"BZN|DK2","10.10.2018 12:00 - 10.10.2018 13:00 (CET/CEST)","248","n/e","n/e","27","160","8","n/e","n/e","n/e","n/e","n/e","n/e","n/e","n/e","n/e","n/e","n/e","180","83","0","11"
"BZN|DK2","10.10.2018 13:00 - 10.10.2018 14:00 (CET/CEST)","262","n/e","n/e","24","161","8","n/e","n/e","n/e","n/e","n/e","n/e","n/e","n/e","n/e","n/e","n/e","180","83","4","12"
"BZN|DK2","10.10.2018 14:00 - 10.10.2018 15:00 (CET/CEST)","255","n/e","n/e","24","163","8","n/e","n/e","n/e","n/e","n/e","n/e","n/e","n/e","n/e","n/e","n/e","163","82","18","14"
"BZN|DK2","10.10.2018 15:00 - 10.10.2018 16:00 (CET/CEST)","251","n/e","n/e","23","163","8","n/e","n/e","n/e","n/e","n/e","n/e","n/e","n/e","n/e","n/e","n/e","127","82","29","16"
"BZN|DK2","10.10.2018 16:00 - 10.10.2018 17:00 (CET/CEST)","238","n/e","n/e","24","173","8","n/e","n/e","n/e","n/e","n/e","n/e","n/e","n/e","n/e","n/e","n/e","72","82","44","20"
"BZN|DK2","10.10.2018 17:00 - 10.10.2018 18:00 (CET/CEST)","243","n/e","n/e","25","211","8","n/e","n/e","n/e","n/e","n/e","n/e","n/e","n/e","n/e","n/e","n/e","22","82","73","40"
"BZN|DK2","10.10.2018 18:00 - 10.10.2018 19:00 (CET/CEST)","251","n/e","n/e","27","238","9","n/e","n/e","n/e","n/e","n/e","n/e","n/e","n/e","n/e","n/e","n/e","1","82","104","96"
"BZN|DK2","10.10.2018 19:00 - 10.10.2018 20:00 (CET/CEST)","250","n/e","n/e","22","222","7","n/e","n/e","n/e","n/e","n/e","n/e","n/e","n/e","n/e","n/e","n/e","0","82","212","152"
"BZN|DK2","10.10.2018 20:00 - 10.10.2018 21:00 (CET/CEST)","240","n/e","n/e","20","149","7","n/e","n/e","n/e","n/e","n/e","n/e","n/e","n/e","n/e","n/e","n/e","0","82","312","195"
"BZN|DK2","10.10.2018 21:00 - 10.10.2018 22:00 (CET/CEST)","169","n/e","n/e","19","154","6","n/e","n/e","n/e","n/e","n/e","n/e","n/e","n/e","n/e","n/e","n/e","0","82","314","214"
"BZN|DK2","10.10.2018 22:00 - 10.10.2018 23:00 (CET/CEST)","191","n/e","n/e","18","151","6","n/e","n/e","n/e","n/e","n/e","n/e","n/e","n/e","n/e","n/e","n/e","0","82","290","229"
"BZN|DK2","10.10.2018 23:00 - 11.10.2018 00:00 (CET/CEST)","209","n/e","n/e","19","144","6","n/e","n/e","n/e","n/e","n/e","n/e","n/e","n/e","n/e","n/e","n/e","0","82","323","262"
"BZN|DK2","11.10.2018 00:00 - 11.10.2018 01:00 (CET/CEST)","213","n/e","n/e","18","146","6","n/e","n/e","n/e","n/e","n/e","n/e","n/e","n/e","n/e","n/e","n/e","0","81","310","258"
"BZN|DK2","11.10.2018 01:00 - 11.10.2018 02:00 (CET/CEST)","223","n/e","n/e","18","146","6","n/e","n/e","n/e","n/e","n/e","n/e","n/e","n/e","n/e","n/e","n/e","0","82","315","258"
"BZN|DK2","11.10.2018 02:00 - 11.10.2018 03:00 (CET/CEST)","245","n/e","n/e","18","145","6","n/e","n/e","n/e","n/e","n/e","n/e","n/e","n/e","n/e","n/e","n/e","0","81","314","261"
"BZN|DK2","11.10.2018 03:00 - 11.10.2018 04:00 (CET/CEST)","242","n/e","n/e","18","146","6","n/e","n/e","n/e","n/e","n/e","n/e","n/e","n/e","n/e","n/e","n/e","0","81","323","280"
"BZN|DK2","11.10.2018 04:00 - 11.10.2018 05:00 (CET/CEST)","240","n/e","n/e","18","144","6","n/e","n/e","n/e","n/e","n/e","n/e","n/e","n/e","n/e","n/e","n/e","0","81","277","291"
"BZN|DK2","11.10.2018 05:00 - 11.10.2018 06:00 (CET/CEST)","245","n/e","n/e","19","149","6","n/e","n/e","n/e","n/e","n/e","n/e","n/e","n/e","n/e","n/e","n/e","0","81","262","282"
"BZN|DK2","11.10.2018 06:00 - 11.10.2018 07:00 (CET/CEST)","246","n/e","n/e","19","155","6","n/e","n/e","n/e","n/e","n/e","n/e","n/e","n/e","n/e","n/e","n/e","0","82","242","292"
"BZN|DK2","11.10.2018 07:00 - 11.10.2018 08:00 (CET/CEST)","353","n/e","n/e","23","231","7","n/e","n/e","n/e","n/e","n/e","n/e","n/e","n/e","n/e","n/e","n/e","1","81","320","313"
"BZN|DK2","11.10.2018 08:00 - 11.10.2018 09:00 (CET/CEST)","328","n/e","n/e","24","232","7","n/e","n/e","n/e","n/e","n/e","n/e","n/e","n/e","n/e","n/e","n/e","21","78","282","292"
"BZN|DK2","11.10.2018 09:00 - 11.10.2018 10:00 (CET/CEST)","255","n/e","n/e","25","194","10","n/e","n/e","n/e","n/e","n/e","n/e","n/e","n/e","n/e","n/e","n/e","69","79","154","288"
"BZN|DK2","11.10.2018 10:00 - 11.10.2018 11:00 (CET/CEST)","232","n/e","n/e","22","214","13","n/e","n/e","n/e","n/e","n/e","n/e","n/e","n/e","n/e","n/e","n/e","120","79","105","262"
"BZN|DK2","11.10.2018 11:00 - 11.10.2018 12:00 (CET/CEST)","198","n/e","n/e","21","215","15","n/e","n/e","n/e","n/e","n/e","n/e","n/e","n/e","n/e","n/e","n/e","158","76","120","284"
"BZN|DK2","11.10.2018 12:00 - 11.10.2018 13:00 (CET/CEST)","258","n/e","n/e","22","204","15","n/e","n/e","n/e","n/e","n/e","n/e","n/e","n/e","n/e","n/e","n/e","179","75","115","298"
"BZN|DK2","11.10.2018 13:00 - 11.10.2018 14:00 (CET/CEST)","253","n/e","n/e","22","196","11","n/e","n/e","n/e","n/e","n/e","n/e","n/e","n/e","n/e","n/e","n/e","182","68","79","281"
"BZN|DK2","11.10.2018 14:00 - 11.10.2018 15:00 (CET/CEST)","229","n/e","n/e","32","151","9","n/e","n/e","n/e","n/e","n/e","n/e","n/e","n/e","n/e","n/e","n/e","166","57","161","289"
"BZN|DK2","11.10.2018 15:00 - 11.10.2018 16:00 (CET/CEST)","249","n/e","n/e","31","161","9","n/e","n/e","n/e","n/e","n/e","n/e","n/e","n/e","n/e","n/e","n/e","131","58","242","297"
"BZN|DK2","11.10.2018 16:00 - 11.10.2018 17:00 (CET/CEST)","246","n/e","n/e","35","168","10","n/e","n/e","n/e","n/e","n/e","n/e","n/e","n/e","n/e","n/e","n/e","78","60","257","277"
"BZN|DK2","11.10.2018 17:00 - 11.10.2018 18:00 (CET/CEST)","283","n/e","n/e","45","179","10","n/e","n/e","n/e","n/e","n/e","n/e","n/e","n/e","n/e","n/e","n/e","24","49","196","224"
"BZN|DK2","11.10.2018 18:00 - 11.10.2018 19:00 (CET/CEST)","374","n/e","n/e","46","242","10","n/e","n/e","n/e","n/e","n/e","n/e","n/e","n/e","n/e","n/e","n/e","1","45","189","208"
"BZN|DK2","11.10.2018 19:00 - 11.10.2018 20:00 (CET/CEST)","292","n/e","n/e","45","175","10","n/e","n/e","n/e","n/e","n/e","n/e","n/e","n/e","n/e","n/e","n/e","0","46","233","246"
"BZN|DK2","11.10.2018 20:00 - 11.10.2018 21:00 (CET/CEST)","241","n/e","n/e","38","161","9","n/e","n/e","n/e","n/e","n/e","n/e","n/e","n/e","n/e","n/e","n/e","0","62","224","272"
"BZN|DK2","11.10.2018 21:00 - 11.10.2018 22:00 (CET/CEST)","178","n/e","n/e","31","161","9","n/e","n/e","n/e","n/e","n/e","n/e","n/e","n/e","n/e","n/e","n/e","0","66","255","267"
"BZN|DK2","11.10.2018 22:00 - 11.10.2018 23:00 (CET/CEST)","192","n/e","n/e","26","157","9","n/e","n/e","n/e","n/e","n/e","n/e","n/e","n/e","n/e","n/e","n/e","0","68","282","273"
"BZN|DK2","11.10.2018 23:00 - 12.10.2018 00:00 (CET/CEST)","155","n/e","n/e","25","153","8","n/e","n/e","n/e","n/e","n/e","n/e","n/e","n/e","n/e","n/e","n/e","0","67","332","289"
"BZN|DK2","12.10.2018 00:00 - 12.10.2018 01:00 (CET/CEST)","154","n/e","n/e","24","169","8","n/e","n/e","n/e","n/e","n/e","n/e","n/e","n/e","n/e","n/e","n/e","0","68","301","274"
"BZN|DK2","12.10.2018 01:00 - 12.10.2018 02:00 (CET/CEST)","155","n/e","n/e","24","168","8","n/e","n/e","n/e","n/e","n/e","n/e","n/e","n/e","n/e","n/e","n/e","0","67","296","268"
"BZN|DK2","12.10.2018 02:00 - 12.10.2018 03:00 (CET/CEST)","146","n/e","n/e","24","169","8","n/e","n/e","n/e","n/e","n/e","n/e","n/e","n/e","n/e","n/e","n/e","0","67","284","258"
"BZN|DK2","12.10.2018 03:00 - 12.10.2018 04:00 (CET/CEST)","142","n/e","n/e","24","169","8","n/e","n/e","n/e","n/e","n/e","n/e","n/e","n/e","n/e","n/e","n/e","0","68","246","242"
"BZN|DK2","12.10.2018 04:00 - 12.10.2018 05:00 (CET/CEST)","142","n/e","n/e","24","164","8","n/e","n/e","n/e","n/e","n/e","n/e","n/e","n/e","n/e","n/e","n/e","0","68","233","227"
"BZN|DK2","12.10.2018 05:00 - 12.10.2018 06:00 (CET/CEST)","160","n/e","n/e","29","168","8","n/e","n/e","n/e","n/e","n/e","n/e","n/e","n/e","n/e","n/e","n/e","0","64","183","233"
"BZN|DK2","12.10.2018 06:00 - 12.10.2018 07:00 (CET/CEST)","342","n/e","n/e","58","163","8","n/e","n/e","n/e","n/e","n/e","n/e","n/e","n/e","n/e","n/e","n/e","0","63","136","197"
"BZN|DK2","12.10.2018 07:00 - 12.10.2018 08:00 (CET/CEST)","295","n/e","n/e","56","162","13","n/e","n/e","n/e","n/e","n/e","n/e","n/e","n/e","n/e","n/e","n/e","1","63","112","204"
"BZN|DK2","12.10.2018 08:00 - 12.10.2018 09:00 (CET/CEST)","226","n/e","n/e","39","156","17","n/e","n/e","n/e","n/e","n/e","n/e","n/e","n/e","n/e","n/e","n/e","20","61","130","180"
"BZN|DK2","12.10.2018 09:00 - 12.10.2018 10:00 (CET/CEST)","221","n/e","n/e","39","157","17","n/e","n/e","n/e","n/e","n/e","n/e","n/e","n/e","n/e","n/e","n/e","68","62","116","160"
"BZN|DK2","12.10.2018 10:00 - 12.10.2018 11:00 (CET/CEST)","237","n/e","n/e","35","156","17","n/e","n/e","n/e","n/e","n/e","n/e","n/e","n/e","n/e","n/e","n/e","118","62","90","149"
"BZN|DK2","12.10.2018 11:00 - 12.10.2018 12:00 (CET/CEST)","194","n/e","n/e","35","155","17","n/e","n/e","n/e","n/e","n/e","n/e","n/e","n/e","n/e","n/e","n/e","154","50","88","133"
"BZN|DK2","12.10.2018 12:00 - 12.10.2018 13:00 (CET/CEST)","202","n/e","n/e","33","154","16","n/e","n/e","n/e","n/e","n/e","n/e","n/e","n/e","n/e","n/e","n/e","172","46","83","114"
"BZN|DK2","12.10.2018 13:00 - 12.10.2018 14:00 (CET/CEST)","218","n/e","n/e","27","157","16","n/e","n/e","n/e","n/e","n/e","n/e","n/e","n/e","n/e","n/e","n/e","173","48","52","80"
"BZN|DK2","12.10.2018 14:00 - 12.10.2018 15:00 (CET/CEST)","194","n/e","n/e","21","153","15","n/e","n/e","n/e","n/e","n/e","n/e","n/e","n/e","n/e","n/e","n/e","154","63","47","69"
"BZN|DK2","12.10.2018 15:00 - 12.10.2018 16:00 (CET/CEST)","187","n/e","n/e","21","151","7","n/e","n/e","n/e","n/e","n/e","n/e","n/e","n/e","n/e","n/e","n/e","106","75","33","73"
"BZN|DK2","12.10.2018 16:00 - 12.10.2018 17:00 (CET/CEST)","189","n/e","n/e","20","171","7","n/e","n/e","n/e","n/e","n/e","n/e","n/e","n/e","n/e","n/e","n/e","63","78","21","74"
"BZN|DK2","12.10.2018 17:00 - 12.10.2018 18:00 (CET/CEST)","247","n/e","n/e","23","245","8","n/e","n/e","n/e","n/e","n/e","n/e","n/e","n/e","n/e","n/e","n/e","19","79","13","69"
"BZN|DK2","12.10.2018 18:00 - 12.10.2018 19:00 (CET/CEST)","249","n/e","n/e","24","269","8","n/e","n/e","n/e","n/e","n/e","n/e","n/e","n/e","n/e","n/e","n/e","1","80","19","70"
"BZN|DK2","12.10.2018 19:00 - 12.10.2018 20:00 (CET/CEST)","210","n/e","n/e","23","233","8","n/e","n/e","n/e","n/e","n/e","n/e","n/e","n/e","n/e","n/e","n/e","0","81","32","110"
"BZN|DK2","12.10.2018 20:00 - 12.10.2018 21:00 (CET/CEST)","168","n/e","n/e","19","174","6","n/e","n/e","n/e","n/e","n/e","n/e","n/e","n/e","n/e","n/e","n/e","0","81","60","160"
"BZN|DK2","12.10.2018 21:00 - 12.10.2018 22:00 (CET/CEST)","157","n/e","n/e","19","150","7","n/e","n/e","n/e","n/e","n/e","n/e","n/e","n/e","n/e","n/e","n/e","0","81","109","207"
"BZN|DK2","12.10.2018 22:00 - 12.10.2018 23:00 (CET/CEST)","164","n/e","n/e","20","152","7","n/e","n/e","n/e","n/e","n/e","n/e","n/e","n/e","n/e","n/e","n/e","0","81","138","229"
"BZN|DK2","12.10.2018 23:00 - 13.10.2018 00:00 (CET/CEST)","220","n/e","n/e","19","152","7","n/e","n/e","n/e","n/e","n/e","n/e","n/e","n/e","n/e","n/e","n/e","0","82","149","241"
"BZN|DK2","13.10.2018 00:00 - 13.10.2018 01:00 (CET/CEST)","166","n/e","n/e","18","156","6","n/e","n/e","n/e","n/e","n/e","n/e","n/e","n/e","n/e","n/e","n/e","0","82","169","237"
"BZN|DK2","13.10.2018 01:00 - 13.10.2018 02:00 (CET/CEST)","143","n/e","n/e","18","151","6","n/e","n/e","n/e","n/e","n/e","n/e","n/e","n/e","n/e","n/e","n/e","0","82","209","239"
"BZN|DK2","13.10.2018 02:00 - 13.10.2018 03:00 (CET/CEST)","145","n/e","n/e","18","153","6","n/e","n/e","n/e","n/e","n/e","n/e","n/e","n/e","n/e","n/e","n/e","0","83","179","254"
"BZN|DK2","13.10.2018 03:00 - 13.10.2018 04:00 (CET/CEST)","145","n/e","n/e","18","154","6","n/e","n/e","n/e","n/e","n/e","n/e","n/e","n/e","n/e","n/e","n/e","0","83","203","254"
"BZN|DK2","13.10.2018 04:00 - 13.10.2018 05:00 (CET/CEST)","149","n/e","n/e","18","158","6","n/e","n/e","n/e","n/e","n/e","n/e","n/e","n/e","n/e","n/e","n/e","0","82","231","233"
"BZN|DK2","13.10.2018 05:00 - 13.10.2018 06:00 (CET/CEST)","149","n/e","n/e","18","157","6","n/e","n/e","n/e","n/e","n/e","n/e","n/e","n/e","n/e","n/e","n/e","0","82","171","200"
"BZN|DK2","13.10.2018 06:00 - 13.10.2018 07:00 (CET/CEST)","149","n/e","n/e","17","155","6","n/e","n/e","n/e","n/e","n/e","n/e","n/e","n/e","n/e","n/e","n/e","0","82","215","168"
"BZN|DK2","13.10.2018 07:00 - 13.10.2018 08:00 (CET/CEST)","153","n/e","n/e","18","145","6","n/e","n/e","n/e","n/e","n/e","n/e","n/e","n/e","n/e","n/e","n/e","1","83","191","169"
"BZN|DK2","13.10.2018 08:00 - 13.10.2018 09:00 (CET/CEST)","153","n/e","n/e","18","147","6","n/e","n/e","n/e","n/e","n/e","n/e","n/e","n/e","n/e","n/e","n/e","24","83","181","173"
"BZN|DK2","13.10.2018 09:00 - 13.10.2018 10:00 (CET/CEST)","164","n/e","n/e","19","155","7","n/e","n/e","n/e","n/e","n/e","n/e","n/e","n/e","n/e","n/e","n/e","67","83","182","153"
"BZN|DK2","13.10.2018 10:00 - 13.10.2018 11:00 (CET/CEST)","251","n/e","n/e","31","167","8","n/e","n/e","n/e","n/e","n/e","n/e","n/e","n/e","n/e","n/e","n/e","106","83","148","133"
"BZN|DK2","13.10.2018 11:00 - 13.10.2018 12:00 (CET/CEST)","337","n/e","n/e","33","197","7","n/e","n/e","n/e","n/e","n/e","n/e","n/e","n/e","n/e","n/e","n/e","136","83","124","138"
"BZN|DK2","13.10.2018 12:00 - 13.10.2018 13:00 (CET/CEST)","238","n/e","n/e","20","166","7","n/e","n/e","n/e","n/e","n/e","n/e","n/e","n/e","n/e","n/e","n/e","156","82","109","153"
"BZN|DK2","13.10.2018 13:00 - 13.10.2018 14:00 (CET/CEST)","182","n/e","n/e","20","156","7","n/e","n/e","n/e","n/e","n/e","n/e","n/e","n/e","n/e","n/e","n/e","158","81","81","159"
"BZN|DK2","13.10.2018 14:00 - 13.10.2018 15:00 (CET/CEST)","158","n/e","n/e","19","149","6","n/e","n/e","n/e","n/e","n/e","n/e","n/e","n/e","n/e","n/e","n/e","143","81","75","184"
"BZN|DK2","13.10.2018 15:00 - 13.10.2018 16:00 (CET/CEST)","159","n/e","n/e","18","148","6","n/e","n/e","n/e","n/e","n/e","n/e","n/e","n/e","n/e","n/e","n/e","111","79","111","175"
"BZN|DK2","13.10.2018 16:00 - 13.10.2018 17:00 (CET/CEST)","157","n/e","n/e","18","147","6","n/e","n/e","n/e","n/e","n/e","n/e","n/e","n/e","n/e","n/e","n/e","62","76","174","166"
"BZN|DK2","13.10.2018 17:00 - 13.10.2018 18:00 (CET/CEST)","153","n/e","n/e","19","152","7","n/e","n/e","n/e","n/e","n/e","n/e","n/e","n/e","n/e","n/e","n/e","19","74","184","190"
"BZN|DK2","13.10.2018 18:00 - 13.10.2018 19:00 (CET/CEST)","185","n/e","n/e","20","155","7","n/e","n/e","n/e","n/e","n/e","n/e","n/e","n/e","n/e","n/e","n/e","1","74","255","225"
"BZN|DK2","13.10.2018 19:00 - 13.10.2018 20:00 (CET/CEST)","145","n/e","n/e","19","146","7","n/e","n/e","n/e","n/e","n/e","n/e","n/e","n/e","n/e","n/e","n/e","0","75","316","273"
"BZN|DK2","13.10.2018 20:00 - 13.10.2018 21:00 (CET/CEST)","146","n/e","n/e","18","146","6","n/e","n/e","n/e","n/e","n/e","n/e","n/e","n/e","n/e","n/e","n/e","0","76","340","307"
"BZN|DK2","13.10.2018 21:00 - 13.10.2018 22:00 (CET/CEST)","152","n/e","n/e","18","156","6","n/e","n/e","n/e","n/e","n/e","n/e","n/e","n/e","n/e","n/e","n/e","0","76","342","354"
"BZN|DK2","13.10.2018 22:00 - 13.10.2018 23:00 (CET/CEST)","148","n/e","n/e","18","149","6","n/e","n/e","n/e","n/e","n/e","n/e","n/e","n/e","n/e","n/e","n/e","0","76","264","317"
"BZN|DK2","13.10.2018 23:00 - 14.10.2018 00:00 (CET/CEST)","148","n/e","n/e","17","152","6","n/e","n/e","n/e","n/e","n/e","n/e","n/e","n/e","n/e","n/e","n/e","0","75","247","317"
"BZN|DK2","14.10.2018 00:00 - 14.10.2018 01:00 (CET/CEST)","153","n/e","n/e","17","156","6","n/e","n/e","n/e","n/e","n/e","n/e","n/e","n/e","n/e","n/e","n/e","0","75","256","303"
"BZN|DK2","14.10.2018 01:00 - 14.10.2018 02:00 (CET/CEST)","153","n/e","n/e","17","157","6","n/e","n/e","n/e","n/e","n/e","n/e","n/e","n/e","n/e","n/e","n/e","0","75","264","281"
"BZN|DK2","14.10.2018 02:00 - 14.10.2018 03:00 (CET/CEST)","152","n/e","n/e","17","156","6","n/e","n/e","n/e","n/e","n/e","n/e","n/e","n/e","n/e","n/e","n/e","0","75","225","252"
"BZN|DK2","14.10.2018 03:00 - 14.10.2018 04:00 (CET/CEST)","151","n/e","n/e","17","155","6","n/e","n/e","n/e","n/e","n/e","n/e","n/e","n/e","n/e","n/e","n/e","0","75","134","234"
"BZN|DK2","14.10.2018 04:00 - 14.10.2018 05:00 (CET/CEST)","154","n/e","n/e","17","157","6","n/e","n/e","n/e","n/e","n/e","n/e","n/e","n/e","n/e","n/e","n/e","0","77","95","221"
"BZN|DK2","14.10.2018 05:00 - 14.10.2018 06:00 (CET/CEST)","159","n/e","n/e","17","152","6","n/e","n/e","n/e","n/e","n/e","n/e","n/e","n/e","n/e","n/e","n/e","0","76","106","225"
"BZN|DK2","14.10.2018 06:00 - 14.10.2018 07:00 (CET/CEST)","172","n/e","n/e","17","151","6","n/e","n/e","n/e","n/e","n/e","n/e","n/e","n/e","n/e","n/e","n/e","0","77","211","269"
"BZN|DK2","14.10.2018 07:00 - 14.10.2018 08:00 (CET/CEST)","232","n/e","n/e","17","153","6","n/e","n/e","n/e","n/e","n/e","n/e","n/e","n/e","n/e","n/e","n/e","1","77","253","264"
"BZN|DK2","14.10.2018 08:00 - 14.10.2018 09:00 (CET/CEST)","172","n/e","n/e","18","153","11","n/e","n/e","n/e","n/e","n/e","n/e","n/e","n/e","n/e","n/e","n/e","18","77","242","302"
"BZN|DK2","14.10.2018 09:00 - 14.10.2018 10:00 (CET/CEST)","147","n/e","n/e","18","148","16","n/e","n/e","n/e","n/e","n/e","n/e","n/e","n/e","n/e","n/e","n/e","65","77","223","286"
"BZN|DK2","14.10.2018 10:00 - 14.10.2018 11:00 (CET/CEST)","156","n/e","n/e","18","159","16","n/e","n/e","n/e","n/e","n/e","n/e","n/e","n/e","n/e","n/e","n/e","116","77","175","277"
"BZN|DK2","14.10.2018 11:00 - 14.10.2018 12:00 (CET/CEST)","156","n/e","n/e","18","150","16","n/e","n/e","n/e","n/e","n/e","n/e","n/e","n/e","n/e","n/e","n/e","152","76","127","243"
"BZN|DK2","14.10.2018 12:00 - 14.10.2018 13:00 (CET/CEST)","165","n/e","n/e","16","142","16","n/e","n/e","n/e","n/e","n/e","n/e","n/e","n/e","n/e","n/e","n/e","170","76","81","243"
"BZN|DK2","14.10.2018 13:00 - 14.10.2018 14:00 (CET/CEST)","193","n/e","n/e","17","151","8","n/e","n/e","n/e","n/e","n/e","n/e","n/e","n/e","n/e","n/e","n/e","171","76","117","246"
"BZN|DK2","14.10.2018 14:00 - 14.10.2018 15:00 (CET/CEST)","218","n/e","n/e","17","157","6","n/e","n/e","n/e","n/e","n/e","n/e","n/e","n/e","n/e","n/e","n/e","155","76","157","273"
"BZN|DK2","14.10.2018 15:00 - 14.10.2018 16:00 (CET/CEST)","217","n/e","n/e","17","154","6","n/e","n/e","n/e","n/e","n/e","n/e","n/e","n/e","n/e","n/e","n/e","120","76","180","263"
"BZN|DK2","14.10.2018 16:00 - 14.10.2018 17:00 (CET/CEST)","215","n/e","n/e","17","147","6","n/e","n/e","n/e","n/e","n/e","n/e","n/e","n/e","n/e","n/e","n/e","69","74","249","260"
"BZN|DK2","14.10.2018 17:00 - 14.10.2018 18:00 (CET/CEST)","235","n/e","n/e","17","153","6","n/e","n/e","n/e","n/e","n/e","n/e","n/e","n/e","n/e","n/e","n/e","19","74","293","294"
"BZN|DK2","14.10.2018 18:00 - 14.10.2018 19:00 (CET/CEST)","236","n/e","n/e","18","145","6","n/e","n/e","n/e","n/e","n/e","n/e","n/e","n/e","n/e","n/e","n/e","0","76","350","362"
"BZN|DK2","14.10.2018 19:00 - 14.10.2018 20:00 (CET/CEST)","235","n/e","n/e","18","143","6","n/e","n/e","n/e","n/e","n/e","n/e","n/e","n/e","n/e","n/e","n/e","0","75","351","375"
"BZN|DK2","14.10.2018 20:00 - 14.10.2018 21:00 (CET/CEST)","227","n/e","n/e","18","148","6","n/e","n/e","n/e","n/e","n/e","n/e","n/e","n/e","n/e","n/e","n/e","0","76","337","361"
"BZN|DK2","14.10.2018 21:00 - 14.10.2018 22:00 (CET/CEST)","227","n/e","n/e","18","149","6","n/e","n/e","n/e","n/e","n/e","n/e","n/e","n/e","n/e","n/e","n/e","0","76","302","334"
"BZN|DK2","14.10.2018 22:00 - 14.10.2018 23:00 (CET/CEST)","230","n/e","n/e","17","154","6","n/e","n/e","n/e","n/e","n/e","n/e","n/e","n/e","n/e","n/e","n/e","0","76","215","299"
"BZN|DK2","14.10.2018 23:00 - 15.10.2018 00:00 (CET/CEST)","225","n/e","n/e","17","147","6","n/e","n/e","n/e","n/e","n/e","n/e","n/e","n/e","n/e","n/e","n/e","0","77","145","249"
"BZN|DK2","15.10.2018 00:00 - 15.10.2018 01:00 (CET/CEST)","228","n/e","n/e","17","145","6","n/e","n/e","n/e","n/e","n/e","n/e","n/e","n/e","n/e","n/e","n/e","0","81","146","186"
"BZN|DK2","15.10.2018 01:00 - 15.10.2018 02:00 (CET/CEST)","217","n/e","n/e","17","139","6","n/e","n/e","n/e","n/e","n/e","n/e","n/e","n/e","n/e","n/e","n/e","0","81","119","152"
"BZN|DK2","15.10.2018 02:00 - 15.10.2018 03:00 (CET/CEST)","170","n/e","n/e","17","144","6","n/e","n/e","n/e","n/e","n/e","n/e","n/e","n/e","n/e","n/e","n/e","0","81","117","136"
"BZN|DK2","15.10.2018 03:00 - 15.10.2018 04:00 (CET/CEST)","211","n/e","n/e","17","139","6","n/e","n/e","n/e","n/e","n/e","n/e","n/e","n/e","n/e","n/e","n/e","0","81","83","158"
"BZN|DK2","15.10.2018 04:00 - 15.10.2018 05:00 (CET/CEST)","206","n/e","n/e","17","152","6","n/e","n/e","n/e","n/e","n/e","n/e","n/e","n/e","n/e","n/e","n/e","0","81","65","127"
"BZN|DK2","15.10.2018 05:00 - 15.10.2018 06:00 (CET/CEST)","248","n/e","n/e","19","159","6","n/e","n/e","n/e","n/e","n/e","n/e","n/e","n/e","n/e","n/e","n/e","0","81","86","117"
"BZN|DK2","15.10.2018 06:00 - 15.10.2018 07:00 (CET/CEST)","412","n/e","n/e","55","175","8","n/e","n/e","n/e","n/e","n/e","n/e","n/e","n/e","n/e","n/e","n/e","0","81","78","123"
"BZN|DK2","15.10.2018 07:00 - 15.10.2018 08:00 (CET/CEST)","503","n/e","n/e","42","282","10","n/e","n/e","n/e","n/e","n/e","n/e","n/e","n/e","n/e","n/e","n/e","1","81","84","105"
"BZN|DK2","15.10.2018 08:00 - 15.10.2018 09:00 (CET/CEST)","525","n/e","n/e","43","263","11","n/e","n/e","n/e","n/e","n/e","n/e","n/e","n/e","n/e","n/e","n/e","18","81","66","103"
"BZN|DK2","15.10.2018 09:00 - 15.10.2018 10:00 (CET/CEST)","469","n/e","n/e","40","221","11","n/e","n/e","n/e","n/e","n/e","n/e","n/e","n/e","n/e","n/e","n/e","63","82","82","74"
"BZN|DK2","15.10.2018 10:00 - 15.10.2018 11:00 (CET/CEST)","404","n/e","n/e","40","166","9","n/e","n/e","n/e","n/e","n/e","n/e","n/e","n/e","n/e","n/e","n/e","113","79","61","59"
"BZN|DK2","15.10.2018 11:00 - 15.10.2018 12:00 (CET/CEST)","344","n/e","n/e","28","152","8","n/e","n/e","n/e","n/e","n/e","n/e","n/e","n/e","n/e","n/e","n/e","150","78","34","32"
"BZN|DK2","15.10.2018 12:00 - 15.10.2018 13:00 (CET/CEST)","358","n/e","n/e","24","158","8","n/e","n/e","n/e","n/e","n/e","n/e","n/e","n/e","n/e","n/e","n/e","168","78","25","31"
"BZN|DK2","15.10.2018 13:00 - 15.10.2018 14:00 (CET/CEST)","388","n/e","n/e","21","164","7","n/e","n/e","n/e","n/e","n/e","n/e","n/e","n/e","n/e","n/e","n/e","168","80","11","31"
"BZN|DK2","15.10.2018 14:00 - 15.10.2018 15:00 (CET/CEST)","356","n/e","n/e","22","164","7","n/e","n/e","n/e","n/e","n/e","n/e","n/e","n/e","n/e","n/e","n/e","151","79","5","29"
"BZN|DK2","15.10.2018 15:00 - 15.10.2018 16:00 (CET/CEST)","377","n/e","n/e","24","178","8","n/e","n/e","n/e","n/e","n/e","n/e","n/e","n/e","n/e","n/e","n/e","117","84","16","35"
"BZN|DK2","15.10.2018 16:00 - 15.10.2018 17:00 (CET/CEST)","417","n/e","n/e","28","251","9","n/e","n/e","n/e","n/e","n/e","n/e","n/e","n/e","n/e","n/e","n/e","67","84","35","52"
"BZN|DK2","15.10.2018 17:00 - 15.10.2018 18:00 (CET/CEST)","414","n/e","n/e","40","216","9","n/e","n/e","n/e","n/e","n/e","n/e","n/e","n/e","n/e","n/e","n/e","17","69","51","73"
"BZN|DK2","15.10.2018 18:00 - 15.10.2018 19:00 (CET/CEST)","552","n/e","n/e","38","187","9","n/e","n/e","n/e","n/e","n/e","n/e","n/e","n/e","n/e","n/e","n/e","0","63","64","82"
"BZN|DK2","15.10.2018 19:00 - 15.10.2018 20:00 (CET/CEST)","484","n/e","n/e","35","184","9","n/e","n/e","n/e","n/e","n/e","n/e","n/e","n/e","n/e","n/e","n/e","0","69","64","91"
"BZN|DK2","15.10.2018 20:00 - 15.10.2018 21:00 (CET/CEST)","460","n/e","n/e","34","159","8","n/e","n/e","n/e","n/e","n/e","n/e","n/e","n/e","n/e","n/e","n/e","0","83","71","100"
"BZN|DK2","15.10.2018 21:00 - 15.10.2018 22:00 (CET/CEST)","362","n/e","n/e","30","159","7","n/e","n/e","n/e","n/e","n/e","n/e","n/e","n/e","n/e","n/e","n/e","0","84","128","94"
"BZN|DK2","15.10.2018 22:00 - 15.10.2018 23:00 (CET/CEST)","332","n/e","n/e","27","157","6","n/e","n/e","n/e","n/e","n/e","n/e","n/e","n/e","n/e","n/e","n/e","0","83","142","68"
"BZN|DK2","15.10.2018 23:00 - 16.10.2018 00:00 (CET/CEST)","355","n/e","n/e","27","158","6","n/e","n/e","n/e","n/e","n/e","n/e","n/e","n/e","n/e","n/e","n/e","0","83","158","67"
"BZN|DK2","16.10.2018 00:00 - 16.10.2018 01:00 (CET/CEST)","368","n/e","n/e","21","151","6","n/e","n/e","n/e","n/e","n/e","n/e","n/e","n/e","n/e","n/e","n/e","0","82","149","67"
"BZN|DK2","16.10.2018 01:00 - 16.10.2018 02:00 (CET/CEST)","323","n/e","n/e","17","135","6","n/e","n/e","n/e","n/e","n/e","n/e","n/e","n/e","n/e","n/e","n/e","0","82","89","51"
"BZN|DK2","16.10.2018 02:00 - 16.10.2018 03:00 (CET/CEST)","315","n/e","n/e","18","136","6","n/e","n/e","n/e","n/e","n/e","n/e","n/e","n/e","n/e","n/e","n/e","0","82","55","41"
"BZN|DK2","16.10.2018 03:00 - 16.10.2018 04:00 (CET/CEST)","276","n/e","n/e","17","135","6","n/e","n/e","n/e","n/e","n/e","n/e","n/e","n/e","n/e","n/e","n/e","0","82","29","32"
"BZN|DK2","16.10.2018 04:00 - 16.10.2018 05:00 (CET/CEST)","366","n/e","n/e","18","129","6","n/e","n/e","n/e","n/e","n/e","n/e","n/e","n/e","n/e","n/e","n/e","0","82","24","23"
"BZN|DK2","16.10.2018 05:00 - 16.10.2018 06:00 (CET/CEST)","470","n/e","n/e","29","141","7","n/e","n/e","n/e","n/e","n/e","n/e","n/e","n/e","n/e","n/e","n/e","0","84","30","15"
"BZN|DK2","16.10.2018 06:00 - 16.10.2018 07:00 (CET/CEST)","501","n/e","n/e","31","242","8","n/e","n/e","n/e","n/e","n/e","n/e","n/e","n/e","n/e","n/e","n/e","0","84","36","9"
"BZN|DK2","16.10.2018 07:00 - 16.10.2018 08:00 (CET/CEST)","534","n/e","n/e","92","270","12","n/e","n/e","n/e","n/e","n/e","n/e","n/e","n/e","n/e","n/e","n/e","0","86","18","6"
"BZN|DK2","16.10.2018 08:00 - 16.10.2018 09:00 (CET/CEST)","534","n/e","n/e","104","261","16","n/e","n/e","n/e","n/e","n/e","n/e","n/e","n/e","n/e","n/e","n/e","15","84","13","7"
"BZN|DK2","16.10.2018 09:00 - 16.10.2018 10:00 (CET/CEST)","545","n/e","n/e","54","259","21","n/e","n/e","n/e","n/e","n/e","n/e","n/e","n/e","n/e","n/e","n/e","50","83","4","12"
"BZN|DK2","16.10.2018 10:00 - 16.10.2018 11:00 (CET/CEST)","526","n/e","n/e","31","248","20","n/e","n/e","n/e","n/e","n/e","n/e","n/e","n/e","n/e","n/e","n/e","85","84","19","13"
"BZN|DK2","16.10.2018 11:00 - 16.10.2018 12:00 (CET/CEST)","541","n/e","n/e","29","241","19","n/e","n/e","n/e","n/e","n/e","n/e","n/e","n/e","n/e","n/e","n/e","112","84","6","8"
"BZN|DK2","16.10.2018 12:00 - 16.10.2018 13:00 (CET/CEST)","535","n/e","n/e","24","241","18","n/e","n/e","n/e","n/e","n/e","n/e","n/e","n/e","n/e","n/e","n/e","141","83","1","8"
"BZN|DK2","16.10.2018 13:00 - 16.10.2018 14:00 (CET/CEST)","533","n/e","n/e","24","244","18","n/e","n/e","n/e","n/e","n/e","n/e","n/e","n/e","n/e","n/e","n/e","152","83","1","8"
"BZN|DK2","16.10.2018 14:00 - 16.10.2018 15:00 (CET/CEST)","493","n/e","n/e","30","237","16","n/e","n/e","n/e","n/e","n/e","n/e","n/e","n/e","n/e","n/e","n/e","138","83","0","12"
"BZN|DK2","16.10.2018 15:00 - 16.10.2018 16:00 (CET/CEST)","501","n/e","n/e","29","265","10","n/e","n/e","n/e","n/e","n/e","n/e","n/e","n/e","n/e","n/e","n/e","103","83","0","13"
"BZN|DK2","16.10.2018 16:00 - 16.10.2018 17:00 (CET/CEST)","501","n/e","n/e","28","275","8","n/e","n/e","n/e","n/e","n/e","n/e","n/e","n/e","n/e","n/e","n/e","57","82","1","12"
"BZN|DK2","16.10.2018 17:00 - 16.10.2018 18:00 (CET/CEST)","574","n/e","n/e","42","288","10","n/e","n/e","n/e","n/e","n/e","n/e","n/e","n/e","n/e","n/e","n/e","12","83","1","14"
"BZN|DK2","16.10.2018 18:00 - 16.10.2018 19:00 (CET/CEST)","577","n/e","n/e","107","295","12","n/e","n/e","n/e","n/e","n/e","n/e","n/e","n/e","n/e","n/e","n/e","0","85","1","15"
"BZN|DK2","16.10.2018 19:00 - 16.10.2018 20:00 (CET/CEST)","573","n/e","n/e","115","286","12","n/e","n/e","n/e","n/e","n/e","n/e","n/e","n/e","n/e","n/e","n/e","0","86","1","15"
"BZN|DK2","16.10.2018 20:00 - 16.10.2018 21:00 (CET/CEST)","544","n/e","n/e","40","257","8","n/e","n/e","n/e","n/e","n/e","n/e","n/e","n/e","n/e","n/e","n/e","0","83","1","13"
"BZN|DK2","16.10.2018 21:00 - 16.10.2018 22:00 (CET/CEST)","381","n/e","n/e","28","192","7","n/e","n/e","n/e","n/e","n/e","n/e","n/e","n/e","n/e","n/e","n/e","0","84","0","11"
"BZN|DK2","16.10.2018 22:00 - 16.10.2018 23:00 (CET/CEST)","316","n/e","n/e","24","147","7","n/e","n/e","n/e","n/e","n/e","n/e","n/e","n/e","n/e","n/e","n/e","0","81","0","11"
"BZN|DK2","16.10.2018 23:00 - 17.10.2018 00:00 (CET/CEST)","309","n/e","n/e","20","150","7","n/e","n/e","n/e","n/e","n/e","n/e","n/e","n/e","n/e","n/e","n/e","0","79","0","12"
"BZN|DK2","17.10.2018 00:00 - 17.10.2018 01:00 (CET/CEST)","288","n/e","n/e","18","153","6","n/e","n/e","n/e","n/e","n/e","n/e","n/e","n/e","n/e","n/e","n/e","0","81","0","13"
"BZN|DK2","17.10.2018 01:00 - 17.10.2018 02:00 (CET/CEST)","293","n/e","n/e","17","137","6","n/e","n/e","n/e","n/e","n/e","n/e","n/e","n/e","n/e","n/e","n/e","0","82","0","15"
"BZN|DK2","17.10.2018 02:00 - 17.10.2018 03:00 (CET/CEST)","370","n/e","n/e","17","124","6","n/e","n/e","n/e","n/e","n/e","n/e","n/e","n/e","n/e","n/e","n/e","0","83","0","14"
"BZN|DK2","17.10.2018 03:00 - 17.10.2018 04:00 (CET/CEST)","308","n/e","n/e","17","127","6","n/e","n/e","n/e","n/e","n/e","n/e","n/e","n/e","n/e","n/e","n/e","0","83","0","13"
"BZN|DK2","17.10.2018 04:00 - 17.10.2018 05:00 (CET/CEST)","311","n/e","n/e","17","124","6","n/e","n/e","n/e","n/e","n/e","n/e","n/e","n/e","n/e","n/e","n/e","0","83","0","14"
"BZN|DK2","17.10.2018 05:00 - 17.10.2018 06:00 (CET/CEST)","371","n/e","n/e","17","152","6","n/e","n/e","n/e","n/e","n/e","n/e","n/e","n/e","n/e","n/e","n/e","0","83","0","20"
"BZN|DK2","17.10.2018 06:00 - 17.10.2018 07:00 (CET/CEST)","492","n/e","n/e","21","257","7","n/e","n/e","n/e","n/e","n/e","n/e","n/e","n/e","n/e","n/e","n/e","0","79","0","29"
"BZN|DK2","17.10.2018 07:00 - 17.10.2018 08:00 (CET/CEST)","492","n/e","n/e","45","265","11","n/e","n/e","n/e","n/e","n/e","n/e","n/e","n/e","n/e","n/e","n/e","0","82","0","31"
"BZN|DK2","17.10.2018 08:00 - 17.10.2018 09:00 (CET/CEST)","522","n/e","n/e","84","262","20","n/e","n/e","n/e","n/e","n/e","n/e","n/e","n/e","n/e","n/e","n/e","14","83","0","36"
"BZN|DK2","17.10.2018 09:00 - 17.10.2018 10:00 (CET/CEST)","523","n/e","n/e","98","279","21","n/e","n/e","n/e","n/e","n/e","n/e","n/e","n/e","n/e","n/e","n/e","44","83","0","36"
"BZN|DK2","17.10.2018 10:00 - 17.10.2018 11:00 (CET/CEST)","452","n/e","n/e","98","237","20","n/e","n/e","n/e","n/e","n/e","n/e","n/e","n/e","n/e","n/e","n/e","72","79","1","29"
"BZN|DK2","17.10.2018 11:00 - 17.10.2018 12:00 (CET/CEST)","418","n/e","n/e","97","225","19","n/e","n/e","n/e","n/e","n/e","n/e","n/e","n/e","n/e","n/e","n/e","99","80","1","24"
"BZN|DK2","17.10.2018 12:00 - 17.10.2018 13:00 (CET/CEST)","363","n/e","n/e","95","156","18","n/e","n/e","n/e","n/e","n/e","n/e","n/e","n/e","n/e","n/e","n/e","128","81","1","23"
"BZN|DK2","17.10.2018 13:00 - 17.10.2018 14:00 (CET/CEST)","371","n/e","n/e","82","149","18","n/e","n/e","n/e","n/e","n/e","n/e","n/e","n/e","n/e","n/e","n/e","135","83","1","21"
"BZN|DK2","17.10.2018 14:00 - 17.10.2018 15:00 (CET/CEST)","364","n/e","n/e","81","162","17","n/e","n/e","n/e","n/e","n/e","n/e","n/e","n/e","n/e","n/e","n/e","121","83","1","20"
"BZN|DK2","17.10.2018 15:00 - 17.10.2018 16:00 (CET/CEST)","504","n/e","n/e","30","239","12","n/e","n/e","n/e","n/e","n/e","n/e","n/e","n/e","n/e","n/e","n/e","82","83","1","16"
"BZN|DK2","17.10.2018 16:00 - 17.10.2018 17:00 (CET/CEST)","481","n/e","n/e","23","234","8","n/e","n/e","n/e","n/e","n/e","n/e","n/e","n/e","n/e","n/e","n/e","46","83","1","15"
"BZN|DK2","17.10.2018 17:00 - 17.10.2018 18:00 (CET/CEST)","527","n/e","n/e","28","279","9","n/e","n/e","n/e","n/e","n/e","n/e","n/e","n/e","n/e","n/e","n/e","12","83","0","17"
"BZN|DK2","17.10.2018 18:00 - 17.10.2018 19:00 (CET/CEST)","525","n/e","n/e","63","290","10","n/e","n/e","n/e","n/e","n/e","n/e","n/e","n/e","n/e","n/e","n/e","0","83","2","20"
"BZN|DK2","17.10.2018 19:00 - 17.10.2018 20:00 (CET/CEST)","524","n/e","n/e","97","290","11","n/e","n/e","n/e","n/e","n/e","n/e","n/e","n/e","n/e","n/e","n/e","0","83","4","26"
"BZN|DK2","17.10.2018 20:00 - 17.10.2018 21:00 (CET/CEST)","520","n/e","n/e","59","281","10","n/e","n/e","n/e","n/e","n/e","n/e","n/e","n/e","n/e","n/e","n/e","0","82","4","27"
"BZN|DK2","17.10.2018 21:00 - 17.10.2018 22:00 (CET/CEST)","471","n/e","n/e","24","248","8","n/e","n/e","n/e","n/e","n/e","n/e","n/e","n/e","n/e","n/e","n/e","0","82","7","23"
"BZN|DK2","17.10.2018 22:00 - 17.10.2018 23:00 (CET/CEST)","391","n/e","n/e","20","158","7","n/e","n/e","n/e","n/e","n/e","n/e","n/e","n/e","n/e","n/e","n/e","0","83","13","17"
"BZN|DK2","17.10.2018 23:00 - 18.10.2018 00:00 (CET/CEST)","388","n/e","n/e","18","145","6","n/e","n/e","n/e","n/e","n/e","n/e","n/e","n/e","n/e","n/e","n/e","0","84","13","15"
"BZN|DK2","18.10.2018 00:00 - 18.10.2018 01:00 (CET/CEST)","367","n/e","n/e","19","154","6","n/e","n/e","n/e","n/e","n/e","n/e","n/e","n/e","n/e","n/e","n/e","0","83","3","19"
"BZN|DK2","18.10.2018 01:00 - 18.10.2018 02:00 (CET/CEST)","374","n/e","n/e","19","151","7","n/e","n/e","n/e","n/e","n/e","n/e","n/e","n/e","n/e","n/e","n/e","0","83","5","26"
"BZN|DK2","18.10.2018 02:00 - 18.10.2018 03:00 (CET/CEST)","393","n/e","n/e","19","150","7","n/e","n/e","n/e","n/e","n/e","n/e","n/e","n/e","n/e","n/e","n/e","0","83","40","35"
"BZN|DK2","18.10.2018 03:00 - 18.10.2018 04:00 (CET/CEST)","354","n/e","n/e","18","148","6","n/e","n/e","n/e","n/e","n/e","n/e","n/e","n/e","n/e","n/e","n/e","0","83","62","40"
"BZN|DK2","18.10.2018 04:00 - 18.10.2018 05:00 (CET/CEST)","368","n/e","n/e","18","137","6","n/e","n/e","n/e","n/e","n/e","n/e","n/e","n/e","n/e","n/e","n/e","0","83","38","43"
"BZN|DK2","18.10.2018 05:00 - 18.10.2018 06:00 (CET/CEST)","320","n/e","n/e","29","145","6","n/e","n/e","n/e","n/e","n/e","n/e","n/e","n/e","n/e","n/e","n/e","0","83","46","53"
"BZN|DK2","18.10.2018 06:00 - 18.10.2018 07:00 (CET/CEST)","427","n/e","n/e","30","162","7","n/e","n/e","n/e","n/e","n/e","n/e","n/e","n/e","n/e","n/e","n/e","0","83","39","80"
"BZN|DK2","18.10.2018 07:00 - 18.10.2018 08:00 (CET/CEST)","469","n/e","n/e","32","272","9","n/e","n/e","n/e","n/e","n/e","n/e","n/e","n/e","n/e","n/e","n/e","0","84","68","96"
"BZN|DK2","18.10.2018 08:00 - 18.10.2018 09:00 (CET/CEST)","510","n/e","n/e","56","284","10","n/e","n/e","n/e","n/e","n/e","n/e","n/e","n/e","n/e","n/e","n/e","4","83","72","101"
"BZN|DK2","18.10.2018 09:00 - 18.10.2018 10:00 (CET/CEST)","519","n/e","n/e","54","275","10","n/e","n/e","n/e","n/e","n/e","n/e","n/e","n/e","n/e","n/e","n/e","21","81","43","146"
"BZN|DK2","18.10.2018 10:00 - 18.10.2018 11:00 (CET/CEST)","457","n/e","n/e","38","275","9","n/e","n/e","n/e","n/e","n/e","n/e","n/e","n/e","n/e","n/e","n/e","67","83","65","189"
"BZN|DK2","18.10.2018 11:00 - 18.10.2018 12:00 (CET/CEST)","414","n/e","n/e","26","268","8","n/e","n/e","n/e","n/e","n/e","n/e","n/e","n/e","n/e","n/e","n/e","110","82","103","234"
"BZN|DK2","18.10.2018 12:00 - 18.10.2018 13:00 (CET/CEST)","358","n/e","n/e","22","231","7","n/e","n/e","n/e","n/e","n/e","n/e","n/e","n/e","n/e","n/e","n/e","143","83","141","278"
"BZN|DK2","18.10.2018 13:00 - 18.10.2018 14:00 (CET/CEST)","337","n/e","n/e","22","201","10","n/e","n/e","n/e","n/e","n/e","n/e","n/e","n/e","n/e","n/e","n/e","161","83","145","272"
"BZN|DK2","18.10.2018 14:00 - 18.10.2018 15:00 (CET/CEST)","433","n/e","n/e","20","193","16","n/e","n/e","n/e","n/e","n/e","n/e","n/e","n/e","n/e","n/e","n/e","147","83","134","221"
"BZN|DK2","18.10.2018 15:00 - 18.10.2018 16:00 (CET/CEST)","426","n/e","n/e","20","197","17","n/e","n/e","n/e","n/e","n/e","n/e","n/e","n/e","n/e","n/e","n/e","111","84","108","252"
"BZN|DK2","18.10.2018 16:00 - 18.10.2018 17:00 (CET/CEST)","452","n/e","n/e","22","203","17","n/e","n/e","n/e","n/e","n/e","n/e","n/e","n/e","n/e","n/e","n/e","61","84","139","228"
"BZN|DK2","18.10.2018 17:00 - 18.10.2018 18:00 (CET/CEST)","452","n/e","n/e","42","211","20","n/e","n/e","n/e","n/e","n/e","n/e","n/e","n/e","n/e","n/e","n/e","15","85","128","142"
"BZN|DK2","18.10.2018 18:00 - 18.10.2018 19:00 (CET/CEST)","527","n/e","n/e","46","279","20","n/e","n/e","n/e","n/e","n/e","n/e","n/e","n/e","n/e","n/e","n/e","0","84","89","110"
"BZN|DK2","18.10.2018 19:00 - 18.10.2018 20:00 (CET/CEST)","525","n/e","n/e","49","270","20","n/e","n/e","n/e","n/e","n/e","n/e","n/e","n/e","n/e","n/e","n/e","0","84","65","88"
"BZN|DK2","18.10.2018 20:00 - 18.10.2018 21:00 (CET/CEST)","514","n/e","n/e","44","214","19","n/e","n/e","n/e","n/e","n/e","n/e","n/e","n/e","n/e","n/e","n/e","0","83","39","86"
"BZN|DK2","18.10.2018 21:00 - 18.10.2018 22:00 (CET/CEST)","413","n/e","n/e","30","187","10","n/e","n/e","n/e","n/e","n/e","n/e","n/e","n/e","n/e","n/e","n/e","0","83","27","99"
"BZN|DK2","18.10.2018 22:00 - 18.10.2018 23:00 (CET/CEST)","441","n/e","n/e","27","145","7","n/e","n/e","n/e","n/e","n/e","n/e","n/e","n/e","n/e","n/e","n/e","0","82","34","106"
"BZN|DK2","18.10.2018 23:00 - 19.10.2018 00:00 (CET/CEST)","399","n/e","n/e","20","142","6","n/e","n/e","n/e","n/e","n/e","n/e","n/e","n/e","n/e","n/e","n/e","0","83","31","84"
"BZN|DK2","19.10.2018 00:00 - 19.10.2018 01:00 (CET/CEST)","381","n/e","n/e","18","140","6","n/e","n/e","n/e","n/e","n/e","n/e","n/e","n/e","n/e","n/e","n/e","0","83","25","58"
"BZN|DK2","19.10.2018 01:00 - 19.10.2018 02:00 (CET/CEST)","380","n/e","n/e","18","141","6","n/e","n/e","n/e","n/e","n/e","n/e","n/e","n/e","n/e","n/e","n/e","0","83","19","43"
"BZN|DK2","19.10.2018 02:00 - 19.10.2018 03:00 (CET/CEST)","377","n/e","n/e","18","145","6","n/e","n/e","n/e","n/e","n/e","n/e","n/e","n/e","n/e","n/e","n/e","0","83","12","38"
"BZN|DK2","19.10.2018 03:00 - 19.10.2018 04:00 (CET/CEST)","395","n/e","n/e","18","145","6","n/e","n/e","n/e","n/e","n/e","n/e","n/e","n/e","n/e","n/e","n/e","0","83","12","42"
"BZN|DK2","19.10.2018 04:00 - 19.10.2018 05:00 (CET/CEST)","408","n/e","n/e","19","141","6","n/e","n/e","n/e","n/e","n/e","n/e","n/e","n/e","n/e","n/e","n/e","0","83","22","36"
"BZN|DK2","19.10.2018 05:00 - 19.10.2018 06:00 (CET/CEST)","425","n/e","n/e","30","165","7","n/e","n/e","n/e","n/e","n/e","n/e","n/e","n/e","n/e","n/e","n/e","0","84","28","30"
"BZN|DK2","19.10.2018 06:00 - 19.10.2018 07:00 (CET/CEST)","494","n/e","n/e","23","240","8","n/e","n/e","n/e","n/e","n/e","n/e","n/e","n/e","n/e","n/e","n/e","0","84","24","26"
"BZN|DK2","19.10.2018 07:00 - 19.10.2018 08:00 (CET/CEST)","464","n/e","n/e","42","260","14","n/e","n/e","n/e","n/e","n/e","n/e","n/e","n/e","n/e","n/e","n/e","0","85","9","19"
"BZN|DK2","19.10.2018 08:00 - 19.10.2018 09:00 (CET/CEST)","481","n/e","n/e","44","269","22","n/e","n/e","n/e","n/e","n/e","n/e","n/e","n/e","n/e","n/e","n/e","11","85","14","21"
"BZN|DK2","19.10.2018 09:00 - 19.10.2018 10:00 (CET/CEST)","485","n/e","n/e","44","253","22","n/e","n/e","n/e","n/e","n/e","n/e","n/e","n/e","n/e","n/e","n/e","36","85","4","16"
"BZN|DK2","19.10.2018 10:00 - 19.10.2018 11:00 (CET/CEST)","483","n/e","n/e","90","246","21","n/e","n/e","n/e","n/e","n/e","n/e","n/e","n/e","n/e","n/e","n/e","99","85","2","10"
"BZN|DK2","19.10.2018 11:00 - 19.10.2018 12:00 (CET/CEST)","525","n/e","n/e","82","241","20","n/e","n/e","n/e","n/e","n/e","n/e","n/e","n/e","n/e","n/e","n/e","124","84","4","17"
"BZN|DK2","19.10.2018 12:00 - 19.10.2018 13:00 (CET/CEST)","460","n/e","n/e","47","239","19","n/e","n/e","n/e","n/e","n/e","n/e","n/e","n/e","n/e","n/e","n/e","120","84","4","32"
"BZN|DK2","19.10.2018 13:00 - 19.10.2018 14:00 (CET/CEST)","400","n/e","n/e","39","200","23","n/e","n/e","n/e","n/e","n/e","n/e","n/e","n/e","n/e","n/e","n/e","110","86","5","35"
"BZN|DK2","19.10.2018 14:00 - 19.10.2018 15:00 (CET/CEST)","397","n/e","n/e","23","159","18","n/e","n/e","n/e","n/e","n/e","n/e","n/e","n/e","n/e","n/e","n/e","91","84","9","29"
"BZN|DK2","19.10.2018 15:00 - 19.10.2018 16:00 (CET/CEST)","409","n/e","n/e","23","171","18","n/e","n/e","n/e","n/e","n/e","n/e","n/e","n/e","n/e","n/e","n/e","75","84","9","31"
"BZN|DK2","19.10.2018 16:00 - 19.10.2018 17:00 (CET/CEST)","462","n/e","n/e","31","242","20","n/e","n/e","n/e","n/e","n/e","n/e","n/e","n/e","n/e","n/e","n/e","38","84","7","22"
"BZN|DK2","19.10.2018 17:00 - 19.10.2018 18:00 (CET/CEST)","542","n/e","n/e","53","228","26","n/e","n/e","n/e","n/e","n/e","n/e","n/e","n/e","n/e","n/e","n/e","5","85","9","11"
"BZN|DK2","19.10.2018 18:00 - 19.10.2018 19:00 (CET/CEST)","599","n/e","n/e","81","275","12","n/e","n/e","n/e","n/e","n/e","n/e","n/e","n/e","n/e","n/e","n/e","0","85","10","9"
"BZN|DK2","19.10.2018 19:00 - 19.10.2018 20:00 (CET/CEST)","543","n/e","n/e","83","274","10","n/e","n/e","n/e","n/e","n/e","n/e","n/e","n/e","n/e","n/e","n/e","0","84","2","14"
"BZN|DK2","19.10.2018 20:00 - 19.10.2018 21:00 (CET/CEST)","525","n/e","n/e","48","268","9","n/e","n/e","n/e","n/e","n/e","n/e","n/e","n/e","n/e","n/e","n/e","0","85","1","17"
"BZN|DK2","19.10.2018 21:00 - 19.10.2018 22:00 (CET/CEST)","460","n/e","n/e","24","260","8","n/e","n/e","n/e","n/e","n/e","n/e","n/e","n/e","n/e","n/e","n/e","0","84","1","21"
"BZN|DK2","19.10.2018 22:00 - 19.10.2018 23:00 (CET/CEST)","395","n/e","n/e","21","201","7","n/e","n/e","n/e","n/e","n/e","n/e","n/e","n/e","n/e","n/e","n/e","0","83","1","35"
"BZN|DK2","19.10.2018 23:00 - 20.10.2018 00:00 (CET/CEST)","384","n/e","n/e","21","148","7","n/e","n/e","n/e","n/e","n/e","n/e","n/e","n/e","n/e","n/e","n/e","0","84","8","61"
"BZN|DK2","20.10.2018 00:00 - 20.10.2018 01:00 (CET/CEST)","279","n/e","n/e","20","151","7","n/e","n/e","n/e","n/e","n/e","n/e","n/e","n/e","n/e","n/e","n/e","0","84","18","71"
"BZN|DK2","20.10.2018 01:00 - 20.10.2018 02:00 (CET/CEST)","297","n/e","n/e","34","151","7","n/e","n/e","n/e","n/e","n/e","n/e","n/e","n/e","n/e","n/e","n/e","0","83","33","76"
"BZN|DK2","20.10.2018 02:00 - 20.10.2018 03:00 (CET/CEST)","289","n/e","n/e","26","149","7","n/e","n/e","n/e","n/e","n/e","n/e","n/e","n/e","n/e","n/e","n/e","0","83","70","60"
"BZN|DK2","20.10.2018 03:00 - 20.10.2018 04:00 (CET/CEST)","276","n/e","n/e","20","148","7","n/e","n/e","n/e","n/e","n/e","n/e","n/e","n/e","n/e","n/e","n/e","0","83","52","60"
"BZN|DK2","20.10.2018 04:00 - 20.10.2018 05:00 (CET/CEST)","301","n/e","n/e","27","151","7","n/e","n/e","n/e","n/e","n/e","n/e","n/e","n/e","n/e","n/e","n/e","0","83","12","96"
"BZN|DK2","20.10.2018 05:00 - 20.10.2018 06:00 (CET/CEST)","344","n/e","n/e","34","150","6","n/e","n/e","n/e","n/e","n/e","n/e","n/e","n/e","n/e","n/e","n/e","0","83","42","117"
"BZN|DK2","20.10.2018 06:00 - 20.10.2018 07:00 (CET/CEST)","280","n/e","n/e","50","144","6","n/e","n/e","n/e","n/e","n/e","n/e","n/e","n/e","n/e","n/e","n/e","0","82","60","149"
"BZN|DK2","20.10.2018 07:00 - 20.10.2018 08:00 (CET/CEST)","279","n/e","n/e","55","144","7","n/e","n/e","n/e","n/e","n/e","n/e","n/e","n/e","n/e","n/e","n/e","0","82","120","185"
"BZN|DK2","20.10.2018 08:00 - 20.10.2018 09:00 (CET/CEST)","276","n/e","n/e","60","146","9","n/e","n/e","n/e","n/e","n/e","n/e","n/e","n/e","n/e","n/e","n/e","6","83","184","209"
"BZN|DK2","20.10.2018 09:00 - 20.10.2018 10:00 (CET/CEST)","296","n/e","n/e","67","197","17","n/e","n/e","n/e","n/e","n/e","n/e","n/e","n/e","n/e","n/e","n/e","17","82","209","196"
"BZN|DK2","20.10.2018 10:00 - 20.10.2018 11:00 (CET/CEST)","313","n/e","n/e","67","231","17","n/e","n/e","n/e","n/e","n/e","n/e","n/e","n/e","n/e","n/e","n/e","41","82","216","152"
"BZN|DK2","20.10.2018 11:00 - 20.10.2018 12:00 (CET/CEST)","283","n/e","n/e","41","148","17","n/e","n/e","n/e","n/e","n/e","n/e","n/e","n/e","n/e","n/e","n/e","70","82","167","130"
"BZN|DK2","20.10.2018 12:00 - 20.10.2018 13:00 (CET/CEST)","290","n/e","n/e","23","163","16","n/e","n/e","n/e","n/e","n/e","n/e","n/e","n/e","n/e","n/e","n/e","99","82","103","103"
"BZN|DK2","20.10.2018 13:00 - 20.10.2018 14:00 (CET/CEST)","307","n/e","n/e","27","209","15","n/e","n/e","n/e","n/e","n/e","n/e","n/e","n/e","n/e","n/e","n/e","99","82","99","102"
"BZN|DK2","20.10.2018 14:00 - 20.10.2018 15:00 (CET/CEST)","300","n/e","n/e","16","144","16","n/e","n/e","n/e","n/e","n/e","n/e","n/e","n/e","n/e","n/e","n/e","107","82","94","130"
"BZN|DK2","20.10.2018 15:00 - 20.10.2018 16:00 (CET/CEST)","306","n/e","n/e","17","125","16","n/e","n/e","n/e","n/e","n/e","n/e","n/e","n/e","n/e","n/e","n/e","81","83","78","145"
"BZN|DK2","20.10.2018 16:00 - 20.10.2018 17:00 (CET/CEST)","306","n/e","n/e","21","126","10","n/e","n/e","n/e","n/e","n/e","n/e","n/e","n/e","n/e","n/e","n/e","31","83","74","116"
"BZN|DK2","20.10.2018 17:00 - 20.10.2018 18:00 (CET/CEST)","300","n/e","n/e","65","202","8","n/e","n/e","n/e","n/e","n/e","n/e","n/e","n/e","n/e","n/e","n/e","6","84","91","68"
"BZN|DK2","20.10.2018 18:00 - 20.10.2018 19:00 (CET/CEST)","364","n/e","n/e","98","280","10","n/e","n/e","n/e","n/e","n/e","n/e","n/e","n/e","n/e","n/e","n/e","0","85","55","41"
"BZN|DK2","20.10.2018 19:00 - 20.10.2018 20:00 (CET/CEST)","362","n/e","n/e","106","270","11","n/e","n/e","n/e","n/e","n/e","n/e","n/e","n/e","n/e","n/e","n/e","0","85","35","51"
"BZN|DK2","20.10.2018 20:00 - 20.10.2018 21:00 (CET/CEST)","368","n/e","n/e","85","243","10","n/e","n/e","n/e","n/e","n/e","n/e","n/e","n/e","n/e","n/e","n/e","0","85","31","72"
"BZN|DK2","20.10.2018 21:00 - 20.10.2018 22:00 (CET/CEST)","300","n/e","n/e","29","201","8","n/e","n/e","n/e","n/e","n/e","n/e","n/e","n/e","n/e","n/e","n/e","0","84","49","69"
"BZN|DK2","20.10.2018 22:00 - 20.10.2018 23:00 (CET/CEST)","278","n/e","n/e","22","149","8","n/e","n/e","n/e","n/e","n/e","n/e","n/e","n/e","n/e","n/e","n/e","0","84","40","48"
"BZN|DK2","20.10.2018 23:00 - 21.10.2018 00:00 (CET/CEST)","280","n/e","n/e","21","144","7","n/e","n/e","n/e","n/e","n/e","n/e","n/e","n/e","n/e","n/e","n/e","0","84","24","31"
"BZN|DK2","21.10.2018 00:00 - 21.10.2018 01:00 (CET/CEST)","268","n/e","n/e","20","153","7","n/e","n/e","n/e","n/e","n/e","n/e","n/e","n/e","n/e","n/e","n/e","0","72","6","26"
"BZN|DK2","21.10.2018 01:00 - 21.10.2018 02:00 (CET/CEST)","267","n/e","n/e","20","173","7","n/e","n/e","n/e","n/e","n/e","n/e","n/e","n/e","n/e","n/e","n/e","0","75","18","35"
"BZN|DK2","21.10.2018 02:00 - 21.10.2018 03:00 (CET/CEST)","269","n/e","n/e","20","214","7","n/e","n/e","n/e","n/e","n/e","n/e","n/e","n/e","n/e","n/e","n/e","0","82","20","38"
"BZN|DK2","21.10.2018 03:00 - 21.10.2018 04:00 (CET/CEST)","271","n/e","n/e","20","175","7","n/e","n/e","n/e","n/e","n/e","n/e","n/e","n/e","n/e","n/e","n/e","0","82","9","21"
"BZN|DK2","21.10.2018 04:00 - 21.10.2018 05:00 (CET/CEST)","281","n/e","n/e","30","147","7","n/e","n/e","n/e","n/e","n/e","n/e","n/e","n/e","n/e","n/e","n/e","0","82","0","17"
"BZN|DK2","21.10.2018 05:00 - 21.10.2018 06:00 (CET/CEST)","297","n/e","n/e","30","200","7","n/e","n/e","n/e","n/e","n/e","n/e","n/e","n/e","n/e","n/e","n/e","0","82","0","19"
"BZN|DK2","21.10.2018 06:00 - 21.10.2018 07:00 (CET/CEST)","280","n/e","n/e","65","210","7","n/e","n/e","n/e","n/e","n/e","n/e","n/e","n/e","n/e","n/e","n/e","0","82","4","39"
"BZN|DK2","21.10.2018 07:00 - 21.10.2018 08:00 (CET/CEST)","274","n/e","n/e","60","238","10","n/e","n/e","n/e","n/e","n/e","n/e","n/e","n/e","n/e","n/e","n/e","0","81","8","55"
"BZN|DK2","21.10.2018 08:00 - 21.10.2018 09:00 (CET/CEST)","281","n/e","n/e","66","241","18","n/e","n/e","n/e","n/e","n/e","n/e","n/e","n/e","n/e","n/e","n/e","9","81","12","65"
"BZN|DK2","21.10.2018 09:00 - 21.10.2018 10:00 (CET/CEST)","278","n/e","n/e","31","204","19","n/e","n/e","n/e","n/e","n/e","n/e","n/e","n/e","n/e","n/e","n/e","39","83","25","68"
"BZN|DK2","21.10.2018 10:00 - 21.10.2018 11:00 (CET/CEST)","282","n/e","n/e","26","163","19","n/e","n/e","n/e","n/e","n/e","n/e","n/e","n/e","n/e","n/e","n/e","64","83","51","80"
"BZN|DK2","21.10.2018 11:00 - 21.10.2018 12:00 (CET/CEST)","284","n/e","n/e","25","148","18","n/e","n/e","n/e","n/e","n/e","n/e","n/e","n/e","n/e","n/e","n/e","65","77","72","104"
"BZN|DK2","21.10.2018 12:00 - 21.10.2018 13:00 (CET/CEST)","278","n/e","n/e","23","137","18","n/e","n/e","n/e","n/e","n/e","n/e","n/e","n/e","n/e","n/e","n/e","66","68","68","137"
"BZN|DK2","21.10.2018 13:00 - 21.10.2018 14:00 (CET/CEST)","277","n/e","n/e","22","143","10","n/e","n/e","n/e","n/e","n/e","n/e","n/e","n/e","n/e","n/e","n/e","54","68","62","170"
"BZN|DK2","21.10.2018 14:00 - 21.10.2018 15:00 (CET/CEST)","283","n/e","n/e","20","144","7","n/e","n/e","n/e","n/e","n/e","n/e","n/e","n/e","n/e","n/e","n/e","48","68","74","180"
"BZN|DK2","21.10.2018 15:00 - 21.10.2018 16:00 (CET/CEST)","358","n/e","n/e","55","225","7","n/e","n/e","n/e","n/e","n/e","n/e","n/e","n/e","n/e","n/e","n/e","35","76","118","190"
"BZN|DK2","21.10.2018 16:00 - 21.10.2018 17:00 (CET/CEST)","376","n/e","n/e","80","234","7","n/e","n/e","n/e","n/e","n/e","n/e","n/e","n/e","n/e","n/e","n/e","14","84","144","220"
"BZN|DK2","21.10.2018 17:00 - 21.10.2018 18:00 (CET/CEST)","377","n/e","n/e","39","234","7","n/e","n/e","n/e","n/e","n/e","n/e","n/e","n/e","n/e","n/e","n/e","2","83","147","240"
"BZN|DK2","21.10.2018 18:00 - 21.10.2018 19:00 (CET/CEST)","359","n/e","n/e","43","236","7","n/e","n/e","n/e","n/e","n/e","n/e","n/e","n/e","n/e","n/e","n/e","0","83","135","268"
"BZN|DK2","21.10.2018 19:00 - 21.10.2018 20:00 (CET/CEST)","364","n/e","n/e","56","217","7","n/e","n/e","n/e","n/e","n/e","n/e","n/e","n/e","n/e","n/e","n/e","0","83","130","281"
"BZN|DK2","21.10.2018 20:00 - 21.10.2018 21:00 (CET/CEST)","282","n/e","n/e","21","164","7","n/e","n/e","n/e","n/e","n/e","n/e","n/e","n/e","n/e","n/e","n/e","0","83","211","323"
"BZN|DK2","21.10.2018 21:00 - 21.10.2018 22:00 (CET/CEST)","308","n/e","n/e","22","151","7","n/e","n/e","n/e","n/e","n/e","n/e","n/e","n/e","n/e","n/e","n/e","0","78","232","346"
"BZN|DK2","21.10.2018 22:00 - 21.10.2018 23:00 (CET/CEST)","290","n/e","n/e","25","142","8","n/e","n/e","n/e","n/e","n/e","n/e","n/e","n/e","n/e","n/e","n/e","0","69","217","364"
"BZN|DK2","21.10.2018 23:00 - 22.10.2018 00:00 (CET/CEST)","278","n/e","n/e","25","150","8","n/e","n/e","n/e","n/e","n/e","n/e","n/e","n/e","n/e","n/e","n/e","0","69","227","366"
"BZN|DK2","22.10.2018 00:00 - 22.10.2018 01:00 (CET/CEST)","283","n/e","n/e","19","146","7","n/e","n/e","n/e","n/e","n/e","n/e","n/e","n/e","n/e","n/e","n/e","0","82","263","318"
"BZN|DK2","22.10.2018 01:00 - 22.10.2018 02:00 (CET/CEST)","289","n/e","n/e","19","142","7","n/e","n/e","n/e","n/e","n/e","n/e","n/e","n/e","n/e","n/e","n/e","0","83","187","305"
"BZN|DK2","22.10.2018 02:00 - 22.10.2018 03:00 (CET/CEST)","282","n/e","n/e","19","147","6","n/e","n/e","n/e","n/e","n/e","n/e","n/e","n/e","n/e","n/e","n/e","0","83","212","318"
"BZN|DK2","22.10.2018 03:00 - 22.10.2018 04:00 (CET/CEST)","280","n/e","n/e","18","149","6","n/e","n/e","n/e","n/e","n/e","n/e","n/e","n/e","n/e","n/e","n/e","0","85","203","324"
"BZN|DK2","22.10.2018 04:00 - 22.10.2018 05:00 (CET/CEST)","297","n/e","n/e","18","148","6","n/e","n/e","n/e","n/e","n/e","n/e","n/e","n/e","n/e","n/e","n/e","0","84","188","287"
"BZN|DK2","22.10.2018 05:00 - 22.10.2018 06:00 (CET/CEST)","286","n/e","n/e","19","146","7","n/e","n/e","n/e","n/e","n/e","n/e","n/e","n/e","n/e","n/e","n/e","0","84","200","318"
"BZN|DK2","22.10.2018 06:00 - 22.10.2018 07:00 (CET/CEST)","301","n/e","n/e","21","149","7","n/e","n/e","n/e","n/e","n/e","n/e","n/e","n/e","n/e","n/e","n/e","0","82","186","308"
"BZN|DK2","22.10.2018 07:00 - 22.10.2018 08:00 (CET/CEST)","339","n/e","n/e","81","210","14","n/e","n/e","n/e","n/e","n/e","n/e","n/e","n/e","n/e","n/e","n/e","0","82","182","273"
"BZN|DK2","22.10.2018 08:00 - 22.10.2018 09:00 (CET/CEST)","373","n/e","n/e","126","247","14","n/e","n/e","n/e","n/e","n/e","n/e","n/e","n/e","n/e","n/e","n/e","10","84","169","339"
"BZN|DK2","22.10.2018 09:00 - 22.10.2018 10:00 (CET/CEST)","331","n/e","n/e","91","209","32","n/e","n/e","n/e","n/e","n/e","n/e","n/e","n/e","n/e","n/e","n/e","49","84","226","329"
"BZN|DK2","22.10.2018 10:00 - 22.10.2018 11:00 (CET/CEST)","305","n/e","n/e","84","152","8","n/e","n/e","n/e","n/e","n/e","n/e","n/e","n/e","n/e","n/e","n/e","97","70","194","391"
"BZN|DK2","22.10.2018 11:00 - 22.10.2018 12:00 (CET/CEST)","290","n/e","n/e","83","133","7","n/e","n/e","n/e","n/e","n/e","n/e","n/e","n/e","n/e","n/e","n/e","134","69","301","472"
"BZN|DK2","22.10.2018 12:00 - 22.10.2018 13:00 (CET/CEST)","297","n/e","n/e","66","130","7","n/e","n/e","n/e","n/e","n/e","n/e","n/e","n/e","n/e","n/e","n/e","156","74","269","526"
"BZN|DK2","22.10.2018 13:00 - 22.10.2018 14:00 (CET/CEST)","300","n/e","n/e","65","165","8","n/e","n/e","n/e","n/e","n/e","n/e","n/e","n/e","n/e","n/e","n/e","146","75","299","519"
"BZN|DK2","22.10.2018 14:00 - 22.10.2018 15:00 (CET/CEST)","294","n/e","n/e","65","173","16","n/e","n/e","n/e","n/e","n/e","n/e","n/e","n/e","n/e","n/e","n/e","130","62","287","493"
"BZN|DK2","22.10.2018 15:00 - 22.10.2018 16:00 (CET/CEST)","297","n/e","n/e","65","222","17","n/e","n/e","n/e","n/e","n/e","n/e","n/e","n/e","n/e","n/e","n/e","97","68","286","471"
"BZN|DK2","22.10.2018 16:00 - 22.10.2018 17:00 (CET/CEST)","300","n/e","n/e","65","238","17","n/e","n/e","n/e","n/e","n/e","n/e","n/e","n/e","n/e","n/e","n/e","53","58","305","407"
"BZN|DK2","22.10.2018 17:00 - 22.10.2018 18:00 (CET/CEST)","296","n/e","n/e","65","240","17","n/e","n/e","n/e","n/e","n/e","n/e","n/e","n/e","n/e","n/e","n/e","10","68","314","332"
"BZN|DK2","22.10.2018 18:00 - 22.10.2018 19:00 (CET/CEST)","296","n/e","n/e","81","240","17","n/e","n/e","n/e","n/e","n/e","n/e","n/e","n/e","n/e","n/e","n/e","0","68","289","310"
"BZN|DK2","22.10.2018 19:00 - 22.10.2018 20:00 (CET/CEST)","310","n/e","n/e","82","241","17","n/e","n/e","n/e","n/e","n/e","n/e","n/e","n/e","n/e","n/e","n/e","0","71","270","324"
"BZN|DK2","22.10.2018 20:00 - 22.10.2018 21:00 (CET/CEST)","312","n/e","n/e","29","223","11","n/e","n/e","n/e","n/e","n/e","n/e","n/e","n/e","n/e","n/e","n/e","0","75","304","362"
"BZN|DK2","22.10.2018 21:00 - 22.10.2018 22:00 (CET/CEST)","291","n/e","n/e","21","163","7","n/e","n/e","n/e","n/e","n/e","n/e","n/e","n/e","n/e","n/e","n/e","0","76","310","425"
"BZN|DK2","22.10.2018 22:00 - 22.10.2018 23:00 (CET/CEST)","290","n/e","n/e","19","157","7","n/e","n/e","n/e","n/e","n/e","n/e","n/e","n/e","n/e","n/e","n/e","0","55","337","477"
"BZN|DK2","22.10.2018 23:00 - 23.10.2018 00:00 (CET/CEST)","290","n/e","n/e","19","154","7","n/e","n/e","n/e","n/e","n/e","n/e","n/e","n/e","n/e","n/e","n/e","0","55","353","504"
"BZN|DK2","23.10.2018 00:00 - 23.10.2018 01:00 (CET/CEST)","284","n/e","n/e","19","147","6","n/e","n/e","n/e","n/e","n/e","n/e","n/e","n/e","n/e","n/e","n/e","0","55","337","546"
"BZN|DK2","23.10.2018 01:00 - 23.10.2018 02:00 (CET/CEST)","283","n/e","n/e","19","153","6","n/e","n/e","n/e","n/e","n/e","n/e","n/e","n/e","n/e","n/e","n/e","0","54","278","563"
"BZN|DK2","23.10.2018 02:00 - 23.10.2018 03:00 (CET/CEST)","288","n/e","n/e","19","159","6","n/e","n/e","n/e","n/e","n/e","n/e","n/e","n/e","n/e","n/e","n/e","0","54","260","585"
"BZN|DK2","23.10.2018 03:00 - 23.10.2018 04:00 (CET/CEST)","290","n/e","n/e","19","160","6","n/e","n/e","n/e","n/e","n/e","n/e","n/e","n/e","n/e","n/e","n/e","0","54","309","612"
"BZN|DK2","23.10.2018 04:00 - 23.10.2018 05:00 (CET/CEST)","285","n/e","n/e","19","155","6","n/e","n/e","n/e","n/e","n/e","n/e","n/e","n/e","n/e","n/e","n/e","0","54","356","656"
"BZN|DK2","23.10.2018 05:00 - 23.10.2018 06:00 (CET/CEST)","286","n/e","n/e","19","162","6","n/e","n/e","n/e","n/e","n/e","n/e","n/e","n/e","n/e","n/e","n/e","0","54","325","658"
"BZN|DK2","23.10.2018 06:00 - 23.10.2018 07:00 (CET/CEST)","287","n/e","n/e","19","210","7","n/e","n/e","n/e","n/e","n/e","n/e","n/e","n/e","n/e","n/e","n/e","0","54","325","674"
"BZN|DK2","23.10.2018 07:00 - 23.10.2018 08:00 (CET/CEST)","289","n/e","n/e","20","231","10","n/e","n/e","n/e","n/e","n/e","n/e","n/e","n/e","n/e","n/e","n/e","0","55","351","676"
"BZN|DK2","23.10.2018 08:00 - 23.10.2018 09:00 (CET/CEST)","283","n/e","n/e","21","225","17","n/e","n/e","n/e","n/e","n/e","n/e","n/e","n/e","n/e","n/e","n/e","1","54","375","665"
"BZN|DK2","23.10.2018 09:00 - 23.10.2018 10:00 (CET/CEST)","291","n/e","n/e","24","199","17","n/e","n/e","n/e","n/e","n/e","n/e","n/e","n/e","n/e","n/e","n/e","6","54","375","666"
"BZN|DK2","23.10.2018 10:00 - 23.10.2018 11:00 (CET/CEST)","288","n/e","n/e","27","198","18","n/e","n/e","n/e","n/e","n/e","n/e","n/e","n/e","n/e","n/e","n/e","17","50","374","648"
"BZN|DK2","23.10.2018 11:00 - 23.10.2018 12:00 (CET/CEST)","288","n/e","n/e","30","201","19","n/e","n/e","n/e","n/e","n/e","n/e","n/e","n/e","n/e","n/e","n/e","75","40","373","648"
"BZN|DK2","23.10.2018 12:00 - 23.10.2018 13:00 (CET/CEST)","290","n/e","n/e","29","177","19","n/e","n/e","n/e","n/e","n/e","n/e","n/e","n/e","n/e","n/e","n/e","71","40","350","645"
"BZN|DK2","23.10.2018 13:00 - 23.10.2018 14:00 (CET/CEST)","294","n/e","n/e","29","165","19","n/e","n/e","n/e","n/e","n/e","n/e","n/e","n/e","n/e","n/e","n/e","70","40","370","632"
"BZN|DK2","23.10.2018 14:00 - 23.10.2018 15:00 (CET/CEST)","264","n/e","n/e","30","175","19","n/e","n/e","n/e","n/e","n/e","n/e","n/e","n/e","n/e","n/e","n/e","57","39","373","653"
"BZN|DK2","23.10.2018 15:00 - 23.10.2018 16:00 (CET/CEST)","284","n/e","n/e","23","133","11","n/e","n/e","n/e","n/e","n/e","n/e","n/e","n/e","n/e","n/e","n/e","68","46","338","655"
"BZN|DK2","23.10.2018 16:00 - 23.10.2018 17:00 (CET/CEST)","286","n/e","n/e","19","129","7","n/e","n/e","n/e","n/e","n/e","n/e","n/e","n/e","n/e","n/e","n/e","34","52","373","648"
"BZN|DK2","23.10.2018 17:00 - 23.10.2018 18:00 (CET/CEST)","286","n/e","n/e","21","208","7","n/e","n/e","n/e","n/e","n/e","n/e","n/e","n/e","n/e","n/e","n/e","5","53","371","648"
"BZN|DK2","23.10.2018 18:00 - 23.10.2018 19:00 (CET/CEST)","291","n/e","n/e","21","182","7","n/e","n/e","n/e","n/e","n/e","n/e","n/e","n/e","n/e","n/e","n/e","0","53","372","650"
"BZN|DK2","23.10.2018 19:00 - 23.10.2018 20:00 (CET/CEST)","287","n/e","n/e","21","208","7","n/e","n/e","n/e","n/e","n/e","n/e","n/e","n/e","n/e","n/e","n/e","0","53","371","649"
"BZN|DK2","23.10.2018 20:00 - 23.10.2018 21:00 (CET/CEST)","284","n/e","n/e","21","238","7","n/e","n/e","n/e","n/e","n/e","n/e","n/e","n/e","n/e","n/e","n/e","0","52","370","648"
"BZN|DK2","23.10.2018 21:00 - 23.10.2018 22:00 (CET/CEST)","271","n/e","n/e","19","206","7","n/e","n/e","n/e","n/e","n/e","n/e","n/e","n/e","n/e","n/e","n/e","0","52","370","642"
"BZN|DK2","23.10.2018 22:00 - 23.10.2018 23:00 (CET/CEST)","270","n/e","n/e","19","162","7","n/e","n/e","n/e","n/e","n/e","n/e","n/e","n/e","n/e","n/e","n/e","0","52","328","633"
"BZN|DK2","23.10.2018 23:00 - 24.10.2018 00:00 (CET/CEST)","279","n/e","n/e","19","142","7","n/e","n/e","n/e","n/e","n/e","n/e","n/e","n/e","n/e","n/e","n/e","0","52","306","552"
"BZN|DK2","24.10.2018 00:00 - 24.10.2018 01:00 (CET/CEST)","283","n/e","n/e","19","147","7","n/e","n/e","n/e","n/e","n/e","n/e","n/e","n/e","n/e","n/e","n/e","0","53","367","583"
"BZN|DK2","24.10.2018 01:00 - 24.10.2018 02:00 (CET/CEST)","282","n/e","n/e","19","146","7","n/e","n/e","n/e","n/e","n/e","n/e","n/e","n/e","n/e","n/e","n/e","0","52","367","560"
"BZN|DK2","24.10.2018 02:00 - 24.10.2018 03:00 (CET/CEST)","278","n/e","n/e","19","142","7","n/e","n/e","n/e","n/e","n/e","n/e","n/e","n/e","n/e","n/e","n/e","0","52","364","523"
"BZN|DK2","24.10.2018 03:00 - 24.10.2018 04:00 (CET/CEST)","283","n/e","n/e","19","148","7","n/e","n/e","n/e","n/e","n/e","n/e","n/e","n/e","n/e","n/e","n/e","0","53","364","490"
"BZN|DK2","24.10.2018 04:00 - 24.10.2018 05:00 (CET/CEST)","279","n/e","n/e","19","216","7","n/e","n/e","n/e","n/e","n/e","n/e","n/e","n/e","n/e","n/e","n/e","0","53","358","474"
"BZN|DK2","24.10.2018 05:00 - 24.10.2018 06:00 (CET/CEST)","283","n/e","n/e","19","226","7","n/e","n/e","n/e","n/e","n/e","n/e","n/e","n/e","n/e","n/e","n/e","0","53","348","429"
"BZN|DK2","24.10.2018 06:00 - 24.10.2018 07:00 (CET/CEST)","288","n/e","n/e","19","230","7","n/e","n/e","n/e","n/e","n/e","n/e","n/e","n/e","n/e","n/e","n/e","0","52","345","424"
"BZN|DK2","24.10.2018 07:00 - 24.10.2018 08:00 (CET/CEST)","299","n/e","n/e","45","239","7","n/e","n/e","n/e","n/e","n/e","n/e","n/e","n/e","n/e","n/e","n/e","0","53","339","416"
"BZN|DK2","24.10.2018 08:00 - 24.10.2018 09:00 (CET/CEST)","295","n/e","n/e","77","241","16","n/e","n/e","n/e","n/e","n/e","n/e","n/e","n/e","n/e","n/e","n/e","10","53","334","401"
"BZN|DK2","24.10.2018 09:00 - 24.10.2018 10:00 (CET/CEST)","303","n/e","n/e","83","242","18","n/e","n/e","n/e","n/e","n/e","n/e","n/e","n/e","n/e","n/e","n/e","48","52","328","397"
"BZN|DK2","24.10.2018 10:00 - 24.10.2018 11:00 (CET/CEST)","302","n/e","n/e","82","239","18","n/e","n/e","n/e","n/e","n/e","n/e","n/e","n/e","n/e","n/e","n/e","93","53","337","378"
"BZN|DK2","24.10.2018 11:00 - 24.10.2018 12:00 (CET/CEST)","306","n/e","n/e","82","219","18","n/e","n/e","n/e","n/e","n/e","n/e","n/e","n/e","n/e","n/e","n/e","126","59","330","393"
"BZN|DK2","24.10.2018 12:00 - 24.10.2018 13:00 (CET/CEST)","310","n/e","n/e","83","220","18","n/e","n/e","n/e","n/e","n/e","n/e","n/e","n/e","n/e","n/e","n/e","156","74","291","360"
"BZN|DK2","24.10.2018 13:00 - 24.10.2018 14:00 (CET/CEST)","315","n/e","n/e","83","216","18","n/e","n/e","n/e","n/e","n/e","n/e","n/e","n/e","n/e","n/e","n/e","152","74","246","306"
"BZN|DK2","24.10.2018 14:00 - 24.10.2018 15:00 (CET/CEST)","315","n/e","n/e","82","211","17","n/e","n/e","n/e","n/e","n/e","n/e","n/e","n/e","n/e","n/e","n/e","144","75","213","265"
"BZN|DK2","24.10.2018 15:00 - 24.10.2018 16:00 (CET/CEST)","220","n/e","n/e","108","206","17","n/e","n/e","n/e","n/e","n/e","n/e","n/e","n/e","n/e","n/e","n/e","107","76","176","253"
"BZN|DK2","24.10.2018 16:00 - 24.10.2018 17:00 (CET/CEST)","27","n/e","n/e","173","235","18","n/e","n/e","n/e","n/e","n/e","n/e","n/e","n/e","n/e","n/e","n/e","42","76","151","260"
"BZN|DK2","24.10.2018 17:00 - 24.10.2018 18:00 (CET/CEST)","28","n/e","n/e","191","239","18","n/e","n/e","n/e","n/e","n/e","n/e","n/e","n/e","n/e","n/e","n/e","3","76","234","259"
"BZN|DK2","24.10.2018 18:00 - 24.10.2018 19:00 (CET/CEST)","35","n/e","n/e","139","227","10","n/e","n/e","n/e","n/e","n/e","n/e","n/e","n/e","n/e","n/e","n/e","0","76","175","177"
"BZN|DK2","24.10.2018 19:00 - 24.10.2018 20:00 (CET/CEST)","149","n/e","n/e","115","229","7","n/e","n/e","n/e","n/e","n/e","n/e","n/e","n/e","n/e","n/e","n/e","0","75","174","208"
"BZN|DK2","24.10.2018 20:00 - 24.10.2018 21:00 (CET/CEST)","167","n/e","n/e","111","238","7","n/e","n/e","n/e","n/e","n/e","n/e","n/e","n/e","n/e","n/e","n/e","0","76","244","230"
"BZN|DK2","24.10.2018 21:00 - 24.10.2018 22:00 (CET/CEST)","229","n/e","n/e","33","238","7","n/e","n/e","n/e","n/e","n/e","n/e","n/e","n/e","n/e","n/e","n/e","0","75","239","249"
"BZN|DK2","24.10.2018 22:00 - 24.10.2018 23:00 (CET/CEST)","279","n/e","n/e","20","235","7","n/e","n/e","n/e","n/e","n/e","n/e","n/e","n/e","n/e","n/e","n/e","0","75","197","265"
"BZN|DK2","24.10.2018 23:00 - 25.10.2018 00:00 (CET/CEST)","284","n/e","n/e","19","217","7","n/e","n/e","n/e","n/e","n/e","n/e","n/e","n/e","n/e","n/e","n/e","0","75","287","380"
"BZN|DK2","25.10.2018 00:00 - 25.10.2018 01:00 (CET/CEST)","285","n/e","n/e","19","220","7","n/e","n/e","n/e","n/e","n/e","n/e","n/e","n/e","n/e","n/e","n/e","0","75","353","463"
"BZN|DK2","25.10.2018 01:00 - 25.10.2018 02:00 (CET/CEST)","291","n/e","n/e","19","185","7","n/e","n/e","n/e","n/e","n/e","n/e","n/e","n/e","n/e","n/e","n/e","0","75","365","528"
"BZN|DK2","25.10.2018 02:00 - 25.10.2018 03:00 (CET/CEST)","280","n/e","n/e","19","167","7","n/e","n/e","n/e","n/e","n/e","n/e","n/e","n/e","n/e","n/e","n/e","0","75","371","582"
"BZN|DK2","25.10.2018 03:00 - 25.10.2018 04:00 (CET/CEST)","286","n/e","n/e","19","154","7","n/e","n/e","n/e","n/e","n/e","n/e","n/e","n/e","n/e","n/e","n/e","0","75","333","618"
"BZN|DK2","25.10.2018 04:00 - 25.10.2018 05:00 (CET/CEST)","290","n/e","n/e","19","142","7","n/e","n/e","n/e","n/e","n/e","n/e","n/e","n/e","n/e","n/e","n/e","0","75","327","609"
"BZN|DK2","25.10.2018 05:00 - 25.10.2018 06:00 (CET/CEST)","289","n/e","n/e","19","136","7","n/e","n/e","n/e","n/e","n/e","n/e","n/e","n/e","n/e","n/e","n/e","0","76","369","603"
"BZN|DK2","25.10.2018 06:00 - 25.10.2018 07:00 (CET/CEST)","284","n/e","n/e","19","128","7","n/e","n/e","n/e","n/e","n/e","n/e","n/e","n/e","n/e","n/e","n/e","0","76","368","616"
"BZN|DK2","25.10.2018 07:00 - 25.10.2018 08:00 (CET/CEST)","280","n/e","n/e","20","130","7","n/e","n/e","n/e","n/e","n/e","n/e","n/e","n/e","n/e","n/e","n/e","0","76","373","620"
"BZN|DK2","25.10.2018 08:00 - 25.10.2018 09:00 (CET/CEST)","285","n/e","n/e","20","130","7","n/e","n/e","n/e","n/e","n/e","n/e","n/e","n/e","n/e","n/e","n/e","4","76","372","629"
"BZN|DK2","25.10.2018 09:00 - 25.10.2018 10:00 (CET/CEST)","294","n/e","n/e","32","130","7","n/e","n/e","n/e","n/e","n/e","n/e","n/e","n/e","n/e","n/e","n/e","29","76","370","638"
"BZN|DK2","25.10.2018 10:00 - 25.10.2018 11:00 (CET/CEST)","292","n/e","n/e","54","130","8","n/e","n/e","n/e","n/e","n/e","n/e","n/e","n/e","n/e","n/e","n/e","61","75","370","635"
"BZN|DK2","25.10.2018 11:00 - 25.10.2018 12:00 (CET/CEST)","292","n/e","n/e","66","131","16","n/e","n/e","n/e","n/e","n/e","n/e","n/e","n/e","n/e","n/e","n/e","98","75","368","631"
"BZN|DK2","25.10.2018 12:00 - 25.10.2018 13:00 (CET/CEST)","292","n/e","n/e","49","128","18","n/e","n/e","n/e","n/e","n/e","n/e","n/e","n/e","n/e","n/e","n/e","123","75","368","633"
"BZN|DK2","25.10.2018 13:00 - 25.10.2018 14:00 (CET/CEST)","299","n/e","n/e","49","129","18","n/e","n/e","n/e","n/e","n/e","n/e","n/e","n/e","n/e","n/e","n/e","128","76","366","628"
"BZN|DK2","25.10.2018 14:00 - 25.10.2018 15:00 (CET/CEST)","325","n/e","n/e","61","128","18","n/e","n/e","n/e","n/e","n/e","n/e","n/e","n/e","n/e","n/e","n/e","120","76","364","619"
"BZN|DK2","25.10.2018 15:00 - 25.10.2018 16:00 (CET/CEST)","294","n/e","n/e","69","128","18","n/e","n/e","n/e","n/e","n/e","n/e","n/e","n/e","n/e","n/e","n/e","77","76","364","618"
"BZN|DK2","25.10.2018 16:00 - 25.10.2018 17:00 (CET/CEST)","288","n/e","n/e","69","129","17","n/e","n/e","n/e","n/e","n/e","n/e","n/e","n/e","n/e","n/e","n/e","33","77","364","596"
"BZN|DK2","25.10.2018 17:00 - 25.10.2018 18:00 (CET/CEST)","218","n/e","n/e","71","140","17","n/e","n/e","n/e","n/e","n/e","n/e","n/e","n/e","n/e","n/e","n/e","4","77","363","553"
"BZN|DK2","25.10.2018 18:00 - 25.10.2018 19:00 (CET/CEST)","27","n/e","n/e","117","222","23","n/e","n/e","n/e","n/e","n/e","n/e","n/e","n/e","n/e","n/e","n/e","0","76","360","521"
"BZN|DK2","25.10.2018 19:00 - 25.10.2018 20:00 (CET/CEST)","27","n/e","n/e","136","228","21","n/e","n/e","n/e","n/e","n/e","n/e","n/e","n/e","n/e","n/e","n/e","0","77","361","499"
"BZN|DK2","25.10.2018 20:00 - 25.10.2018 21:00 (CET/CEST)","26","n/e","n/e","91","226","7","n/e","n/e","n/e","n/e","n/e","n/e","n/e","n/e","n/e","n/e","n/e","0","77","350","451"
"BZN|DK2","25.10.2018 21:00 - 25.10.2018 22:00 (CET/CEST)","25","n/e","n/e","22","233","7","n/e","n/e","n/e","n/e","n/e","n/e","n/e","n/e","n/e","n/e","n/e","0","77","344","422"
"BZN|DK2","25.10.2018 22:00 - 25.10.2018 23:00 (CET/CEST)","78","n/e","n/e","22","235","8","n/e","n/e","n/e","n/e","n/e","n/e","n/e","n/e","n/e","n/e","n/e","0","76","350","386"
"BZN|DK2","25.10.2018 23:00 - 26.10.2018 00:00 (CET/CEST)","188","n/e","n/e","20","235","7","n/e","n/e","n/e","n/e","n/e","n/e","n/e","n/e","n/e","n/e","n/e","0","76","326","338"
"BZN|DK2","26.10.2018 00:00 - 26.10.2018 01:00 (CET/CEST)","155","n/e","n/e","20","233","7","n/e","n/e","n/e","n/e","n/e","n/e","n/e","n/e","n/e","n/e","n/e","0","74","305","298"
"BZN|DK2","26.10.2018 01:00 - 26.10.2018 02:00 (CET/CEST)","175","n/e","n/e","20","230","7","n/e","n/e","n/e","n/e","n/e","n/e","n/e","n/e","n/e","n/e","n/e","0","56","261","250"
"BZN|DK2","26.10.2018 02:00 - 26.10.2018 03:00 (CET/CEST)","227","n/e","n/e","20","231","7","n/e","n/e","n/e","n/e","n/e","n/e","n/e","n/e","n/e","n/e","n/e","0","53","236","202"
"BZN|DK2","26.10.2018 03:00 - 26.10.2018 04:00 (CET/CEST)","243","n/e","n/e","20","230","7","n/e","n/e","n/e","n/e","n/e","n/e","n/e","n/e","n/e","n/e","n/e","0","54","202","163"
"BZN|DK2","26.10.2018 04:00 - 26.10.2018 05:00 (CET/CEST)","251","n/e","n/e","20","231","7","n/e","n/e","n/e","n/e","n/e","n/e","n/e","n/e","n/e","n/e","n/e","0","63","186","118"
"BZN|DK2","26.10.2018 05:00 - 26.10.2018 06:00 (CET/CEST)","232","n/e","n/e","22","233","7","n/e","n/e","n/e","n/e","n/e","n/e","n/e","n/e","n/e","n/e","n/e","0","53","106","82"
"BZN|DK2","26.10.2018 06:00 - 26.10.2018 07:00 (CET/CEST)","236","n/e","n/e","27","247","9","n/e","n/e","n/e","n/e","n/e","n/e","n/e","n/e","n/e","n/e","n/e","0","55","98","76"
"BZN|DK2","26.10.2018 07:00 - 26.10.2018 08:00 (CET/CEST)","242","n/e","n/e","58","253","11","n/e","n/e","n/e","n/e","n/e","n/e","n/e","n/e","n/e","n/e","n/e","0","56","127","93"
"BZN|DK2","26.10.2018 08:00 - 26.10.2018 09:00 (CET/CEST)","253","n/e","n/e","101","257","20","n/e","n/e","n/e","n/e","n/e","n/e","n/e","n/e","n/e","n/e","n/e","5","73","166","156"
"BZN|DK2","26.10.2018 09:00 - 26.10.2018 10:00 (CET/CEST)","245","n/e","n/e","106","262","21","n/e","n/e","n/e","n/e","n/e","n/e","n/e","n/e","n/e","n/e","n/e","12","78","276","234"
"BZN|DK2","26.10.2018 10:00 - 26.10.2018 11:00 (CET/CEST)","210","n/e","n/e","99","244","19","n/e","n/e","n/e","n/e","n/e","n/e","n/e","n/e","n/e","n/e","n/e","15","77","334","291"
"BZN|DK2","26.10.2018 11:00 - 26.10.2018 12:00 (CET/CEST)","181","n/e","n/e","113","244","19","n/e","n/e","n/e","n/e","n/e","n/e","n/e","n/e","n/e","n/e","n/e","20","76","363","334"
"BZN|DK2","26.10.2018 12:00 - 26.10.2018 13:00 (CET/CEST)","175","n/e","n/e","94","240","18","n/e","n/e","n/e","n/e","n/e","n/e","n/e","n/e","n/e","n/e","n/e","32","77","365","366"
"BZN|DK2","26.10.2018 13:00 - 26.10.2018 14:00 (CET/CEST)","173","n/e","n/e","106","230","17","n/e","n/e","n/e","n/e","n/e","n/e","n/e","n/e","n/e","n/e","n/e","34","77","357","379"
"BZN|DK2","26.10.2018 14:00 - 26.10.2018 15:00 (CET/CEST)","162","n/e","n/e","83","230","17","n/e","n/e","n/e","n/e","n/e","n/e","n/e","n/e","n/e","n/e","n/e","25","77","357","360"
"BZN|DK2","26.10.2018 15:00 - 26.10.2018 16:00 (CET/CEST)","171","n/e","n/e","83","237","12","n/e","n/e","n/e","n/e","n/e","n/e","n/e","n/e","n/e","n/e","n/e","17","76","337","358"
"BZN|DK2","26.10.2018 16:00 - 26.10.2018 17:00 (CET/CEST)","178","n/e","n/e","88","235","8","n/e","n/e","n/e","n/e","n/e","n/e","n/e","n/e","n/e","n/e","n/e","11","76","330","308"
"BZN|DK2","26.10.2018 17:00 - 26.10.2018 18:00 (CET/CEST)","184","n/e","n/e","93","237","8","n/e","n/e","n/e","n/e","n/e","n/e","n/e","n/e","n/e","n/e","n/e","2","77","368","265"
"BZN|DK2","26.10.2018 18:00 - 26.10.2018 19:00 (CET/CEST)","176","n/e","n/e","134","240","8","n/e","n/e","n/e","n/e","n/e","n/e","n/e","n/e","n/e","n/e","n/e","0","76","306","239"
"BZN|DK2","26.10.2018 19:00 - 26.10.2018 20:00 (CET/CEST)","172","n/e","n/e","143","227","8","n/e","n/e","n/e","n/e","n/e","n/e","n/e","n/e","n/e","n/e","n/e","0","76","184","235"
"BZN|DK2","26.10.2018 20:00 - 26.10.2018 21:00 (CET/CEST)","164","n/e","n/e","84","225","8","n/e","n/e","n/e","n/e","n/e","n/e","n/e","n/e","n/e","n/e","n/e","0","76","172","253"
"BZN|DK2","26.10.2018 21:00 - 26.10.2018 22:00 (CET/CEST)","170","n/e","n/e","72","236","7","n/e","n/e","n/e","n/e","n/e","n/e","n/e","n/e","n/e","n/e","n/e","0","76","289","296"
"BZN|DK2","26.10.2018 22:00 - 26.10.2018 23:00 (CET/CEST)","176","n/e","n/e","71","233","7","n/e","n/e","n/e","n/e","n/e","n/e","n/e","n/e","n/e","n/e","n/e","0","76","292","330"
"BZN|DK2","26.10.2018 23:00 - 27.10.2018 00:00 (CET/CEST)","236","n/e","n/e","71","221","7","n/e","n/e","n/e","n/e","n/e","n/e","n/e","n/e","n/e","n/e","n/e","0","76","344","391"
"BZN|DK2","27.10.2018 00:00 - 27.10.2018 01:00 (CET/CEST)","260","n/e","n/e","48","194","7","n/e","n/e","n/e","n/e","n/e","n/e","n/e","n/e","n/e","n/e","n/e","0","76","366","446"
"BZN|DK2","27.10.2018 01:00 - 27.10.2018 02:00 (CET/CEST)","291","n/e","n/e","42","154","7","n/e","n/e","n/e","n/e","n/e","n/e","n/e","n/e","n/e","n/e","n/e","0","76","372","490"
"BZN|DK2","27.10.2018 02:00 - 27.10.2018 03:00 (CET/CEST)","315","n/e","n/e","42","128","7","n/e","n/e","n/e","n/e","n/e","n/e","n/e","n/e","n/e","n/e","n/e","0","74","372","505"
"BZN|DK2","27.10.2018 03:00 - 27.10.2018 04:00 (CET/CEST)","318","n/e","n/e","43","129","7","n/e","n/e","n/e","n/e","n/e","n/e","n/e","n/e","n/e","n/e","n/e","0","73","372","485"
"BZN|DK2","27.10.2018 04:00 - 27.10.2018 05:00 (CET/CEST)","318","n/e","n/e","43","129","7","n/e","n/e","n/e","n/e","n/e","n/e","n/e","n/e","n/e","n/e","n/e","0","73","372","465"
"BZN|DK2","27.10.2018 05:00 - 27.10.2018 06:00 (CET/CEST)","317","n/e","n/e","43","129","7","n/e","n/e","n/e","n/e","n/e","n/e","n/e","n/e","n/e","n/e","n/e","0","73","366","435"
"BZN|DK2","27.10.2018 06:00 - 27.10.2018 07:00 (CET/CEST)","316","n/e","n/e","63","146","7","n/e","n/e","n/e","n/e","n/e","n/e","n/e","n/e","n/e","n/e","n/e","0","72","355","470"
"BZN|DK2","27.10.2018 07:00 - 27.10.2018 08:00 (CET/CEST)","309","n/e","n/e","73","198","8","n/e","n/e","n/e","n/e","n/e","n/e","n/e","n/e","n/e","n/e","n/e","0","71","368","433"
"BZN|DK2","27.10.2018 08:00 - 27.10.2018 09:00 (CET/CEST)","310","n/e","n/e","74","241","13","n/e","n/e","n/e","n/e","n/e","n/e","n/e","n/e","n/e","n/e","n/e","2","71","360","399"
"BZN|DK2","27.10.2018 09:00 - 27.10.2018 10:00 (CET/CEST)","323","n/e","n/e","101","243","18","n/e","n/e","n/e","n/e","n/e","n/e","n/e","n/e","n/e","n/e","n/e","11","65","368","456"
"BZN|DK2","27.10.2018 10:00 - 27.10.2018 11:00 (CET/CEST)","330","n/e","n/e","134","245","19","n/e","n/e","n/e","n/e","n/e","n/e","n/e","n/e","n/e","n/e","n/e","29","62","371","497"
"BZN|DK2","27.10.2018 11:00 - 27.10.2018 12:00 (CET/CEST)","323","n/e","n/e","137","218","19","n/e","n/e","n/e","n/e","n/e","n/e","n/e","n/e","n/e","n/e","n/e","40","62","351","490"
"BZN|DK2","27.10.2018 12:00 - 27.10.2018 13:00 (CET/CEST)","312","n/e","n/e","135","240","18","n/e","n/e","n/e","n/e","n/e","n/e","n/e","n/e","n/e","n/e","n/e","47","62","350","474"
"BZN|DK2","27.10.2018 13:00 - 27.10.2018 14:00 (CET/CEST)","321","n/e","n/e","134","236","18","n/e","n/e","n/e","n/e","n/e","n/e","n/e","n/e","n/e","n/e","n/e","43","62","332","429"
"BZN|DK2","27.10.2018 14:00 - 27.10.2018 15:00 (CET/CEST)","315","n/e","n/e","134","191","18","n/e","n/e","n/e","n/e","n/e","n/e","n/e","n/e","n/e","n/e","n/e","41","62","285","393"
"BZN|DK2","27.10.2018 15:00 - 27.10.2018 16:00 (CET/CEST)","317","n/e","n/e","135","208","18","n/e","n/e","n/e","n/e","n/e","n/e","n/e","n/e","n/e","n/e","n/e","39","62","233","321"
"BZN|DK2","27.10.2018 16:00 - 27.10.2018 17:00 (CET/CEST)","316","n/e","n/e","137","243","18","n/e","n/e","n/e","n/e","n/e","n/e","n/e","n/e","n/e","n/e","n/e","21","62","170","229"
"BZN|DK2","27.10.2018 17:00 - 27.10.2018 18:00 (CET/CEST)","324","n/e","n/e","137","244","19","n/e","n/e","n/e","n/e","n/e","n/e","n/e","n/e","n/e","n/e","n/e","2","62","106","199"
"BZN|DK2","27.10.2018 18:00 - 27.10.2018 19:00 (CET/CEST)","195","n/e","n/e","170","246","11","n/e","n/e","n/e","n/e","n/e","n/e","n/e","n/e","n/e","n/e","n/e","0","44","61","199"
"BZN|DK2","27.10.2018 19:00 - 27.10.2018 20:00 (CET/CEST)","263","n/e","n/e","203","246","8","n/e","n/e","n/e","n/e","n/e","n/e","n/e","n/e","n/e","n/e","n/e","0","51","88","189"
"BZN|DK2","27.10.2018 20:00 - 27.10.2018 21:00 (CET/CEST)","305","n/e","n/e","144","245","8","n/e","n/e","n/e","n/e","n/e","n/e","n/e","n/e","n/e","n/e","n/e","0","46","119","137"
"BZN|DK2","27.10.2018 21:00 - 27.10.2018 22:00 (CET/CEST)","300","n/e","n/e","78","244","8","n/e","n/e","n/e","n/e","n/e","n/e","n/e","n/e","n/e","n/e","n/e","0","47","109","113"
"BZN|DK2","27.10.2018 22:00 - 27.10.2018 23:00 (CET/CEST)","304","n/e","n/e","76","245","8","n/e","n/e","n/e","n/e","n/e","n/e","n/e","n/e","n/e","n/e","n/e","0","47","75","82"
"BZN|DK2","27.10.2018 23:00 - 28.10.2018 00:00 (CET/CEST)","296","n/e","n/e","76","245","8","n/e","n/e","n/e","n/e","n/e","n/e","n/e","n/e","n/e","n/e","n/e","0","47","66","63"
"BZN|DK2","28.10.2018 00:00 - 28.10.2018 01:00 (CET/CEST)","265","n/e","n/e","41","210","7","n/e","n/e","n/e","n/e","n/e","n/e","n/e","n/e","n/e","n/e","n/e","0","47","48","62"
"BZN|DK2","28.10.2018 01:00 - 28.10.2018 02:00 (CET/CEST)","282","n/e","n/e","22","236","7","n/e","n/e","n/e","n/e","n/e","n/e","n/e","n/e","n/e","n/e","n/e","0","47","72","61"
"BZN|DK2","28.10.2018 02:00 - 28.10.2018 03:00 (CET/CEST)","186","n/e","n/e","21","237","7","n/e","n/e","n/e","n/e","n/e","n/e","n/e","n/e","n/e","n/e","n/e","0","48","104","58"
"BZN|DK2","28.10.2018 02:00 - 28.10.2018 03:00 (CET/CEST)","186","n/e","n/e","21","237","7","n/e","n/e","n/e","n/e","n/e","n/e","n/e","n/e","n/e","n/e","n/e","0","48","104","58"
"BZN|DK2","28.10.2018 03:00 - 28.10.2018 04:00 (CET/CEST)","177","n/e","n/e","21","237","7","n/e","n/e","n/e","n/e","n/e","n/e","n/e","n/e","n/e","n/e","n/e","0","46","89","72"
"BZN|DK2","28.10.2018 04:00 - 28.10.2018 05:00 (CET/CEST)","217","n/e","n/e","20","236","7","n/e","n/e","n/e","n/e","n/e","n/e","n/e","n/e","n/e","n/e","n/e","0","47","82","73"
"BZN|DK2","28.10.2018 05:00 - 28.10.2018 06:00 (CET/CEST)","133","n/e","n/e","20","236","7","n/e","n/e","n/e","n/e","n/e","n/e","n/e","n/e","n/e","n/e","n/e","0","47","98","78"
"BZN|DK2","28.10.2018 06:00 - 28.10.2018 07:00 (CET/CEST)","166","n/e","n/e","47","238","7","n/e","n/e","n/e","n/e","n/e","n/e","n/e","n/e","n/e","n/e","n/e","0","46","109","89"
"BZN|DK2","28.10.2018 07:00 - 28.10.2018 08:00 (CET/CEST)","177","n/e","n/e","80","239","9","n/e","n/e","n/e","n/e","n/e","n/e","n/e","n/e","n/e","n/e","n/e","5","46","99","102"
"BZN|DK2","28.10.2018 08:00 - 28.10.2018 09:00 (CET/CEST)","160","n/e","n/e","84","239","18","n/e","n/e","n/e","n/e","n/e","n/e","n/e","n/e","n/e","n/e","n/e","38","48","147","109"
"BZN|DK2","28.10.2018 09:00 - 28.10.2018 10:00 (CET/CEST)","154","n/e","n/e","84","238","19","n/e","n/e","n/e","n/e","n/e","n/e","n/e","n/e","n/e","n/e","n/e","73","46","150","94"
"BZN|DK2","28.10.2018 10:00 - 28.10.2018 11:00 (CET/CEST)","163","n/e","n/e","85","241","19","n/e","n/e","n/e","n/e","n/e","n/e","n/e","n/e","n/e","n/e","n/e","81","28","111","121"
"BZN|DK2","28.10.2018 11:00 - 28.10.2018 12:00 (CET/CEST)","171","n/e","n/e","85","241","19","n/e","n/e","n/e","n/e","n/e","n/e","n/e","n/e","n/e","n/e","n/e","88","28","113","139"
"BZN|DK2","28.10.2018 12:00 - 28.10.2018 13:00 (CET/CEST)","176","n/e","n/e","83","213","19","n/e","n/e","n/e","n/e","n/e","n/e","n/e","n/e","n/e","n/e","n/e","65","28","97","135"
"BZN|DK2","28.10.2018 13:00 - 28.10.2018 14:00 (CET/CEST)","173","n/e","n/e","84","241","19","n/e","n/e","n/e","n/e","n/e","n/e","n/e","n/e","n/e","n/e","n/e","52","28","103","147"
"BZN|DK2","28.10.2018 14:00 - 28.10.2018 15:00 (CET/CEST)","275","n/e","n/e","84","216","19","n/e","n/e","n/e","n/e","n/e","n/e","n/e","n/e","n/e","n/e","n/e","38","43","87","163"
"BZN|DK2","28.10.2018 15:00 - 28.10.2018 16:00 (CET/CEST)","315","n/e","n/e","83","208","19","n/e","n/e","n/e","n/e","n/e","n/e","n/e","n/e","n/e","n/e","n/e","17","47","132","182"
"BZN|DK2","28.10.2018 16:00 - 28.10.2018 17:00 (CET/CEST)","311","n/e","n/e","84","208","19","n/e","n/e","n/e","n/e","n/e","n/e","n/e","n/e","n/e","n/e","n/e","3","47","179","217"
"BZN|DK2","28.10.2018 17:00 - 28.10.2018 18:00 (CET/CEST)","351","n/e","n/e","84","166","19","n/e","n/e","n/e","n/e","n/e","n/e","n/e","n/e","n/e","n/e","n/e","0","47","239","263"
"BZN|DK2","28.10.2018 18:00 - 28.10.2018 19:00 (CET/CEST)","351","n/e","n/e","85","139","19","n/e","n/e","n/e","n/e","n/e","n/e","n/e","n/e","n/e","n/e","n/e","0","47","211","323"
"BZN|DK2","28.10.2018 19:00 - 28.10.2018 20:00 (CET/CEST)","345","n/e","n/e","85","133","19","n/e","n/e","n/e","n/e","n/e","n/e","n/e","n/e","n/e","n/e","n/e","0","48","348","377"
"BZN|DK2","28.10.2018 20:00 - 28.10.2018 21:00 (CET/CEST)","297","n/e","n/e","84","137","19","n/e","n/e","n/e","n/e","n/e","n/e","n/e","n/e","n/e","n/e","n/e","0","47","349","378"
"BZN|DK2","28.10.2018 21:00 - 28.10.2018 22:00 (CET/CEST)","338","n/e","n/e","43","207","9","n/e","n/e","n/e","n/e","n/e","n/e","n/e","n/e","n/e","n/e","n/e","0","48","364","421"
"BZN|DK2","28.10.2018 22:00 - 28.10.2018 23:00 (CET/CEST)","336","n/e","n/e","23","209","8","n/e","n/e","n/e","n/e","n/e","n/e","n/e","n/e","n/e","n/e","n/e","0","47","365","445"
"BZN|DK2","28.10.2018 23:00 - 29.10.2018 00:00 (CET/CEST)","326","n/e","n/e","20","204","7","n/e","n/e","n/e","n/e","n/e","n/e","n/e","n/e","n/e","n/e","n/e","0","47","365","442"
"BZN|DK2","29.10.2018 00:00 - 29.10.2018 01:00 (CET/CEST)","351","n/e","n/e","19","202","6","n/e","n/e","n/e","n/e","n/e","n/e","n/e","n/e","n/e","n/e","n/e","0","44","367","446"
"BZN|DK2","29.10.2018 01:00 - 29.10.2018 02:00 (CET/CEST)","359","n/e","n/e","20","204","7","n/e","n/e","n/e","n/e","n/e","n/e","n/e","n/e","n/e","n/e","n/e","0","43","363","454"
"BZN|DK2","29.10.2018 02:00 - 29.10.2018 03:00 (CET/CEST)","363","n/e","n/e","19","202","6","n/e","n/e","n/e","n/e","n/e","n/e","n/e","n/e","n/e","n/e","n/e","0","43","346","464"
"BZN|DK2","29.10.2018 03:00 - 29.10.2018 04:00 (CET/CEST)","354","n/e","n/e","20","204","7","n/e","n/e","n/e","n/e","n/e","n/e","n/e","n/e","n/e","n/e","n/e","0","42","319","422"
"BZN|DK2","29.10.2018 04:00 - 29.10.2018 05:00 (CET/CEST)","354","n/e","n/e","20","204","7","n/e","n/e","n/e","n/e","n/e","n/e","n/e","n/e","n/e","n/e","n/e","0","41","321","458"
"BZN|DK2","29.10.2018 05:00 - 29.10.2018 06:00 (CET/CEST)","358","n/e","n/e","21","206","7","n/e","n/e","n/e","n/e","n/e","n/e","n/e","n/e","n/e","n/e","n/e","0","42","321","443"
"BZN|DK2","29.10.2018 06:00 - 29.10.2018 07:00 (CET/CEST)","350","n/e","n/e","51","208","7","n/e","n/e","n/e","n/e","n/e","n/e","n/e","n/e","n/e","n/e","n/e","0","42","357","438"
"BZN|DK2","29.10.2018 07:00 - 29.10.2018 08:00 (CET/CEST)","347","n/e","n/e","94","223","12","n/e","n/e","n/e","n/e","n/e","n/e","n/e","n/e","n/e","n/e","n/e","3","43","367","450"
"BZN|DK2","29.10.2018 08:00 - 29.10.2018 09:00 (CET/CEST)","355","n/e","n/e","125","215","17","n/e","n/e","n/e","n/e","n/e","n/e","n/e","n/e","n/e","n/e","n/e","15","42","367","457"
"BZN|DK2","29.10.2018 09:00 - 29.10.2018 10:00 (CET/CEST)","355","n/e","n/e","127","207","18","n/e","n/e","n/e","n/e","n/e","n/e","n/e","n/e","n/e","n/e","n/e","38","43","369","505"
"BZN|DK2","29.10.2018 10:00 - 29.10.2018 11:00 (CET/CEST)","354","n/e","n/e","122","207","17","n/e","n/e","n/e","n/e","n/e","n/e","n/e","n/e","n/e","n/e","n/e","40","43","370","536"
"BZN|DK2","29.10.2018 11:00 - 29.10.2018 12:00 (CET/CEST)","359","n/e","n/e","107","211","18","n/e","n/e","n/e","n/e","n/e","n/e","n/e","n/e","n/e","n/e","n/e","44","43","372","543"
"BZN|DK2","29.10.2018 12:00 - 29.10.2018 13:00 (CET/CEST)","356","n/e","n/e","107","208","24","n/e","n/e","n/e","n/e","n/e","n/e","n/e","n/e","n/e","n/e","n/e","40","45","373","574"
"BZN|DK2","29.10.2018 13:00 - 29.10.2018 14:00 (CET/CEST)","358","n/e","n/e","86","143","18","n/e","n/e","n/e","n/e","n/e","n/e","n/e","n/e","n/e","n/e","n/e","29","43","373","578"
"BZN|DK2","29.10.2018 14:00 - 29.10.2018 15:00 (CET/CEST)","358","n/e","n/e","86","142","18","n/e","n/e","n/e","n/e","n/e","n/e","n/e","n/e","n/e","n/e","n/e","16","30","373","575"
"BZN|DK2","29.10.2018 15:00 - 29.10.2018 16:00 (CET/CEST)","320","n/e","n/e","85","142","18","n/e","n/e","n/e","n/e","n/e","n/e","n/e","n/e","n/e","n/e","n/e","5","24","373","566"
"BZN|DK2","29.10.2018 16:00 - 29.10.2018 17:00 (CET/CEST)","346","n/e","n/e","84","151","19","n/e","n/e","n/e","n/e","n/e","n/e","n/e","n/e","n/e","n/e","n/e","0","41","372","567"
"BZN|DK2","29.10.2018 17:00 - 29.10.2018 18:00 (CET/CEST)","342","n/e","n/e","84","214","20","n/e","n/e","n/e","n/e","n/e","n/e","n/e","n/e","n/e","n/e","n/e","0","44","372","555"
"BZN|DK2","29.10.2018 18:00 - 29.10.2018 19:00 (CET/CEST)","337","n/e","n/e","84","214","20","n/e","n/e","n/e","n/e","n/e","n/e","n/e","n/e","n/e","n/e","n/e","0","44","370","558"
"BZN|DK2","29.10.2018 19:00 - 29.10.2018 20:00 (CET/CEST)","334","n/e","n/e","82","211","18","n/e","n/e","n/e","n/e","n/e","n/e","n/e","n/e","n/e","n/e","n/e","0","44","370","577"
"BZN|DK2","29.10.2018 20:00 - 29.10.2018 21:00 (CET/CEST)","350","n/e","n/e","82","211","19","n/e","n/e","n/e","n/e","n/e","n/e","n/e","n/e","n/e","n/e","n/e","0","42","370","541"
"BZN|DK2","29.10.2018 21:00 - 29.10.2018 22:00 (CET/CEST)","313","n/e","n/e","30","211","10","n/e","n/e","n/e","n/e","n/e","n/e","n/e","n/e","n/e","n/e","n/e","0","35","369","519"
"BZN|DK2","29.10.2018 22:00 - 29.10.2018 23:00 (CET/CEST)","308","n/e","n/e","22","211","7","n/e","n/e","n/e","n/e","n/e","n/e","n/e","n/e","n/e","n/e","n/e","0","48","369","511"
"BZN|DK2","29.10.2018 23:00 - 30.10.2018 00:00 (CET/CEST)","306","n/e","n/e","20","205","7","n/e","n/e","n/e","n/e","n/e","n/e","n/e","n/e","n/e","n/e","n/e","0","53","368","513"
"BZN|DK2","30.10.2018 00:00 - 30.10.2018 01:00 (CET/CEST)","304","n/e","n/e","19","202","7","n/e","n/e","n/e","n/e","n/e","n/e","n/e","n/e","n/e","n/e","n/e","0","54","370","541"
"BZN|DK2","30.10.2018 01:00 - 30.10.2018 02:00 (CET/CEST)","308","n/e","n/e","19","150","7","n/e","n/e","n/e","n/e","n/e","n/e","n/e","n/e","n/e","n/e","n/e","0","38","370","555"
"BZN|DK2","30.10.2018 02:00 - 30.10.2018 03:00 (CET/CEST)","287","n/e","n/e","19","148","7","n/e","n/e","n/e","n/e","n/e","n/e","n/e","n/e","n/e","n/e","n/e","0","36","370","562"
"BZN|DK2","30.10.2018 03:00 - 30.10.2018 04:00 (CET/CEST)","291","n/e","n/e","19","154","7","n/e","n/e","n/e","n/e","n/e","n/e","n/e","n/e","n/e","n/e","n/e","0","55","370","583"
"BZN|DK2","30.10.2018 04:00 - 30.10.2018 05:00 (CET/CEST)","281","n/e","n/e","19","150","6","n/e","n/e","n/e","n/e","n/e","n/e","n/e","n/e","n/e","n/e","n/e","0","56","366","596"
"BZN|DK2","30.10.2018 05:00 - 30.10.2018 06:00 (CET/CEST)","282","n/e","n/e","19","168","7","n/e","n/e","n/e","n/e","n/e","n/e","n/e","n/e","n/e","n/e","n/e","0","66","366","583"
"BZN|DK2","30.10.2018 06:00 - 30.10.2018 07:00 (CET/CEST)","282","n/e","n/e","20","207","7","n/e","n/e","n/e","n/e","n/e","n/e","n/e","n/e","n/e","n/e","n/e","0","71","373","581"
"BZN|DK2","30.10.2018 07:00 - 30.10.2018 08:00 (CET/CEST)","281","n/e","n/e","50","210","7","n/e","n/e","n/e","n/e","n/e","n/e","n/e","n/e","n/e","n/e","n/e","0","72","366","565"
"BZN|DK2","30.10.2018 08:00 - 30.10.2018 09:00 (CET/CEST)","318","n/e","n/e","82","202","7","n/e","n/e","n/e","n/e","n/e","n/e","n/e","n/e","n/e","n/e","n/e","3","71","290","521"
"BZN|DK2","30.10.2018 09:00 - 30.10.2018 10:00 (CET/CEST)","319","n/e","n/e","78","164","7","n/e","n/e","n/e","n/e","n/e","n/e","n/e","n/e","n/e","n/e","n/e","9","68","135","479"
"BZN|DK2","30.10.2018 10:00 - 30.10.2018 11:00 (CET/CEST)","337","n/e","n/e","77","163","12","n/e","n/e","n/e","n/e","n/e","n/e","n/e","n/e","n/e","n/e","n/e","16","71","72","385"
"BZN|DK2","30.10.2018 11:00 - 30.10.2018 12:00 (CET/CEST)","373","n/e","n/e","78","165","17","n/e","n/e","n/e","n/e","n/e","n/e","n/e","n/e","n/e","n/e","n/e","24","69","206","315"
"BZN|DK2","30.10.2018 12:00 - 30.10.2018 13:00 (CET/CEST)","376","n/e","n/e","78","148","17","n/e","n/e","n/e","n/e","n/e","n/e","n/e","n/e","n/e","n/e","n/e","42","68","350","321"
"BZN|DK2","30.10.2018 13:00 - 30.10.2018 14:00 (CET/CEST)","377","n/e","n/e","78","148","17","n/e","n/e","n/e","n/e","n/e","n/e","n/e","n/e","n/e","n/e","n/e","72","70","293","333"
"BZN|DK2","30.10.2018 14:00 - 30.10.2018 15:00 (CET/CEST)","374","n/e","n/e","78","149","17","n/e","n/e","n/e","n/e","n/e","n/e","n/e","n/e","n/e","n/e","n/e","76","70","330","408"
"BZN|DK2","30.10.2018 15:00 - 30.10.2018 16:00 (CET/CEST)","366","n/e","n/e","79","151","17","n/e","n/e","n/e","n/e","n/e","n/e","n/e","n/e","n/e","n/e","n/e","26","66","301","377"
"BZN|DK2","30.10.2018 16:00 - 30.10.2018 17:00 (CET/CEST)","380","n/e","n/e","78","150","17","n/e","n/e","n/e","n/e","n/e","n/e","n/e","n/e","n/e","n/e","n/e","3","68","246","328"
"BZN|DK2","30.10.2018 17:00 - 30.10.2018 18:00 (CET/CEST)","365","n/e","n/e","80","153","18","n/e","n/e","n/e","n/e","n/e","n/e","n/e","n/e","n/e","n/e","n/e","0","72","86","250"
"BZN|DK2","30.10.2018 18:00 - 30.10.2018 19:00 (CET/CEST)","303","n/e","n/e","80","153","18","n/e","n/e","n/e","n/e","n/e","n/e","n/e","n/e","n/e","n/e","n/e","0","76","59","158"
"BZN|DK2","30.10.2018 19:00 - 30.10.2018 20:00 (CET/CEST)","233","n/e","n/e","78","156","17","n/e","n/e","n/e","n/e","n/e","n/e","n/e","n/e","n/e","n/e","n/e","0","75","256","116"
"BZN|DK2","30.10.2018 20:00 - 30.10.2018 21:00 (CET/CEST)","145","n/e","n/e","80","160","12","n/e","n/e","n/e","n/e","n/e","n/e","n/e","n/e","n/e","n/e","n/e","0","76","358","325"
"BZN|DK2","30.10.2018 21:00 - 30.10.2018 22:00 (CET/CEST)","241","n/e","n/e","67","149","7","n/e","n/e","n/e","n/e","n/e","n/e","n/e","n/e","n/e","n/e","n/e","0","74","370","402"
"BZN|DK2","30.10.2018 22:00 - 30.10.2018 23:00 (CET/CEST)","283","n/e","n/e","21","157","7","n/e","n/e","n/e","n/e","n/e","n/e","n/e","n/e","n/e","n/e","n/e","0","74","374","427"
"BZN|DK2","30.10.2018 23:00 - 31.10.2018 00:00 (CET/CEST)","260","n/e","n/e","19","197","6","n/e","n/e","n/e","n/e","n/e","n/e","n/e","n/e","n/e","n/e","n/e","0","71","372","429"
"BZN|DK2","31.10.2018 00:00 - 31.10.2018 01:00 (CET/CEST)","166","n/e","n/e","22","207","7","n/e","n/e","n/e","n/e","n/e","n/e","n/e","n/e","n/e","n/e","n/e","0","46","375","411"
"BZN|DK2","31.10.2018 01:00 - 31.10.2018 02:00 (CET/CEST)","287","n/e","n/e","22","199","7","n/e","n/e","n/e","n/e","n/e","n/e","n/e","n/e","n/e","n/e","n/e","0","49","374","412"
"BZN|DK2","31.10.2018 02:00 - 31.10.2018 03:00 (CET/CEST)","301","n/e","n/e","22","200","7","n/e","n/e","n/e","n/e","n/e","n/e","n/e","n/e","n/e","n/e","n/e","0","47","375","451"
"BZN|DK2","31.10.2018 03:00 - 31.10.2018 04:00 (CET/CEST)","302","n/e","n/e","22","204","7","n/e","n/e","n/e","n/e","n/e","n/e","n/e","n/e","n/e","n/e","n/e","0","44","375","455"
"BZN|DK2","31.10.2018 04:00 - 31.10.2018 05:00 (CET/CEST)","293","n/e","n/e","22","201","7","n/e","n/e","n/e","n/e","n/e","n/e","n/e","n/e","n/e","n/e","n/e","0","44","368","477"
"BZN|DK2","31.10.2018 05:00 - 31.10.2018 06:00 (CET/CEST)","287","n/e","n/e","22","158","7","n/e","n/e","n/e","n/e","n/e","n/e","n/e","n/e","n/e","n/e","n/e","0","45","368","497"
"BZN|DK2","31.10.2018 06:00 - 31.10.2018 07:00 (CET/CEST)","287","n/e","n/e","24","137","8","n/e","n/e","n/e","n/e","n/e","n/e","n/e","n/e","n/e","n/e","n/e","0","45","373","541"
"BZN|DK2","31.10.2018 07:00 - 31.10.2018 08:00 (CET/CEST)","290","n/e","n/e","28","152","9","n/e","n/e","n/e","n/e","n/e","n/e","n/e","n/e","n/e","n/e","n/e","1","45","374","597"
"BZN|DK2","31.10.2018 08:00 - 31.10.2018 09:00 (CET/CEST)","283","n/e","n/e","71","153","10","n/e","n/e","n/e","n/e","n/e","n/e","n/e","n/e","n/e","n/e","n/e","12","51","374","607"
"BZN|DK2","31.10.2018 09:00 - 31.10.2018 10:00 (CET/CEST)","288","n/e","n/e","41","147","17","n/e","n/e","n/e","n/e","n/e","n/e","n/e","n/e","n/e","n/e","n/e","27","61","372","608"
"BZN|DK2","31.10.2018 10:00 - 31.10.2018 11:00 (CET/CEST)","294","n/e","n/e","28","148","18","n/e","n/e","n/e","n/e","n/e","n/e","n/e","n/e","n/e","n/e","n/e","48","57","371","583"
"BZN|DK2","31.10.2018 11:00 - 31.10.2018 12:00 (CET/CEST)","296","n/e","n/e","72","147","18","n/e","n/e","n/e","n/e","n/e","n/e","n/e","n/e","n/e","n/e","n/e","66","63","365","542"
"BZN|DK2","31.10.2018 12:00 - 31.10.2018 13:00 (CET/CEST)","296","n/e","n/e","77","144","17","n/e","n/e","n/e","n/e","n/e","n/e","n/e","n/e","n/e","n/e","n/e","72","66","338","492"
"BZN|DK2","31.10.2018 13:00 - 31.10.2018 14:00 (CET/CEST)","299","n/e","n/e","76","141","17","n/e","n/e","n/e","n/e","n/e","n/e","n/e","n/e","n/e","n/e","n/e","59","68","257","432"
"BZN|DK2","31.10.2018 14:00 - 31.10.2018 15:00 (CET/CEST)","300","n/e","n/e","77","144","17","n/e","n/e","n/e","n/e","n/e","n/e","n/e","n/e","n/e","n/e","n/e","52","72","162","346"
"BZN|DK2","31.10.2018 15:00 - 31.10.2018 16:00 (CET/CEST)","316","n/e","n/e","86","159","20","n/e","n/e","n/e","n/e","n/e","n/e","n/e","n/e","n/e","n/e","n/e","24","60","136","228"
"BZN|DK2","31.10.2018 16:00 - 31.10.2018 17:00 (CET/CEST)","319","n/e","n/e","95","189","21","n/e","n/e","n/e","n/e","n/e","n/e","n/e","n/e","n/e","n/e","n/e","2","57","93","137"
"BZN|DK2","31.10.2018 17:00 - 31.10.2018 18:00 (CET/CEST)","331","n/e","n/e","147","283","22","n/e","n/e","n/e","n/e","n/e","n/e","n/e","n/e","n/e","n/e","n/e","0","63","75","128"
"BZN|DK2","31.10.2018 18:00 - 31.10.2018 19:00 (CET/CEST)","329","n/e","n/e","136","247","22","n/e","n/e","n/e","n/e","n/e","n/e","n/e","n/e","n/e","n/e","n/e","0","60","48","115"
"BZN|DK2","31.10.2018 19:00 - 31.10.2018 20:00 (CET/CEST)","331","n/e","n/e","125","198","19","n/e","n/e","n/e","n/e","n/e","n/e","n/e","n/e","n/e","n/e","n/e","0","56","52","95"
"BZN|DK2","31.10.2018 20:00 - 31.10.2018 21:00 (CET/CEST)","333","n/e","n/e","91","190","10","n/e","n/e","n/e","n/e","n/e","n/e","n/e","n/e","n/e","n/e","n/e","0","55","59","83"
"BZN|DK2","31.10.2018 21:00 - 31.10.2018 22:00 (CET/CEST)","333","n/e","n/e","82","186","9","n/e","n/e","n/e","n/e","n/e","n/e","n/e","n/e","n/e","n/e","n/e","0","55","60","97"
"BZN|DK2","31.10.2018 22:00 - 31.10.2018 23:00 (CET/CEST)","330","n/e","n/e","80","180","8","n/e","n/e","n/e","n/e","n/e","n/e","n/e","n/e","n/e","n/e","n/e","0","58","68","107"
"BZN|DK2","31.10.2018 23:00 - 01.11.2018 00:00 (CET/CEST)","328","n/e","n/e","31","184","8","n/e","n/e","n/e","n/e","n/e","n/e","n/e","n/e","n/e","n/e","n/e","0","53","88","123"
"BZN|DK2","01.11.2018 00:00 - 01.11.2018 01:00 (CET/CEST)","327","n/e","n/e","20","170","7","n/e","n/e","n/e","n/e","n/e","n/e","n/e","n/e","n/e","n/e","n/e","0","42","82","120"
"BZN|DK2","01.11.2018 01:00 - 01.11.2018 02:00 (CET/CEST)","325","n/e","n/e","19","141","7","n/e","n/e","n/e","n/e","n/e","n/e","n/e","n/e","n/e","n/e","n/e","0","41","109","134"
"BZN|DK2","01.11.2018 02:00 - 01.11.2018 03:00 (CET/CEST)","322","n/e","n/e","19","140","7","n/e","n/e","n/e","n/e","n/e","n/e","n/e","n/e","n/e","n/e","n/e","0","41","149","166"
"BZN|DK2","01.11.2018 03:00 - 01.11.2018 04:00 (CET/CEST)","326","n/e","n/e","19","136","7","n/e","n/e","n/e","n/e","n/e","n/e","n/e","n/e","n/e","n/e","n/e","0","41","112","187"
"BZN|DK2","01.11.2018 04:00 - 01.11.2018 05:00 (CET/CEST)","319","n/e","n/e","19","136","7","n/e","n/e","n/e","n/e","n/e","n/e","n/e","n/e","n/e","n/e","n/e","0","41","96","196"
"BZN|DK2","01.11.2018 05:00 - 01.11.2018 06:00 (CET/CEST)","322","n/e","n/e","21","140","7","n/e","n/e","n/e","n/e","n/e","n/e","n/e","n/e","n/e","n/e","n/e","0","42","105","212"
"BZN|DK2","01.11.2018 06:00 - 01.11.2018 07:00 (CET/CEST)","319","n/e","n/e","24","147","8","n/e","n/e","n/e","n/e","n/e","n/e","n/e","n/e","n/e","n/e","n/e","0","45","101","212"
"BZN|DK2","01.11.2018 07:00 - 01.11.2018 08:00 (CET/CEST)","329","n/e","n/e","25","147","8","n/e","n/e","n/e","n/e","n/e","n/e","n/e","n/e","n/e","n/e","n/e","3","51","63","180"
"BZN|DK2","01.11.2018 08:00 - 01.11.2018 09:00 (CET/CEST)","326","n/e","n/e","71","146","8","n/e","n/e","n/e","n/e","n/e","n/e","n/e","n/e","n/e","n/e","n/e","38","61","49","198"
"BZN|DK2","01.11.2018 09:00 - 01.11.2018 10:00 (CET/CEST)","328","n/e","n/e","84","150","8","n/e","n/e","n/e","n/e","n/e","n/e","n/e","n/e","n/e","n/e","n/e","82","63","74","186"
"BZN|DK2","01.11.2018 10:00 - 01.11.2018 11:00 (CET/CEST)","331","n/e","n/e","79","137","15","n/e","n/e","n/e","n/e","n/e","n/e","n/e","n/e","n/e","n/e","n/e","120","64","92","175"
"BZN|DK2","01.11.2018 11:00 - 01.11.2018 12:00 (CET/CEST)","331","n/e","n/e","81","160","18","n/e","n/e","n/e","n/e","n/e","n/e","n/e","n/e","n/e","n/e","n/e","132","62","79","180"
"BZN|DK2","01.11.2018 12:00 - 01.11.2018 13:00 (CET/CEST)","337","n/e","n/e","81","154","18","n/e","n/e","n/e","n/e","n/e","n/e","n/e","n/e","n/e","n/e","n/e","89","51","47","142"
"BZN|DK2","01.11.2018 13:00 - 01.11.2018 14:00 (CET/CEST)","337","n/e","n/e","81","168","18","n/e","n/e","n/e","n/e","n/e","n/e","n/e","n/e","n/e","n/e","n/e","58","52","50","99"
"BZN|DK2","01.11.2018 14:00 - 01.11.2018 15:00 (CET/CEST)","338","n/e","n/e","80","164","18","n/e","n/e","n/e","n/e","n/e","n/e","n/e","n/e","n/e","n/e","n/e","33","52","39","99"
"BZN|DK2","01.11.2018 15:00 - 01.11.2018 16:00 (CET/CEST)","330","n/e","n/e","81","166","18","n/e","n/e","n/e","n/e","n/e","n/e","n/e","n/e","n/e","n/e","n/e","11","45","36","91"
"BZN|DK2","01.11.2018 16:00 - 01.11.2018 17:00 (CET/CEST)","331","n/e","n/e","93","165","19","n/e","n/e","n/e","n/e","n/e","n/e","n/e","n/e","n/e","n/e","n/e","1","42","60","99"
"BZN|DK2","01.11.2018 17:00 - 01.11.2018 18:00 (CET/CEST)","330","n/e","n/e","86","167","20","n/e","n/e","n/e","n/e","n/e","n/e","n/e","n/e","n/e","n/e","n/e","0","42","49","111"
"BZN|DK2","01.11.2018 18:00 - 01.11.2018 19:00 (CET/CEST)","329","n/e","n/e","85","159","20","n/e","n/e","n/e","n/e","n/e","n/e","n/e","n/e","n/e","n/e","n/e","0","42","75","114"
"BZN|DK2","01.11.2018 19:00 - 01.11.2018 20:00 (CET/CEST)","329","n/e","n/e","85","151","20","n/e","n/e","n/e","n/e","n/e","n/e","n/e","n/e","n/e","n/e","n/e","0","43","63","109"
"BZN|DK2","01.11.2018 20:00 - 01.11.2018 21:00 (CET/CEST)","326","n/e","n/e","82","146","15","n/e","n/e","n/e","n/e","n/e","n/e","n/e","n/e","n/e","n/e","n/e","0","42","50","89"
"BZN|DK2","01.11.2018 21:00 - 01.11.2018 22:00 (CET/CEST)","329","n/e","n/e","32","145","8","n/e","n/e","n/e","n/e","n/e","n/e","n/e","n/e","n/e","n/e","n/e","0","41","31","82"
"BZN|DK2","01.11.2018 22:00 - 01.11.2018 23:00 (CET/CEST)","321","n/e","n/e","23","137","8","n/e","n/e","n/e","n/e","n/e","n/e","n/e","n/e","n/e","n/e","n/e","0","41","66","71"
"BZN|DK2","01.11.2018 23:00 - 02.11.2018 00:00 (CET/CEST)","324","n/e","n/e","22","137","7","n/e","n/e","n/e","n/e","n/e","n/e","n/e","n/e","n/e","n/e","n/e","0","42","76","73"
"BZN|DK2","02.11.2018 00:00 - 02.11.2018 01:00 (CET/CEST)","328","n/e","n/e","20","139","7","n/e","n/e","n/e","n/e","n/e","n/e","n/e","n/e","n/e","n/e","n/e","0","45","149","84"
"BZN|DK2","02.11.2018 01:00 - 02.11.2018 02:00 (CET/CEST)","330","n/e","n/e","20","142","7","n/e","n/e","n/e","n/e","n/e","n/e","n/e","n/e","n/e","n/e","n/e","0","47","113","113"
"BZN|DK2","02.11.2018 02:00 - 02.11.2018 03:00 (CET/CEST)","334","n/e","n/e","20","146","7","n/e","n/e","n/e","n/e","n/e","n/e","n/e","n/e","n/e","n/e","n/e","0","48","95","105"
"BZN|DK2","02.11.2018 03:00 - 02.11.2018 04:00 (CET/CEST)","331","n/e","n/e","20","142","7","n/e","n/e","n/e","n/e","n/e","n/e","n/e","n/e","n/e","n/e","n/e","0","47","130","94"
"BZN|DK2","02.11.2018 04:00 - 02.11.2018 05:00 (CET/CEST)","333","n/e","n/e","20","143","7","n/e","n/e","n/e","n/e","n/e","n/e","n/e","n/e","n/e","n/e","n/e","0","47","205","148"
"BZN|DK2","02.11.2018 05:00 - 02.11.2018 06:00 (CET/CEST)","331","n/e","n/e","20","141","7","n/e","n/e","n/e","n/e","n/e","n/e","n/e","n/e","n/e","n/e","n/e","0","47","183","192"
"BZN|DK2","02.11.2018 06:00 - 02.11.2018 07:00 (CET/CEST)","329","n/e","n/e","21","143","7","n/e","n/e","n/e","n/e","n/e","n/e","n/e","n/e","n/e","n/e","n/e","0","47","258","219"
"BZN|DK2","02.11.2018 07:00 - 02.11.2018 08:00 (CET/CEST)","328","n/e","n/e","25","150","8","n/e","n/e","n/e","n/e","n/e","n/e","n/e","n/e","n/e","n/e","n/e","1","47","346","282"
"BZN|DK2","02.11.2018 08:00 - 02.11.2018 09:00 (CET/CEST)","328","n/e","n/e","27","147","9","n/e","n/e","n/e","n/e","n/e","n/e","n/e","n/e","n/e","n/e","n/e","9","49","345","350"
"BZN|DK2","02.11.2018 09:00 - 02.11.2018 10:00 (CET/CEST)","357","n/e","n/e","89","164","9","n/e","n/e","n/e","n/e","n/e","n/e","n/e","n/e","n/e","n/e","n/e","21","50","342","383"
"BZN|DK2","02.11.2018 10:00 - 02.11.2018 11:00 (CET/CEST)","376","n/e","n/e","139","161","8","n/e","n/e","n/e","n/e","n/e","n/e","n/e","n/e","n/e","n/e","n/e","57","50","307","366"
"BZN|DK2","02.11.2018 11:00 - 02.11.2018 12:00 (CET/CEST)","382","n/e","n/e","146","182","9","n/e","n/e","n/e","n/e","n/e","n/e","n/e","n/e","n/e","n/e","n/e","92","63","357","387"
"BZN|DK2","02.11.2018 12:00 - 02.11.2018 13:00 (CET/CEST)","378","n/e","n/e","130","225","8","n/e","n/e","n/e","n/e","n/e","n/e","n/e","n/e","n/e","n/e","n/e","46","64","362","422"
"BZN|DK2","02.11.2018 13:00 - 02.11.2018 14:00 (CET/CEST)","333","n/e","n/e","128","229","12","n/e","n/e","n/e","n/e","n/e","n/e","n/e","n/e","n/e","n/e","n/e","23","64","328","424"
"BZN|DK2","02.11.2018 14:00 - 02.11.2018 15:00 (CET/CEST)","323","n/e","n/e","117","182","17","n/e","n/e","n/e","n/e","n/e","n/e","n/e","n/e","n/e","n/e","n/e","18","63","345","452"
"BZN|DK2","02.11.2018 15:00 - 02.11.2018 16:00 (CET/CEST)","323","n/e","n/e","101","180","18","n/e","n/e","n/e","n/e","n/e","n/e","n/e","n/e","n/e","n/e","n/e","11","62","299","461"
"BZN|DK2","02.11.2018 16:00 - 02.11.2018 17:00 (CET/CEST)","325","n/e","n/e","102","158","19","n/e","n/e","n/e","n/e","n/e","n/e","n/e","n/e","n/e","n/e","n/e","2","60","308","457"
"BZN|DK2","02.11.2018 17:00 - 02.11.2018 18:00 (CET/CEST)","322","n/e","n/e","75","157","19","n/e","n/e","n/e","n/e","n/e","n/e","n/e","n/e","n/e","n/e","n/e","0","60","336","434"
"BZN|DK2","02.11.2018 18:00 - 02.11.2018 19:00 (CET/CEST)","323","n/e","n/e","75","155","19","n/e","n/e","n/e","n/e","n/e","n/e","n/e","n/e","n/e","n/e","n/e","0","60","306","378"
"BZN|DK2","02.11.2018 19:00 - 02.11.2018 20:00 (CET/CEST)","324","n/e","n/e","75","154","19","n/e","n/e","n/e","n/e","n/e","n/e","n/e","n/e","n/e","n/e","n/e","0","60","193","303"
"BZN|DK2","02.11.2018 20:00 - 02.11.2018 21:00 (CET/CEST)","323","n/e","n/e","74","152","18","n/e","n/e","n/e","n/e","n/e","n/e","n/e","n/e","n/e","n/e","n/e","0","59","145","287"
"BZN|DK2","02.11.2018 21:00 - 02.11.2018 22:00 (CET/CEST)","324","n/e","n/e","67","154","18","n/e","n/e","n/e","n/e","n/e","n/e","n/e","n/e","n/e","n/e","n/e","0","60","113","243"
"BZN|DK2","02.11.2018 22:00 - 02.11.2018 23:00 (CET/CEST)","321","n/e","n/e","27","153","17","n/e","n/e","n/e","n/e","n/e","n/e","n/e","n/e","n/e","n/e","n/e","0","47","130","190"
"BZN|DK2","02.11.2018 23:00 - 03.11.2018 00:00 (CET/CEST)","321","n/e","n/e","22","146","10","n/e","n/e","n/e","n/e","n/e","n/e","n/e","n/e","n/e","n/e","n/e","0","44","113","173"
"BZN|DK2","03.11.2018 00:00 - 03.11.2018 01:00 (CET/CEST)","317","n/e","n/e","18","146","6","n/e","n/e","n/e","n/e","n/e","n/e","n/e","n/e","n/e","n/e","n/e","0","44","125","180"
"BZN|DK2","03.11.2018 01:00 - 03.11.2018 02:00 (CET/CEST)","317","n/e","n/e","19","160","7","n/e","n/e","n/e","n/e","n/e","n/e","n/e","n/e","n/e","n/e","n/e","0","33","87","170"
"BZN|DK2","03.11.2018 02:00 - 03.11.2018 03:00 (CET/CEST)","319","n/e","n/e","19","154","7","n/e","n/e","n/e","n/e","n/e","n/e","n/e","n/e","n/e","n/e","n/e","0","37","72","161"
"BZN|DK2","03.11.2018 03:00 - 03.11.2018 04:00 (CET/CEST)","317","n/e","n/e","19","158","7","n/e","n/e","n/e","n/e","n/e","n/e","n/e","n/e","n/e","n/e","n/e","0","42","64","127"
"BZN|DK2","03.11.2018 04:00 - 03.11.2018 05:00 (CET/CEST)","315","n/e","n/e","19","155","7","n/e","n/e","n/e","n/e","n/e","n/e","n/e","n/e","n/e","n/e","n/e","0","42","45","113"
"BZN|DK2","03.11.2018 05:00 - 03.11.2018 06:00 (CET/CEST)","315","n/e","n/e","21","154","7","n/e","n/e","n/e","n/e","n/e","n/e","n/e","n/e","n/e","n/e","n/e","0","42","34","87"
"BZN|DK2","03.11.2018 06:00 - 03.11.2018 07:00 (CET/CEST)","324","n/e","n/e","28","158","8","n/e","n/e","n/e","n/e","n/e","n/e","n/e","n/e","n/e","n/e","n/e","0","42","25","74"
"BZN|DK2","03.11.2018 07:00 - 03.11.2018 08:00 (CET/CEST)","327","n/e","n/e","74","164","9","n/e","n/e","n/e","n/e","n/e","n/e","n/e","n/e","n/e","n/e","n/e","3","40","16","70"
"BZN|DK2","03.11.2018 08:00 - 03.11.2018 09:00 (CET/CEST)","328","n/e","n/e","91","171","10","n/e","n/e","n/e","n/e","n/e","n/e","n/e","n/e","n/e","n/e","n/e","36","42","9","63"
"BZN|DK2","03.11.2018 09:00 - 03.11.2018 10:00 (CET/CEST)","333","n/e","n/e","76","220","10","n/e","n/e","n/e","n/e","n/e","n/e","n/e","n/e","n/e","n/e","n/e","86","71","12","46"
"BZN|DK2","03.11.2018 10:00 - 03.11.2018 11:00 (CET/CEST)","333","n/e","n/e","75","212","10","n/e","n/e","n/e","n/e","n/e","n/e","n/e","n/e","n/e","n/e","n/e","125","74","7","35"
"BZN|DK2","03.11.2018 11:00 - 03.11.2018 12:00 (CET/CEST)","334","n/e","n/e","74","160","28","n/e","n/e","n/e","n/e","n/e","n/e","n/e","n/e","n/e","n/e","n/e","146","76","10","48"
"BZN|DK2","03.11.2018 12:00 - 03.11.2018 13:00 (CET/CEST)","334","n/e","n/e","73","157","62","n/e","n/e","n/e","n/e","n/e","n/e","n/e","n/e","n/e","n/e","n/e","130","75","30","58"
"BZN|DK2","03.11.2018 13:00 - 03.11.2018 14:00 (CET/CEST)","336","n/e","n/e","70","162","18","n/e","n/e","n/e","n/e","n/e","n/e","n/e","n/e","n/e","n/e","n/e","115","75","30","67"
"BZN|DK2","03.11.2018 14:00 - 03.11.2018 15:00 (CET/CEST)","337","n/e","n/e","84","153","18","n/e","n/e","n/e","n/e","n/e","n/e","n/e","n/e","n/e","n/e","n/e","83","79","16","61"
"BZN|DK2","03.11.2018 15:00 - 03.11.2018 16:00 (CET/CEST)","337","n/e","n/e","74","162","18","n/e","n/e","n/e","n/e","n/e","n/e","n/e","n/e","n/e","n/e","n/e","30","79","11","58"
"BZN|DK2","03.11.2018 16:00 - 03.11.2018 17:00 (CET/CEST)","379","n/e","n/e","45","233","19","n/e","n/e","n/e","n/e","n/e","n/e","n/e","n/e","n/e","n/e","n/e","2","80","31","62"
"BZN|DK2","03.11.2018 17:00 - 03.11.2018 18:00 (CET/CEST)","383","n/e","n/e","29","214","19","n/e","n/e","n/e","n/e","n/e","n/e","n/e","n/e","n/e","n/e","n/e","0","80","40","93"
"BZN|DK2","03.11.2018 18:00 - 03.11.2018 19:00 (CET/CEST)","387","n/e","n/e","28","159","19","n/e","n/e","n/e","n/e","n/e","n/e","n/e","n/e","n/e","n/e","n/e","0","79","40","100"
"BZN|DK2","03.11.2018 19:00 - 03.11.2018 20:00 (CET/CEST)","349","n/e","n/e","24","157","18","n/e","n/e","n/e","n/e","n/e","n/e","n/e","n/e","n/e","n/e","n/e","0","79","50","99"
"BZN|DK2","03.11.2018 20:00 - 03.11.2018 21:00 (CET/CEST)","322","n/e","n/e","22","141","17","n/e","n/e","n/e","n/e","n/e","n/e","n/e","n/e","n/e","n/e","n/e","0","79","52","105"
"BZN|DK2","03.11.2018 21:00 - 03.11.2018 22:00 (CET/CEST)","327","n/e","n/e","21","151","10","n/e","n/e","n/e","n/e","n/e","n/e","n/e","n/e","n/e","n/e","n/e","0","79","65","112"
"BZN|DK2","03.11.2018 22:00 - 03.11.2018 23:00 (CET/CEST)","325","n/e","n/e","20","145","7","n/e","n/e","n/e","n/e","n/e","n/e","n/e","n/e","n/e","n/e","n/e","0","78","58","134"
"BZN|DK2","03.11.2018 23:00 - 04.11.2018 00:00 (CET/CEST)","325","n/e","n/e","20","142","7","n/e","n/e","n/e","n/e","n/e","n/e","n/e","n/e","n/e","n/e","n/e","0","78","55","129"
"BZN|DK2","04.11.2018 00:00 - 04.11.2018 01:00 (CET/CEST)","324","n/e","n/e","19","136","7","n/e","n/e","n/e","n/e","n/e","n/e","n/e","n/e","n/e","n/e","n/e","0","78","50","112"
"BZN|DK2","04.11.2018 01:00 - 04.11.2018 02:00 (CET/CEST)","276","n/e","n/e","19","130","7","n/e","n/e","n/e","n/e","n/e","n/e","n/e","n/e","n/e","n/e","n/e","0","78","48","111"
"BZN|DK2","04.11.2018 02:00 - 04.11.2018 03:00 (CET/CEST)","267","n/e","n/e","19","130","7","n/e","n/e","n/e","n/e","n/e","n/e","n/e","n/e","n/e","n/e","n/e","0","78","71","105"
"BZN|DK2","04.11.2018 03:00 - 04.11.2018 04:00 (CET/CEST)","247","n/e","n/e","19","130","7","n/e","n/e","n/e","n/e","n/e","n/e","n/e","n/e","n/e","n/e","n/e","0","78","106","140"
"BZN|DK2","04.11.2018 04:00 - 04.11.2018 05:00 (CET/CEST)","248","n/e","n/e","19","134","7","n/e","n/e","n/e","n/e","n/e","n/e","n/e","n/e","n/e","n/e","n/e","0","78","128","167"
"BZN|DK2","04.11.2018 05:00 - 04.11.2018 06:00 (CET/CEST)","286","n/e","n/e","20","135","7","n/e","n/e","n/e","n/e","n/e","n/e","n/e","n/e","n/e","n/e","n/e","0","78","108","175"
"BZN|DK2","04.11.2018 06:00 - 04.11.2018 07:00 (CET/CEST)","325","n/e","n/e","20","146","7","n/e","n/e","n/e","n/e","n/e","n/e","n/e","n/e","n/e","n/e","n/e","0","72","98","195"
"BZN|DK2","04.11.2018 07:00 - 04.11.2018 08:00 (CET/CEST)","327","n/e","n/e","21","154","7","n/e","n/e","n/e","n/e","n/e","n/e","n/e","n/e","n/e","n/e","n/e","2","74","125","225"
"BZN|DK2","04.11.2018 08:00 - 04.11.2018 09:00 (CET/CEST)","333","n/e","n/e","48","157","8","n/e","n/e","n/e","n/e","n/e","n/e","n/e","n/e","n/e","n/e","n/e","22","78","146","205"
"BZN|DK2","04.11.2018 09:00 - 04.11.2018 10:00 (CET/CEST)","337","n/e","n/e","81","162","8","n/e","n/e","n/e","n/e","n/e","n/e","n/e","n/e","n/e","n/e","n/e","42","78","110","184"
"BZN|DK2","04.11.2018 10:00 - 04.11.2018 11:00 (CET/CEST)","340","n/e","n/e","84","164","9","n/e","n/e","n/e","n/e","n/e","n/e","n/e","n/e","n/e","n/e","n/e","51","78","67","182"
"BZN|DK2","04.11.2018 11:00 - 04.11.2018 12:00 (CET/CEST)","329","n/e","n/e","85","161","17","n/e","n/e","n/e","n/e","n/e","n/e","n/e","n/e","n/e","n/e","n/e","73","77","74","183"
"BZN|DK2","04.11.2018 12:00 - 04.11.2018 13:00 (CET/CEST)","331","n/e","n/e","84","158","18","n/e","n/e","n/e","n/e","n/e","n/e","n/e","n/e","n/e","n/e","n/e","56","79","88","177"
"BZN|DK2","04.11.2018 13:00 - 04.11.2018 14:00 (CET/CEST)","335","n/e","n/e","84","159","18","n/e","n/e","n/e","n/e","n/e","n/e","n/e","n/e","n/e","n/e","n/e","33","78","62","158"
"BZN|DK2","04.11.2018 14:00 - 04.11.2018 15:00 (CET/CEST)","333","n/e","n/e","93","186","18","n/e","n/e","n/e","n/e","n/e","n/e","n/e","n/e","n/e","n/e","n/e","17","78","59","144"
"BZN|DK2","04.11.2018 15:00 - 04.11.2018 16:00 (CET/CEST)","333","n/e","n/e","98","206","19","n/e","n/e","n/e","n/e","n/e","n/e","n/e","n/e","n/e","n/e","n/e","5","79","48","122"
"BZN|DK2","04.11.2018 16:00 - 04.11.2018 17:00 (CET/CEST)","327","n/e","n/e","88","175","21","n/e","n/e","n/e","n/e","n/e","n/e","n/e","n/e","n/e","n/e","n/e","0","79","56","122"
"BZN|DK2","04.11.2018 17:00 - 04.11.2018 18:00 (CET/CEST)","330","n/e","n/e","97","170","21","n/e","n/e","n/e","n/e","n/e","n/e","n/e","n/e","n/e","n/e","n/e","0","79","45","114"
"BZN|DK2","04.11.2018 18:00 - 04.11.2018 19:00 (CET/CEST)","329","n/e","n/e","95","169","22","n/e","n/e","n/e","n/e","n/e","n/e","n/e","n/e","n/e","n/e","n/e","0","79","54","91"
"BZN|DK2","04.11.2018 19:00 - 04.11.2018 20:00 (CET/CEST)","329","n/e","n/e","90","167","22","n/e","n/e","n/e","n/e","n/e","n/e","n/e","n/e","n/e","n/e","n/e","0","80","30","74"
"BZN|DK2","04.11.2018 20:00 - 04.11.2018 21:00 (CET/CEST)","328","n/e","n/e","87","168","20","n/e","n/e","n/e","n/e","n/e","n/e","n/e","n/e","n/e","n/e","n/e","0","79","37","61"
"BZN|DK2","04.11.2018 21:00 - 04.11.2018 22:00 (CET/CEST)","329","n/e","n/e","43","165","11","n/e","n/e","n/e","n/e","n/e","n/e","n/e","n/e","n/e","n/e","n/e","0","79","46","54"
"BZN|DK2","04.11.2018 22:00 - 04.11.2018 23:00 (CET/CEST)","328","n/e","n/e","24","163","8","n/e","n/e","n/e","n/e","n/e","n/e","n/e","n/e","n/e","n/e","n/e","0","78","46","49"
"BZN|DK2","04.11.2018 23:00 - 05.11.2018 00:00 (CET/CEST)","311","n/e","n/e","22","157","7","n/e","n/e","n/e","n/e","n/e","n/e","n/e","n/e","n/e","n/e","n/e","0","79","35","46"
"BZN|DK2","05.11.2018 00:00 - 05.11.2018 01:00 (CET/CEST)","328","n/e","n/e","20","161","7","n/e","n/e","n/e","n/e","n/e","n/e","n/e","n/e","n/e","n/e","n/e","0","79","41","46"
"BZN|DK2","05.11.2018 01:00 - 05.11.2018 02:00 (CET/CEST)","330","n/e","n/e","20","157","7","n/e","n/e","n/e","n/e","n/e","n/e","n/e","n/e","n/e","n/e","n/e","0","78","51","54"
"BZN|DK2","05.11.2018 02:00 - 05.11.2018 03:00 (CET/CEST)","300","n/e","n/e","20","159","7","n/e","n/e","n/e","n/e","n/e","n/e","n/e","n/e","n/e","n/e","n/e","0","79","66","54"
"BZN|DK2","05.11.2018 03:00 - 05.11.2018 04:00 (CET/CEST)","256","n/e","n/e","20","157","7","n/e","n/e","n/e","n/e","n/e","n/e","n/e","n/e","n/e","n/e","n/e","0","79","64","53"
"BZN|DK2","05.11.2018 04:00 - 05.11.2018 05:00 (CET/CEST)","271","n/e","n/e","20","156","7","n/e","n/e","n/e","n/e","n/e","n/e","n/e","n/e","n/e","n/e","n/e","0","79","47","52"
"BZN|DK2","05.11.2018 05:00 - 05.11.2018 06:00 (CET/CEST)","313","n/e","n/e","22","156","7","n/e","n/e","n/e","n/e","n/e","n/e","n/e","n/e","n/e","n/e","n/e","0","79","63","42"
"BZN|DK2","05.11.2018 06:00 - 05.11.2018 07:00 (CET/CEST)","309","n/e","n/e","41","191","9","n/e","n/e","n/e","n/e","n/e","n/e","n/e","n/e","n/e","n/e","n/e","0","78","58","55"
"BZN|DK2","05.11.2018 07:00 - 05.11.2018 08:00 (CET/CEST)","266","n/e","n/e","128","284","11","n/e","n/e","n/e","n/e","n/e","n/e","n/e","n/e","n/e","n/e","n/e","0","80","36","65"
"BZN|DK2","05.11.2018 08:00 - 05.11.2018 09:00 (CET/CEST)","282","n/e","n/e","160","270","11","n/e","n/e","n/e","n/e","n/e","n/e","n/e","n/e","n/e","n/e","n/e","1","80","51","69"
"BZN|DK2","05.11.2018 09:00 - 05.11.2018 10:00 (CET/CEST)","274","n/e","n/e","136","291","17","n/e","n/e","n/e","n/e","n/e","n/e","n/e","n/e","n/e","n/e","n/e","6","80","51","59"
"BZN|DK2","05.11.2018 10:00 - 05.11.2018 11:00 (CET/CEST)","273","n/e","n/e","120","289","21","n/e","n/e","n/e","n/e","n/e","n/e","n/e","n/e","n/e","n/e","n/e","10","80","44","58"
"BZN|DK2","05.11.2018 11:00 - 05.11.2018 12:00 (CET/CEST)","308","n/e","n/e","145","293","22","n/e","n/e","n/e","n/e","n/e","n/e","n/e","n/e","n/e","n/e","n/e","11","80","51","57"
"BZN|DK2","05.11.2018 12:00 - 05.11.2018 13:00 (CET/CEST)","335","n/e","n/e","147","298","22","n/e","n/e","n/e","n/e","n/e","n/e","n/e","n/e","n/e","n/e","n/e","11","79","45","55"
"BZN|DK2","05.11.2018 13:00 - 05.11.2018 14:00 (CET/CEST)","336","n/e","n/e","142","298","22","n/e","n/e","n/e","n/e","n/e","n/e","n/e","n/e","n/e","n/e","n/e","8","79","43","52"
"BZN|DK2","05.11.2018 14:00 - 05.11.2018 15:00 (CET/CEST)","332","n/e","n/e","137","296","22","n/e","n/e","n/e","n/e","n/e","n/e","n/e","n/e","n/e","n/e","n/e","5","75","77","68"
"BZN|DK2","05.11.2018 15:00 - 05.11.2018 16:00 (CET/CEST)","324","n/e","n/e","110","288","20","n/e","n/e","n/e","n/e","n/e","n/e","n/e","n/e","n/e","n/e","n/e","2","44","66","66"
"BZN|DK2","05.11.2018 16:00 - 05.11.2018 17:00 (CET/CEST)","335","n/e","n/e","116","287","20","n/e","n/e","n/e","n/e","n/e","n/e","n/e","n/e","n/e","n/e","n/e","0","45","76","78"
"BZN|DK2","05.11.2018 17:00 - 05.11.2018 18:00 (CET/CEST)","332","n/e","n/e","111","267","20","n/e","n/e","n/e","n/e","n/e","n/e","n/e","n/e","n/e","n/e","n/e","0","45","86","99"
"BZN|DK2","05.11.2018 18:00 - 05.11.2018 19:00 (CET/CEST)","326","n/e","n/e","110","248","16","n/e","n/e","n/e","n/e","n/e","n/e","n/e","n/e","n/e","n/e","n/e","0","44","93","106"
"BZN|DK2","05.11.2018 19:00 - 05.11.2018 20:00 (CET/CEST)","329","n/e","n/e","100","240","10","n/e","n/e","n/e","n/e","n/e","n/e","n/e","n/e","n/e","n/e","n/e","0","43","102","101"
"BZN|DK2","05.11.2018 20:00 - 05.11.2018 21:00 (CET/CEST)","331","n/e","n/e","83","193","9","n/e","n/e","n/e","n/e","n/e","n/e","n/e","n/e","n/e","n/e","n/e","0","44","110","105"
"BZN|DK2","05.11.2018 21:00 - 05.11.2018 22:00 (CET/CEST)","311","n/e","n/e","27","207","9","n/e","n/e","n/e","n/e","n/e","n/e","n/e","n/e","n/e","n/e","n/e","0","44","123","125"
"BZN|DK2","05.11.2018 22:00 - 05.11.2018 23:00 (CET/CEST)","311","n/e","n/e","23","202","8","n/e","n/e","n/e","n/e","n/e","n/e","n/e","n/e","n/e","n/e","n/e","0","43","154","133"
"BZN|DK2","05.11.2018 23:00 - 06.11.2018 00:00 (CET/CEST)","308","n/e","n/e","20","189","7","n/e","n/e","n/e","n/e","n/e","n/e","n/e","n/e","n/e","n/e","n/e","0","43","182","142"
"BZN|DK2","06.11.2018 00:00 - 06.11.2018 01:00 (CET/CEST)","266","n/e","n/e","18","157","6","n/e","n/e","n/e","n/e","n/e","n/e","n/e","n/e","n/e","n/e","n/e","0","42","172","141"
"BZN|DK2","06.11.2018 01:00 - 06.11.2018 02:00 (CET/CEST)","310","n/e","n/e","18","141","6","n/e","n/e","n/e","n/e","n/e","n/e","n/e","n/e","n/e","n/e","n/e","0","42","135","135"
"BZN|DK2","06.11.2018 02:00 - 06.11.2018 03:00 (CET/CEST)","329","n/e","n/e","19","143","7","n/e","n/e","n/e","n/e","n/e","n/e","n/e","n/e","n/e","n/e","n/e","0","43","90","136"
"BZN|DK2","06.11.2018 03:00 - 06.11.2018 04:00 (CET/CEST)","329","n/e","n/e","19","142","7","n/e","n/e","n/e","n/e","n/e","n/e","n/e","n/e","n/e","n/e","n/e","0","43","112","140"
"BZN|DK2","06.11.2018 04:00 - 06.11.2018 05:00 (CET/CEST)","329","n/e","n/e","19","141","6","n/e","n/e","n/e","n/e","n/e","n/e","n/e","n/e","n/e","n/e","n/e","0","43","109","131"
"BZN|DK2","06.11.2018 05:00 - 06.11.2018 06:00 (CET/CEST)","328","n/e","n/e","19","143","7","n/e","n/e","n/e","n/e","n/e","n/e","n/e","n/e","n/e","n/e","n/e","0","42","100","149"
"BZN|DK2","06.11.2018 06:00 - 06.11.2018 07:00 (CET/CEST)","329","n/e","n/e","23","159","8","n/e","n/e","n/e","n/e","n/e","n/e","n/e","n/e","n/e","n/e","n/e","0","43","81","157"
"BZN|DK2","06.11.2018 07:00 - 06.11.2018 08:00 (CET/CEST)","327","n/e","n/e","36","207","10","n/e","n/e","n/e","n/e","n/e","n/e","n/e","n/e","n/e","n/e","n/e","1","43","80","154"
"BZN|DK2","06.11.2018 08:00 - 06.11.2018 09:00 (CET/CEST)","328","n/e","n/e","43","204","11","n/e","n/e","n/e","n/e","n/e","n/e","n/e","n/e","n/e","n/e","n/e","21","42","121","140"
"BZN|DK2","06.11.2018 09:00 - 06.11.2018 10:00 (CET/CEST)","330","n/e","n/e","45","210","11","n/e","n/e","n/e","n/e","n/e","n/e","n/e","n/e","n/e","n/e","n/e","60","45","104","87"
"BZN|DK2","06.11.2018 10:00 - 06.11.2018 11:00 (CET/CEST)","330","n/e","n/e","44","195","18","n/e","n/e","n/e","n/e","n/e","n/e","n/e","n/e","n/e","n/e","n/e","95","44","66","66"
"BZN|DK2","06.11.2018 11:00 - 06.11.2018 12:00 (CET/CEST)","331","n/e","n/e","41","168","20","n/e","n/e","n/e","n/e","n/e","n/e","n/e","n/e","n/e","n/e","n/e","110","44","36","56"
"BZN|DK2","06.11.2018 12:00 - 06.11.2018 13:00 (CET/CEST)","330","n/e","n/e","54","160","19","n/e","n/e","n/e","n/e","n/e","n/e","n/e","n/e","n/e","n/e","n/e","107","45","28","43"
"BZN|DK2","06.11.2018 13:00 - 06.11.2018 14:00 (CET/CEST)","338","n/e","n/e","86","156","18","n/e","n/e","n/e","n/e","n/e","n/e","n/e","n/e","n/e","n/e","n/e","75","43","21","33"
"BZN|DK2","06.11.2018 14:00 - 06.11.2018 15:00 (CET/CEST)","337","n/e","n/e","97","225","17","n/e","n/e","n/e","n/e","n/e","n/e","n/e","n/e","n/e","n/e","n/e","37","43","5","20"
"BZN|DK2","06.11.2018 15:00 - 06.11.2018 16:00 (CET/CEST)","340","n/e","n/e","113","264","17","n/e","n/e","n/e","n/e","n/e","n/e","n/e","n/e","n/e","n/e","n/e","12","42","1","15"
"BZN|DK2","06.11.2018 16:00 - 06.11.2018 17:00 (CET/CEST)","351","n/e","n/e","115","200","19","n/e","n/e","n/e","n/e","n/e","n/e","n/e","n/e","n/e","n/e","n/e","0","43","12","15"
"BZN|DK2","06.11.2018 17:00 - 06.11.2018 18:00 (CET/CEST)","385","n/e","n/e","124","183","22","n/e","n/e","n/e","n/e","n/e","n/e","n/e","n/e","n/e","n/e","n/e","0","44","27","28"
"BZN|DK2","06.11.2018 18:00 - 06.11.2018 19:00 (CET/CEST)","369","n/e","n/e","124","176","22","n/e","n/e","n/e","n/e","n/e","n/e","n/e","n/e","n/e","n/e","n/e","0","43","45","39"
"BZN|DK2","06.11.2018 19:00 - 06.11.2018 20:00 (CET/CEST)","328","n/e","n/e","123","173","14","n/e","n/e","n/e","n/e","n/e","n/e","n/e","n/e","n/e","n/e","n/e","0","43","36","34"
"BZN|DK2","06.11.2018 20:00 - 06.11.2018 21:00 (CET/CEST)","327","n/e","n/e","117","157","10","n/e","n/e","n/e","n/e","n/e","n/e","n/e","n/e","n/e","n/e","n/e","0","44","19","26"
"BZN|DK2","06.11.2018 21:00 - 06.11.2018 22:00 (CET/CEST)","354","n/e","n/e","52","144","7","n/e","n/e","n/e","n/e","n/e","n/e","n/e","n/e","n/e","n/e","n/e","0","42","9","20"
"BZN|DK2","06.11.2018 22:00 - 06.11.2018 23:00 (CET/CEST)","304","n/e","n/e","40","140","7","n/e","n/e","n/e","n/e","n/e","n/e","n/e","n/e","n/e","n/e","n/e","0","44","12","22"
"BZN|DK2","06.11.2018 23:00 - 07.11.2018 00:00 (CET/CEST)","268","n/e","n/e","40","135","7","n/e","n/e","n/e","n/e","n/e","n/e","n/e","n/e","n/e","n/e","n/e","0","44","11","28"
"BZN|DK2","07.11.2018 00:00 - 07.11.2018 01:00 (CET/CEST)","323","n/e","n/e","40","141","7","n/e","n/e","n/e","n/e","n/e","n/e","n/e","n/e","n/e","n/e","n/e","0","43","20","41"
"BZN|DK2","07.11.2018 01:00 - 07.11.2018 02:00 (CET/CEST)","286","n/e","n/e","40","138","7","n/e","n/e","n/e","n/e","n/e","n/e","n/e","n/e","n/e","n/e","n/e","0","43","34","66"
"BZN|DK2","07.11.2018 02:00 - 07.11.2018 03:00 (CET/CEST)","298","n/e","n/e","40","138","7","n/e","n/e","n/e","n/e","n/e","n/e","n/e","n/e","n/e","n/e","n/e","0","44","69","86"
"BZN|DK2","07.11.2018 03:00 - 07.11.2018 04:00 (CET/CEST)","296","n/e","n/e","40","139","7","n/e","n/e","n/e","n/e","n/e","n/e","n/e","n/e","n/e","n/e","n/e","0","44","74","114"
"BZN|DK2","07.11.2018 04:00 - 07.11.2018 05:00 (CET/CEST)","297","n/e","n/e","40","146","7","n/e","n/e","n/e","n/e","n/e","n/e","n/e","n/e","n/e","n/e","n/e","0","44","81","113"
"BZN|DK2","07.11.2018 05:00 - 07.11.2018 06:00 (CET/CEST)","270","n/e","n/e","40","145","7","n/e","n/e","n/e","n/e","n/e","n/e","n/e","n/e","n/e","n/e","n/e","0","44","82","115"
"BZN|DK2","07.11.2018 06:00 - 07.11.2018 07:00 (CET/CEST)","284","n/e","n/e","41","156","7","n/e","n/e","n/e","n/e","n/e","n/e","n/e","n/e","n/e","n/e","n/e","0","44","103","136"
"BZN|DK2","07.11.2018 07:00 - 07.11.2018 08:00 (CET/CEST)","333","n/e","n/e","51","174","7","n/e","n/e","n/e","n/e","n/e","n/e","n/e","n/e","n/e","n/e","n/e","1","42","93","141"
"BZN|DK2","07.11.2018 08:00 - 07.11.2018 09:00 (CET/CEST)","324","n/e","n/e","61","167","9","n/e","n/e","n/e","n/e","n/e","n/e","n/e","n/e","n/e","n/e","n/e","16","41","59","111"
"BZN|DK2","07.11.2018 09:00 - 07.11.2018 10:00 (CET/CEST)","292","n/e","n/e","61","158","9","n/e","n/e","n/e","n/e","n/e","n/e","n/e","n/e","n/e","n/e","n/e","45","43","44","76"
"BZN|DK2","07.11.2018 10:00 - 07.11.2018 11:00 (CET/CEST)","346","n/e","n/e","56","160","17","n/e","n/e","n/e","n/e","n/e","n/e","n/e","n/e","n/e","n/e","n/e","76","44","36","60"
"BZN|DK2","07.11.2018 11:00 - 07.11.2018 12:00 (CET/CEST)","308","n/e","n/e","55","158","19","n/e","n/e","n/e","n/e","n/e","n/e","n/e","n/e","n/e","n/e","n/e","96","44","40","61"
"BZN|DK2","07.11.2018 12:00 - 07.11.2018 13:00 (CET/CEST)","365","n/e","n/e","56","165","19","n/e","n/e","n/e","n/e","n/e","n/e","n/e","n/e","n/e","n/e","n/e","100","40","17","41"
"BZN|DK2","07.11.2018 13:00 - 07.11.2018 14:00 (CET/CEST)","453","n/e","n/e","107","247","23","n/e","n/e","n/e","n/e","n/e","n/e","n/e","n/e","n/e","n/e","n/e","69","45","19","38"
"BZN|DK2","07.11.2018 14:00 - 07.11.2018 15:00 (CET/CEST)","457","n/e","n/e","107","167","19","n/e","n/e","n/e","n/e","n/e","n/e","n/e","n/e","n/e","n/e","n/e","33","45","17","36"
"BZN|DK2","07.11.2018 15:00 - 07.11.2018 16:00 (CET/CEST)","506","n/e","n/e","110","155","19","n/e","n/e","n/e","n/e","n/e","n/e","n/e","n/e","n/e","n/e","n/e","10","44","16","33"
"BZN|DK2","07.11.2018 16:00 - 07.11.2018 17:00 (CET/CEST)","530","n/e","n/e","119","250","19","n/e","n/e","n/e","n/e","n/e","n/e","n/e","n/e","n/e","n/e","n/e","1","45","5","27"
"BZN|DK2","07.11.2018 17:00 - 07.11.2018 18:00 (CET/CEST)","493","n/e","n/e","124","273","20","n/e","n/e","n/e","n/e","n/e","n/e","n/e","n/e","n/e","n/e","n/e","0","46","15","28"
"BZN|DK2","07.11.2018 18:00 - 07.11.2018 19:00 (CET/CEST)","447","n/e","n/e","118","265","17","n/e","n/e","n/e","n/e","n/e","n/e","n/e","n/e","n/e","n/e","n/e","0","45","27","42"
"BZN|DK2","07.11.2018 19:00 - 07.11.2018 20:00 (CET/CEST)","398","n/e","n/e","109","266","8","n/e","n/e","n/e","n/e","n/e","n/e","n/e","n/e","n/e","n/e","n/e","0","45","69","60"
"BZN|DK2","07.11.2018 20:00 - 07.11.2018 21:00 (CET/CEST)","434","n/e","n/e","104","252","8","n/e","n/e","n/e","n/e","n/e","n/e","n/e","n/e","n/e","n/e","n/e","0","44","79","70"
"BZN|DK2","07.11.2018 21:00 - 07.11.2018 22:00 (CET/CEST)","437","n/e","n/e","52","148","8","n/e","n/e","n/e","n/e","n/e","n/e","n/e","n/e","n/e","n/e","n/e","0","44","56","57"
"BZN|DK2","07.11.2018 22:00 - 07.11.2018 23:00 (CET/CEST)","458","n/e","n/e","42","135","8","n/e","n/e","n/e","n/e","n/e","n/e","n/e","n/e","n/e","n/e","n/e","0","44","55","57"
"BZN|DK2","07.11.2018 23:00 - 08.11.2018 00:00 (CET/CEST)","427","n/e","n/e","41","136","7","n/e","n/e","n/e","n/e","n/e","n/e","n/e","n/e","n/e","n/e","n/e","0","44","40","54"
"BZN|DK2","08.11.2018 00:00 - 08.11.2018 01:00 (CET/CEST)","367","n/e","n/e","41","144","7","n/e","n/e","n/e","n/e","n/e","n/e","n/e","n/e","n/e","n/e","n/e","0","44","10","44"
"BZN|DK2","08.11.2018 01:00 - 08.11.2018 02:00 (CET/CEST)","354","n/e","n/e","41","151","7","n/e","n/e","n/e","n/e","n/e","n/e","n/e","n/e","n/e","n/e","n/e","0","44","7","37"
"BZN|DK2","08.11.2018 02:00 - 08.11.2018 03:00 (CET/CEST)","348","n/e","n/e","41","144","7","n/e","n/e","n/e","n/e","n/e","n/e","n/e","n/e","n/e","n/e","n/e","0","44","6","29"
"BZN|DK2","08.11.2018 03:00 - 08.11.2018 04:00 (CET/CEST)","339","n/e","n/e","41","147","7","n/e","n/e","n/e","n/e","n/e","n/e","n/e","n/e","n/e","n/e","n/e","0","44","9","22"
"BZN|DK2","08.11.2018 04:00 - 08.11.2018 05:00 (CET/CEST)","383","n/e","n/e","41","147","7","n/e","n/e","n/e","n/e","n/e","n/e","n/e","n/e","n/e","n/e","n/e","0","44","7","20"
"BZN|DK2","08.11.2018 05:00 - 08.11.2018 06:00 (CET/CEST)","400","n/e","n/e","41","140","7","n/e","n/e","n/e","n/e","n/e","n/e","n/e","n/e","n/e","n/e","n/e","0","44","14","28"
"BZN|DK2","08.11.2018 06:00 - 08.11.2018 07:00 (CET/CEST)","494","n/e","n/e","47","168","8","n/e","n/e","n/e","n/e","n/e","n/e","n/e","n/e","n/e","n/e","n/e","0","43","16","28"
"BZN|DK2","08.11.2018 07:00 - 08.11.2018 08:00 (CET/CEST)","583","n/e","n/e","85","259","11","n/e","n/e","n/e","n/e","n/e","n/e","n/e","n/e","n/e","n/e","n/e","1","45","20","34"
"BZN|DK2","08.11.2018 08:00 - 08.11.2018 09:00 (CET/CEST)","562","n/e","n/e","46","269","12","n/e","n/e","n/e","n/e","n/e","n/e","n/e","n/e","n/e","n/e","n/e","13","45","37","45"
"BZN|DK2","08.11.2018 09:00 - 08.11.2018 10:00 (CET/CEST)","378","n/e","n/e","70","268","33","n/e","n/e","n/e","n/e","n/e","n/e","n/e","n/e","n/e","n/e","n/e","20","44","45","52"
"BZN|DK2","08.11.2018 10:00 - 08.11.2018 11:00 (CET/CEST)","379","n/e","n/e","56","266","20","n/e","n/e","n/e","n/e","n/e","n/e","n/e","n/e","n/e","n/e","n/e","26","44","37","55"
"BZN|DK2","08.11.2018 11:00 - 08.11.2018 12:00 (CET/CEST)","380","n/e","n/e","57","265","19","n/e","n/e","n/e","n/e","n/e","n/e","n/e","n/e","n/e","n/e","n/e","34","44","39","52"
"BZN|DK2","08.11.2018 12:00 - 08.11.2018 13:00 (CET/CEST)","455","n/e","n/e","74","258","19","n/e","n/e","n/e","n/e","n/e","n/e","n/e","n/e","n/e","n/e","n/e","44","43","35","41"
"BZN|DK2","08.11.2018 13:00 - 08.11.2018 14:00 (CET/CEST)","473","n/e","n/e","112","217","19","n/e","n/e","n/e","n/e","n/e","n/e","n/e","n/e","n/e","n/e","n/e","34","39","28","34"
"BZN|DK2","08.11.2018 14:00 - 08.11.2018 15:00 (CET/CEST)","557","n/e","n/e","118","154","16","n/e","n/e","n/e","n/e","n/e","n/e","n/e","n/e","n/e","n/e","n/e","27","33","17","41"
"BZN|DK2","08.11.2018 15:00 - 08.11.2018 16:00 (CET/CEST)","570","n/e","n/e","113","149","16","n/e","n/e","n/e","n/e","n/e","n/e","n/e","n/e","n/e","n/e","n/e","15","33","17","48"
"BZN|DK2","08.11.2018 16:00 - 08.11.2018 17:00 (CET/CEST)","585","n/e","n/e","107","148","21","n/e","n/e","n/e","n/e","n/e","n/e","n/e","n/e","n/e","n/e","n/e","1","33","12","31"
"BZN|DK2","08.11.2018 17:00 - 08.11.2018 18:00 (CET/CEST)","583","n/e","n/e","96","232","24","n/e","n/e","n/e","n/e","n/e","n/e","n/e","n/e","n/e","n/e","n/e","0","35","11","19"
"BZN|DK2","08.11.2018 18:00 - 08.11.2018 19:00 (CET/CEST)","598","n/e","n/e","94","220","21","n/e","n/e","n/e","n/e","n/e","n/e","n/e","n/e","n/e","n/e","n/e","0","42","15","14"
"BZN|DK2","08.11.2018 19:00 - 08.11.2018 20:00 (CET/CEST)","588","n/e","n/e","94","216","21","n/e","n/e","n/e","n/e","n/e","n/e","n/e","n/e","n/e","n/e","n/e","0","44","16","20"
"BZN|DK2","08.11.2018 20:00 - 08.11.2018 21:00 (CET/CEST)","592","n/e","n/e","92","202","11","n/e","n/e","n/e","n/e","n/e","n/e","n/e","n/e","n/e","n/e","n/e","0","45","8","19"
"BZN|DK2","08.11.2018 21:00 - 08.11.2018 22:00 (CET/CEST)","594","n/e","n/e","34","158","9","n/e","n/e","n/e","n/e","n/e","n/e","n/e","n/e","n/e","n/e","n/e","0","44","4","17"
"BZN|DK2","08.11.2018 22:00 - 08.11.2018 23:00 (CET/CEST)","488","n/e","n/e","24","130","8","n/e","n/e","n/e","n/e","n/e","n/e","n/e","n/e","n/e","n/e","n/e","0","44","0","11"
"BZN|DK2","08.11.2018 23:00 - 09.11.2018 00:00 (CET/CEST)","413","n/e","n/e","23","122","8","n/e","n/e","n/e","n/e","n/e","n/e","n/e","n/e","n/e","n/e","n/e","0","43","0","7"
"BZN|DK2","09.11.2018 00:00 - 09.11.2018 01:00 (CET/CEST)","392","n/e","n/e","22","131","7","n/e","n/e","n/e","n/e","n/e","n/e","n/e","n/e","n/e","n/e","n/e","0","44","0","5"
"BZN|DK2","09.11.2018 01:00 - 09.11.2018 02:00 (CET/CEST)","383","n/e","n/e","21","127","7","n/e","n/e","n/e","n/e","n/e","n/e","n/e","n/e","n/e","n/e","n/e","0","44","0","5"
"BZN|DK2","09.11.2018 02:00 - 09.11.2018 03:00 (CET/CEST)","381","n/e","n/e","21","126","7","n/e","n/e","n/e","n/e","n/e","n/e","n/e","n/e","n/e","n/e","n/e","0","43","1","5"
"BZN|DK2","09.11.2018 03:00 - 09.11.2018 04:00 (CET/CEST)","424","n/e","n/e","20","129","7","n/e","n/e","n/e","n/e","n/e","n/e","n/e","n/e","n/e","n/e","n/e","0","44","0","5"
"BZN|DK2","09.11.2018 04:00 - 09.11.2018 05:00 (CET/CEST)","429","n/e","n/e","20","127","7","n/e","n/e","n/e","n/e","n/e","n/e","n/e","n/e","n/e","n/e","n/e","0","44","0","4"
"BZN|DK2","09.11.2018 05:00 - 09.11.2018 06:00 (CET/CEST)","495","n/e","n/e","21","132","7","n/e","n/e","n/e","n/e","n/e","n/e","n/e","n/e","n/e","n/e","n/e","0","44","0","4"
"BZN|DK2","09.11.2018 06:00 - 09.11.2018 07:00 (CET/CEST)","501","n/e","n/e","26","155","9","n/e","n/e","n/e","n/e","n/e","n/e","n/e","n/e","n/e","n/e","n/e","0","43","1","7"
"BZN|DK2","09.11.2018 07:00 - 09.11.2018 08:00 (CET/CEST)","575","n/e","n/e","39","263","11","n/e","n/e","n/e","n/e","n/e","n/e","n/e","n/e","n/e","n/e","n/e","0","43","1","11"
"BZN|DK2","09.11.2018 08:00 - 09.11.2018 09:00 (CET/CEST)","597","n/e","n/e","36","270","12","n/e","n/e","n/e","n/e","n/e","n/e","n/e","n/e","n/e","n/e","n/e","5","45","1","17"
"BZN|DK2","09.11.2018 09:00 - 09.11.2018 10:00 (CET/CEST)","584","n/e","n/e","37","271","20","n/e","n/e","n/e","n/e","n/e","n/e","n/e","n/e","n/e","n/e","n/e","14","45","7","24"
"BZN|DK2","09.11.2018 10:00 - 09.11.2018 11:00 (CET/CEST)","590","n/e","n/e","37","272","20","n/e","n/e","n/e","n/e","n/e","n/e","n/e","n/e","n/e","n/e","n/e","22","45","14","21"
"BZN|DK2","09.11.2018 11:00 - 09.11.2018 12:00 (CET/CEST)","585","n/e","n/e","42","277","21","n/e","n/e","n/e","n/e","n/e","n/e","n/e","n/e","n/e","n/e","n/e","26","46","17","28"
"BZN|DK2","09.11.2018 12:00 - 09.11.2018 13:00 (CET/CEST)","589","n/e","n/e","61","274","20","n/e","n/e","n/e","n/e","n/e","n/e","n/e","n/e","n/e","n/e","n/e","26","45","27","39"
"BZN|DK2","09.11.2018 13:00 - 09.11.2018 14:00 (CET/CEST)","590","n/e","n/e","91","265","19","n/e","n/e","n/e","n/e","n/e","n/e","n/e","n/e","n/e","n/e","n/e","15","44","28","45"
"BZN|DK2","09.11.2018 14:00 - 09.11.2018 15:00 (CET/CEST)","596","n/e","n/e","95","270","18","n/e","n/e","n/e","n/e","n/e","n/e","n/e","n/e","n/e","n/e","n/e","5","45","43","52"
"BZN|DK2","09.11.2018 15:00 - 09.11.2018 16:00 (CET/CEST)","579","n/e","n/e","118","267","18","n/e","n/e","n/e","n/e","n/e","n/e","n/e","n/e","n/e","n/e","n/e","1","44","71","81"
"BZN|DK2","09.11.2018 16:00 - 09.11.2018 17:00 (CET/CEST)","553","n/e","n/e","163","274","20","n/e","n/e","n/e","n/e","n/e","n/e","n/e","n/e","n/e","n/e","n/e","0","45","119","125"
"BZN|DK2","09.11.2018 17:00 - 09.11.2018 18:00 (CET/CEST)","557","n/e","n/e","124","276","20","n/e","n/e","n/e","n/e","n/e","n/e","n/e","n/e","n/e","n/e","n/e","0","45","138","180"
"BZN|DK2","09.11.2018 18:00 - 09.11.2018 19:00 (CET/CEST)","555","n/e","n/e","101","277","20","n/e","n/e","n/e","n/e","n/e","n/e","n/e","n/e","n/e","n/e","n/e","0","45","145","209"
"BZN|DK2","09.11.2018 19:00 - 09.11.2018 20:00 (CET/CEST)","551","n/e","n/e","98","263","19","n/e","n/e","n/e","n/e","n/e","n/e","n/e","n/e","n/e","n/e","n/e","0","45","184","220"
"BZN|DK2","09.11.2018 20:00 - 09.11.2018 21:00 (CET/CEST)","513","n/e","n/e","35","185","18","n/e","n/e","n/e","n/e","n/e","n/e","n/e","n/e","n/e","n/e","n/e","0","44","139","209"
"BZN|DK2","09.11.2018 21:00 - 09.11.2018 22:00 (CET/CEST)","508","n/e","n/e","23","172","18","n/e","n/e","n/e","n/e","n/e","n/e","n/e","n/e","n/e","n/e","n/e","0","44","106","191"
"BZN|DK2","09.11.2018 22:00 - 09.11.2018 23:00 (CET/CEST)","552","n/e","n/e","21","160","17","n/e","n/e","n/e","n/e","n/e","n/e","n/e","n/e","n/e","n/e","n/e","0","43","115","173"
"BZN|DK2","09.11.2018 23:00 - 10.11.2018 00:00 (CET/CEST)","504","n/e","n/e","20","151","10","n/e","n/e","n/e","n/e","n/e","n/e","n/e","n/e","n/e","n/e","n/e","0","43","154","159"
"BZN|DK2","10.11.2018 00:00 - 10.11.2018 01:00 (CET/CEST)","540","n/e","n/e","19","147","7","n/e","n/e","n/e","n/e","n/e","n/e","n/e","n/e","n/e","n/e","n/e","0","44","123","152"
"BZN|DK2","10.11.2018 01:00 - 10.11.2018 02:00 (CET/CEST)","554","n/e","n/e","19","128","6","n/e","n/e","n/e","n/e","n/e","n/e","n/e","n/e","n/e","n/e","n/e","0","44","98","154"
"BZN|DK2","10.11.2018 02:00 - 10.11.2018 03:00 (CET/CEST)","488","n/e","n/e","19","123","6","n/e","n/e","n/e","n/e","n/e","n/e","n/e","n/e","n/e","n/e","n/e","0","44","102","157"
"BZN|DK2","10.11.2018 03:00 - 10.11.2018 04:00 (CET/CEST)","379","n/e","n/e","19","121","6","n/e","n/e","n/e","n/e","n/e","n/e","n/e","n/e","n/e","n/e","n/e","0","44","106","180"
"BZN|DK2","10.11.2018 04:00 - 10.11.2018 05:00 (CET/CEST)","348","n/e","n/e","19","122","6","n/e","n/e","n/e","n/e","n/e","n/e","n/e","n/e","n/e","n/e","n/e","0","44","168","224"
"BZN|DK2","10.11.2018 05:00 - 10.11.2018 06:00 (CET/CEST)","304","n/e","n/e","19","125","7","n/e","n/e","n/e","n/e","n/e","n/e","n/e","n/e","n/e","n/e","n/e","0","44","198","285"
"BZN|DK2","10.11.2018 06:00 - 10.11.2018 07:00 (CET/CEST)","320","n/e","n/e","21","127","7","n/e","n/e","n/e","n/e","n/e","n/e","n/e","n/e","n/e","n/e","n/e","0","43","199","309"
"BZN|DK2","10.11.2018 07:00 - 10.11.2018 08:00 (CET/CEST)","318","n/e","n/e","25","135","8","n/e","n/e","n/e","n/e","n/e","n/e","n/e","n/e","n/e","n/e","n/e","0","29","191","326"
"BZN|DK2","10.11.2018 08:00 - 10.11.2018 09:00 (CET/CEST)","318","n/e","n/e","25","136","11","n/e","n/e","n/e","n/e","n/e","n/e","n/e","n/e","n/e","n/e","n/e","2","28","207","334"
"BZN|DK2","10.11.2018 09:00 - 10.11.2018 10:00 (CET/CEST)","346","n/e","n/e","27","138","20","n/e","n/e","n/e","n/e","n/e","n/e","n/e","n/e","n/e","n/e","n/e","6","27","209","350"
"BZN|DK2","10.11.2018 10:00 - 10.11.2018 11:00 (CET/CEST)","315","n/e","n/e","27","139","20","n/e","n/e","n/e","n/e","n/e","n/e","n/e","n/e","n/e","n/e","n/e","13","29","279","396"
"BZN|DK2","10.11.2018 11:00 - 10.11.2018 12:00 (CET/CEST)","311","n/e","n/e","26","141","20","n/e","n/e","n/e","n/e","n/e","n/e","n/e","n/e","n/e","n/e","n/e","19","39","318","390"
"BZN|DK2","10.11.2018 12:00 - 10.11.2018 13:00 (CET/CEST)","311","n/e","n/e","47","142","20","n/e","n/e","n/e","n/e","n/e","n/e","n/e","n/e","n/e","n/e","n/e","14","43","259","350"
"BZN|DK2","10.11.2018 13:00 - 10.11.2018 14:00 (CET/CEST)","310","n/e","n/e","80","141","19","n/e","n/e","n/e","n/e","n/e","n/e","n/e","n/e","n/e","n/e","n/e","16","43","234","333"
"BZN|DK2","10.11.2018 14:00 - 10.11.2018 15:00 (CET/CEST)","313","n/e","n/e","85","140","19","n/e","n/e","n/e","n/e","n/e","n/e","n/e","n/e","n/e","n/e","n/e","14","42","202","298"
"BZN|DK2","10.11.2018 15:00 - 10.11.2018 16:00 (CET/CEST)","311","n/e","n/e","85","139","19","n/e","n/e","n/e","n/e","n/e","n/e","n/e","n/e","n/e","n/e","n/e","4","42","253","288"
"BZN|DK2","10.11.2018 16:00 - 10.11.2018 17:00 (CET/CEST)","314","n/e","n/e","85","143","19","n/e","n/e","n/e","n/e","n/e","n/e","n/e","n/e","n/e","n/e","n/e","0","43","260","291"
"BZN|DK2","10.11.2018 17:00 - 10.11.2018 18:00 (CET/CEST)","310","n/e","n/e","86","168","19","n/e","n/e","n/e","n/e","n/e","n/e","n/e","n/e","n/e","n/e","n/e","0","41","250","293"
"BZN|DK2","10.11.2018 18:00 - 10.11.2018 19:00 (CET/CEST)","313","n/e","n/e","86","169","19","n/e","n/e","n/e","n/e","n/e","n/e","n/e","n/e","n/e","n/e","n/e","0","43","218","285"
"BZN|DK2","10.11.2018 19:00 - 10.11.2018 20:00 (CET/CEST)","313","n/e","n/e","84","184","19","n/e","n/e","n/e","n/e","n/e","n/e","n/e","n/e","n/e","n/e","n/e","0","40","244","301"
"BZN|DK2","10.11.2018 20:00 - 10.11.2018 21:00 (CET/CEST)","313","n/e","n/e","84","186","19","n/e","n/e","n/e","n/e","n/e","n/e","n/e","n/e","n/e","n/e","n/e","0","39","228","264"
"BZN|DK2","10.11.2018 21:00 - 10.11.2018 22:00 (CET/CEST)","308","n/e","n/e","33","185","12","n/e","n/e","n/e","n/e","n/e","n/e","n/e","n/e","n/e","n/e","n/e","0","31","256","273"
"BZN|DK2","10.11.2018 22:00 - 10.11.2018 23:00 (CET/CEST)","313","n/e","n/e","21","185","7","n/e","n/e","n/e","n/e","n/e","n/e","n/e","n/e","n/e","n/e","n/e","0","30","239","307"
"BZN|DK2","10.11.2018 23:00 - 11.11.2018 00:00 (CET/CEST)","307","n/e","n/e","20","178","7","n/e","n/e","n/e","n/e","n/e","n/e","n/e","n/e","n/e","n/e","n/e","0","29","264","313"
"BZN|DK2","11.11.2018 00:00 - 11.11.2018 01:00 (CET/CEST)","316","n/e","n/e","19","181","7","n/e","n/e","n/e","n/e","n/e","n/e","n/e","n/e","n/e","n/e","n/e","0","29","302","334"
"BZN|DK2","11.11.2018 01:00 - 11.11.2018 02:00 (CET/CEST)","314","n/e","n/e","18","136","6","n/e","n/e","n/e","n/e","n/e","n/e","n/e","n/e","n/e","n/e","n/e","0","33","309","341"
"BZN|DK2","11.11.2018 02:00 - 11.11.2018 03:00 (CET/CEST)","308","n/e","n/e","19","126","7","n/e","n/e","n/e","n/e","n/e","n/e","n/e","n/e","n/e","n/e","n/e","0","43","319","331"
"BZN|DK2","11.11.2018 03:00 - 11.11.2018 04:00 (CET/CEST)","313","n/e","n/e","19","127","7","n/e","n/e","n/e","n/e","n/e","n/e","n/e","n/e","n/e","n/e","n/e","0","43","336","322"
"BZN|DK2","11.11.2018 04:00 - 11.11.2018 05:00 (CET/CEST)","315","n/e","n/e","18","132","6","n/e","n/e","n/e","n/e","n/e","n/e","n/e","n/e","n/e","n/e","n/e","0","44","295","312"
"BZN|DK2","11.11.2018 05:00 - 11.11.2018 06:00 (CET/CEST)","316","n/e","n/e","19","134","7","n/e","n/e","n/e","n/e","n/e","n/e","n/e","n/e","n/e","n/e","n/e","0","44","261","317"
"BZN|DK2","11.11.2018 06:00 - 11.11.2018 07:00 (CET/CEST)","316","n/e","n/e","19","127","7","n/e","n/e","n/e","n/e","n/e","n/e","n/e","n/e","n/e","n/e","n/e","0","44","274","324"
"BZN|DK2","11.11.2018 07:00 - 11.11.2018 08:00 (CET/CEST)","314","n/e","n/e","20","130","9","n/e","n/e","n/e","n/e","n/e","n/e","n/e","n/e","n/e","n/e","n/e","0","44","264","316"
"BZN|DK2","11.11.2018 08:00 - 11.11.2018 09:00 (CET/CEST)","313","n/e","n/e","21","135","18","n/e","n/e","n/e","n/e","n/e","n/e","n/e","n/e","n/e","n/e","n/e","3","44","219","311"
"BZN|DK2","11.11.2018 09:00 - 11.11.2018 10:00 (CET/CEST)","315","n/e","n/e","23","138","19","n/e","n/e","n/e","n/e","n/e","n/e","n/e","n/e","n/e","n/e","n/e","9","44","198","288"
"BZN|DK2","11.11.2018 10:00 - 11.11.2018 11:00 (CET/CEST)","313","n/e","n/e","22","134","18","n/e","n/e","n/e","n/e","n/e","n/e","n/e","n/e","n/e","n/e","n/e","26","44","215","255"
"BZN|DK2","11.11.2018 11:00 - 11.11.2018 12:00 (CET/CEST)","312","n/e","n/e","22","133","18","n/e","n/e","n/e","n/e","n/e","n/e","n/e","n/e","n/e","n/e","n/e","42","44","176","252"
"BZN|DK2","11.11.2018 12:00 - 11.11.2018 13:00 (CET/CEST)","312","n/e","n/e","22","131","18","n/e","n/e","n/e","n/e","n/e","n/e","n/e","n/e","n/e","n/e","n/e","40","44","222","263"
"BZN|DK2","11.11.2018 13:00 - 11.11.2018 14:00 (CET/CEST)","312","n/e","n/e","22","142","18","n/e","n/e","n/e","n/e","n/e","n/e","n/e","n/e","n/e","n/e","n/e","21","44","270","246"
"BZN|DK2","11.11.2018 14:00 - 11.11.2018 15:00 (CET/CEST)","312","n/e","n/e","23","143","19","n/e","n/e","n/e","n/e","n/e","n/e","n/e","n/e","n/e","n/e","n/e","10","45","248","245"
"BZN|DK2","11.11.2018 15:00 - 11.11.2018 16:00 (CET/CEST)","309","n/e","n/e","23","141","19","n/e","n/e","n/e","n/e","n/e","n/e","n/e","n/e","n/e","n/e","n/e","6","45","269","263"
"BZN|DK2","11.11.2018 16:00 - 11.11.2018 17:00 (CET/CEST)","309","n/e","n/e","24","144","19","n/e","n/e","n/e","n/e","n/e","n/e","n/e","n/e","n/e","n/e","n/e","0","45","240","271"
"BZN|DK2","11.11.2018 17:00 - 11.11.2018 18:00 (CET/CEST)","309","n/e","n/e","22","142","18","n/e","n/e","n/e","n/e","n/e","n/e","n/e","n/e","n/e","n/e","n/e","0","44","219","266"
"BZN|DK2","11.11.2018 18:00 - 11.11.2018 19:00 (CET/CEST)","309","n/e","n/e","21","141","18","n/e","n/e","n/e","n/e","n/e","n/e","n/e","n/e","n/e","n/e","n/e","0","45","247","275"
"BZN|DK2","11.11.2018 19:00 - 11.11.2018 20:00 (CET/CEST)","309","n/e","n/e","21","139","18","n/e","n/e","n/e","n/e","n/e","n/e","n/e","n/e","n/e","n/e","n/e","0","45","280","312"
"BZN|DK2","11.11.2018 20:00 - 11.11.2018 21:00 (CET/CEST)","309","n/e","n/e","21","137","18","n/e","n/e","n/e","n/e","n/e","n/e","n/e","n/e","n/e","n/e","n/e","0","44","263","286"
"BZN|DK2","11.11.2018 21:00 - 11.11.2018 22:00 (CET/CEST)","309","n/e","n/e","21","144","18","n/e","n/e","n/e","n/e","n/e","n/e","n/e","n/e","n/e","n/e","n/e","0","44","303","290"
"BZN|DK2","11.11.2018 22:00 - 11.11.2018 23:00 (CET/CEST)","310","n/e","n/e","20","134","12","n/e","n/e","n/e","n/e","n/e","n/e","n/e","n/e","n/e","n/e","n/e","0","45","244","268"
"BZN|DK2","11.11.2018 23:00 - 12.11.2018 00:00 (CET/CEST)","317","n/e","n/e","20","134","7","n/e","n/e","n/e","n/e","n/e","n/e","n/e","n/e","n/e","n/e","n/e","0","44","121","200"
"BZN|DK2","12.11.2018 00:00 - 12.11.2018 01:00 (CET/CEST)","340","n/e","n/e","19","140","7","n/e","n/e","n/e","n/e","n/e","n/e","n/e","n/e","n/e","n/e","n/e","0","44","141","181"
"BZN|DK2","12.11.2018 01:00 - 12.11.2018 02:00 (CET/CEST)","372","n/e","n/e","20","137","7","n/e","n/e","n/e","n/e","n/e","n/e","n/e","n/e","n/e","n/e","n/e","0","44","173","155"
"BZN|DK2","12.11.2018 02:00 - 12.11.2018 03:00 (CET/CEST)","388","n/e","n/e","20","128","7","n/e","n/e","n/e","n/e","n/e","n/e","n/e","n/e","n/e","n/e","n/e","0","44","171","159"
"BZN|DK2","12.11.2018 03:00 - 12.11.2018 04:00 (CET/CEST)","424","n/e","n/e","20","126","7","n/e","n/e","n/e","n/e","n/e","n/e","n/e","n/e","n/e","n/e","n/e","0","44","95","142"
"BZN|DK2","12.11.2018 04:00 - 12.11.2018 05:00 (CET/CEST)","400","n/e","n/e","20","127","7","n/e","n/e","n/e","n/e","n/e","n/e","n/e","n/e","n/e","n/e","n/e","0","44","78","115"
"BZN|DK2","12.11.2018 05:00 - 12.11.2018 06:00 (CET/CEST)","431","n/e","n/e","20","127","7","n/e","n/e","n/e","n/e","n/e","n/e","n/e","n/e","n/e","n/e","n/e","0","44","71","82"
"BZN|DK2","12.11.2018 06:00 - 12.11.2018 07:00 (CET/CEST)","453","n/e","n/e","25","155","8","n/e","n/e","n/e","n/e","n/e","n/e","n/e","n/e","n/e","n/e","n/e","0","43","49","51"
"BZN|DK2","12.11.2018 07:00 - 12.11.2018 08:00 (CET/CEST)","460","n/e","n/e","31","258","10","n/e","n/e","n/e","n/e","n/e","n/e","n/e","n/e","n/e","n/e","n/e","0","45","50","45"
"BZN|DK2","12.11.2018 08:00 - 12.11.2018 09:00 (CET/CEST)","452","n/e","n/e","75","192","17","n/e","n/e","n/e","n/e","n/e","n/e","n/e","n/e","n/e","n/e","n/e","7","45","32","50"
"BZN|DK2","12.11.2018 09:00 - 12.11.2018 10:00 (CET/CEST)","453","n/e","n/e","89","164","21","n/e","n/e","n/e","n/e","n/e","n/e","n/e","n/e","n/e","n/e","n/e","13","44","42","38"
"BZN|DK2","12.11.2018 10:00 - 12.11.2018 11:00 (CET/CEST)","445","n/e","n/e","89","168","21","n/e","n/e","n/e","n/e","n/e","n/e","n/e","n/e","n/e","n/e","n/e","18","42","24","37"
"BZN|DK2","12.11.2018 11:00 - 12.11.2018 12:00 (CET/CEST)","460","n/e","n/e","121","260","23","n/e","n/e","n/e","n/e","n/e","n/e","n/e","n/e","n/e","n/e","n/e","23","40","21","35"
"BZN|DK2","12.11.2018 12:00 - 12.11.2018 13:00 (CET/CEST)","520","n/e","n/e","144","267","24","n/e","n/e","n/e","n/e","n/e","n/e","n/e","n/e","n/e","n/e","n/e","23","39","51","41"
"BZN|DK2","12.11.2018 13:00 - 12.11.2018 14:00 (CET/CEST)","502","n/e","n/e","150","268","23","n/e","n/e","n/e","n/e","n/e","n/e","n/e","n/e","n/e","n/e","n/e","15","39","70","79"
"BZN|DK2","12.11.2018 14:00 - 12.11.2018 15:00 (CET/CEST)","494","n/e","n/e","138","261","21","n/e","n/e","n/e","n/e","n/e","n/e","n/e","n/e","n/e","n/e","n/e","3","41","51","50"
"BZN|DK2","12.11.2018 15:00 - 12.11.2018 16:00 (CET/CEST)","527","n/e","n/e","138","271","21","n/e","n/e","n/e","n/e","n/e","n/e","n/e","n/e","n/e","n/e","n/e","1","42","92","23"
"BZN|DK2","12.11.2018 16:00 - 12.11.2018 17:00 (CET/CEST)","554","n/e","n/e","118","222","22","n/e","n/e","n/e","n/e","n/e","n/e","n/e","n/e","n/e","n/e","n/e","0","44","62","17"
"BZN|DK2","12.11.2018 17:00 - 12.11.2018 18:00 (CET/CEST)","538","n/e","n/e","101","197","22","n/e","n/e","n/e","n/e","n/e","n/e","n/e","n/e","n/e","n/e","n/e","0","46","29","27"
"BZN|DK2","12.11.2018 18:00 - 12.11.2018 19:00 (CET/CEST)","565","n/e","n/e","96","169","22","n/e","n/e","n/e","n/e","n/e","n/e","n/e","n/e","n/e","n/e","n/e","0","43","33","31"
"BZN|DK2","12.11.2018 19:00 - 12.11.2018 20:00 (CET/CEST)","566","n/e","n/e","94","172","22","n/e","n/e","n/e","n/e","n/e","n/e","n/e","n/e","n/e","n/e","n/e","0","31","57","33"
"BZN|DK2","12.11.2018 20:00 - 12.11.2018 21:00 (CET/CEST)","546","n/e","n/e","36","159","20","n/e","n/e","n/e","n/e","n/e","n/e","n/e","n/e","n/e","n/e","n/e","0","38","87","50"
"BZN|DK2","12.11.2018 21:00 - 12.11.2018 22:00 (CET/CEST)","481","n/e","n/e","23","151","19","n/e","n/e","n/e","n/e","n/e","n/e","n/e","n/e","n/e","n/e","n/e","0","30","141","82"
"BZN|DK2","12.11.2018 22:00 - 12.11.2018 23:00 (CET/CEST)","403","n/e","n/e","21","147","18","n/e","n/e","n/e","n/e","n/e","n/e","n/e","n/e","n/e","n/e","n/e","0","33","95","87"
"BZN|DK2","12.11.2018 23:00 - 13.11.2018 00:00 (CET/CEST)","414","n/e","n/e","19","140","9","n/e","n/e","n/e","n/e","n/e","n/e","n/e","n/e","n/e","n/e","n/e","0","36","136","85"
"BZN|DK2","13.11.2018 00:00 - 13.11.2018 01:00 (CET/CEST)","435","n/e","n/e","20","154","7","n/e","n/e","n/e","n/e","n/e","n/e","n/e","n/e","n/e","n/e","n/e","0","42","68","91"
"BZN|DK2","13.11.2018 01:00 - 13.11.2018 02:00 (CET/CEST)","451","n/e","n/e","18","140","6","n/e","n/e","n/e","n/e","n/e","n/e","n/e","n/e","n/e","n/e","n/e","0","43","84","97"
"BZN|DK2","13.11.2018 02:00 - 13.11.2018 03:00 (CET/CEST)","425","n/e","n/e","19","143","7","n/e","n/e","n/e","n/e","n/e","n/e","n/e","n/e","n/e","n/e","n/e","0","44","53","84"
"BZN|DK2","13.11.2018 03:00 - 13.11.2018 04:00 (CET/CEST)","434","n/e","n/e","19","143","7","n/e","n/e","n/e","n/e","n/e","n/e","n/e","n/e","n/e","n/e","n/e","0","44","39","83"
"BZN|DK2","13.11.2018 04:00 - 13.11.2018 05:00 (CET/CEST)","438","n/e","n/e","19","142","7","n/e","n/e","n/e","n/e","n/e","n/e","n/e","n/e","n/e","n/e","n/e","0","44","40","84"
"BZN|DK2","13.11.2018 05:00 - 13.11.2018 06:00 (CET/CEST)","473","n/e","n/e","20","143","7","n/e","n/e","n/e","n/e","n/e","n/e","n/e","n/e","n/e","n/e","n/e","0","44","49","79"
"BZN|DK2","13.11.2018 06:00 - 13.11.2018 07:00 (CET/CEST)","476","n/e","n/e","22","147","7","n/e","n/e","n/e","n/e","n/e","n/e","n/e","n/e","n/e","n/e","n/e","0","43","85","97"
"BZN|DK2","13.11.2018 07:00 - 13.11.2018 08:00 (CET/CEST)","478","n/e","n/e","28","153","7","n/e","n/e","n/e","n/e","n/e","n/e","n/e","n/e","n/e","n/e","n/e","0","29","103","102"
"BZN|DK2","13.11.2018 08:00 - 13.11.2018 09:00 (CET/CEST)","483","n/e","n/e","36","168","8","n/e","n/e","n/e","n/e","n/e","n/e","n/e","n/e","n/e","n/e","n/e","2","29","76","98"
"BZN|DK2","13.11.2018 09:00 - 13.11.2018 10:00 (CET/CEST)","374","n/e","n/e","46","238","8","n/e","n/e","n/e","n/e","n/e","n/e","n/e","n/e","n/e","n/e","n/e","9","30","116","135"
"BZN|DK2","13.11.2018 10:00 - 13.11.2018 11:00 (CET/CEST)","435","n/e","n/e","38","227","7","n/e","n/e","n/e","n/e","n/e","n/e","n/e","n/e","n/e","n/e","n/e","30","29","161","182"
"BZN|DK2","13.11.2018 11:00 - 13.11.2018 12:00 (CET/CEST)","416","n/e","n/e","43","149","8","n/e","n/e","n/e","n/e","n/e","n/e","n/e","n/e","n/e","n/e","n/e","48","40","228","231"
"BZN|DK2","13.11.2018 12:00 - 13.11.2018 13:00 (CET/CEST)","410","n/e","n/e","33","142","7","n/e","n/e","n/e","n/e","n/e","n/e","n/e","n/e","n/e","n/e","n/e","38","44","298","268"
"BZN|DK2","13.11.2018 13:00 - 13.11.2018 14:00 (CET/CEST)","447","n/e","n/e","64","139","7","n/e","n/e","n/e","n/e","n/e","n/e","n/e","n/e","n/e","n/e","n/e","20","44","282","309"
"BZN|DK2","13.11.2018 14:00 - 13.11.2018 15:00 (CET/CEST)","442","n/e","n/e","82","138","7","n/e","n/e","n/e","n/e","n/e","n/e","n/e","n/e","n/e","n/e","n/e","9","43","272","313"
"BZN|DK2","13.11.2018 15:00 - 13.11.2018 16:00 (CET/CEST)","427","n/e","n/e","84","145","7","n/e","n/e","n/e","n/e","n/e","n/e","n/e","n/e","n/e","n/e","n/e","3","43","251","303"
"BZN|DK2","13.11.2018 16:00 - 13.11.2018 17:00 (CET/CEST)","478","n/e","n/e","74","149","7","n/e","n/e","n/e","n/e","n/e","n/e","n/e","n/e","n/e","n/e","n/e","0","44","261","295"
"BZN|DK2","13.11.2018 17:00 - 13.11.2018 18:00 (CET/CEST)","544","n/e","n/e","74","182","7","n/e","n/e","n/e","n/e","n/e","n/e","n/e","n/e","n/e","n/e","n/e","0","44","239","308"
"BZN|DK2","13.11.2018 18:00 - 13.11.2018 19:00 (CET/CEST)","555","n/e","n/e","70","174","7","n/e","n/e","n/e","n/e","n/e","n/e","n/e","n/e","n/e","n/e","n/e","0","44","315","357"
"BZN|DK2","13.11.2018 19:00 - 13.11.2018 20:00 (CET/CEST)","479","n/e","n/e","62","153","7","n/e","n/e","n/e","n/e","n/e","n/e","n/e","n/e","n/e","n/e","n/e","0","45","311","359"
"BZN|DK2","13.11.2018 20:00 - 13.11.2018 21:00 (CET/CEST)","389","n/e","n/e","22","150","7","n/e","n/e","n/e","n/e","n/e","n/e","n/e","n/e","n/e","n/e","n/e","0","44","344","343"
"BZN|DK2","13.11.2018 21:00 - 13.11.2018 22:00 (CET/CEST)","380","n/e","n/e","22","151","7","n/e","n/e","n/e","n/e","n/e","n/e","n/e","n/e","n/e","n/e","n/e","0","45","340","316"
"BZN|DK2","13.11.2018 22:00 - 13.11.2018 23:00 (CET/CEST)","419","n/e","n/e","20","146","7","n/e","n/e","n/e","n/e","n/e","n/e","n/e","n/e","n/e","n/e","n/e","0","44","234","297"
"BZN|DK2","13.11.2018 23:00 - 14.11.2018 00:00 (CET/CEST)","410","n/e","n/e","19","147","7","n/e","n/e","n/e","n/e","n/e","n/e","n/e","n/e","n/e","n/e","n/e","0","44","260","317"
"BZN|DK2","14.11.2018 00:00 - 14.11.2018 01:00 (CET/CEST)","385","n/e","n/e","18","145","6","n/e","n/e","n/e","n/e","n/e","n/e","n/e","n/e","n/e","n/e","n/e","0","44","320","337"
"BZN|DK2","14.11.2018 01:00 - 14.11.2018 02:00 (CET/CEST)","387","n/e","n/e","18","158","6","n/e","n/e","n/e","n/e","n/e","n/e","n/e","n/e","n/e","n/e","n/e","0","44","300","312"
"BZN|DK2","14.11.2018 02:00 - 14.11.2018 03:00 (CET/CEST)","387","n/e","n/e","18","156","6","n/e","n/e","n/e","n/e","n/e","n/e","n/e","n/e","n/e","n/e","n/e","0","44","306","281"
"BZN|DK2","14.11.2018 03:00 - 14.11.2018 04:00 (CET/CEST)","388","n/e","n/e","18","157","6","n/e","n/e","n/e","n/e","n/e","n/e","n/e","n/e","n/e","n/e","n/e","0","44","227","224"
"BZN|DK2","14.11.2018 04:00 - 14.11.2018 05:00 (CET/CEST)","408","n/e","n/e","18","152","6","n/e","n/e","n/e","n/e","n/e","n/e","n/e","n/e","n/e","n/e","n/e","0","44","205","165"
"BZN|DK2","14.11.2018 05:00 - 14.11.2018 06:00 (CET/CEST)","371","n/e","n/e","19","150","6","n/e","n/e","n/e","n/e","n/e","n/e","n/e","n/e","n/e","n/e","n/e","0","44","154","119"
"BZN|DK2","14.11.2018 06:00 - 14.11.2018 07:00 (CET/CEST)","429","n/e","n/e","21","177","7","n/e","n/e","n/e","n/e","n/e","n/e","n/e","n/e","n/e","n/e","n/e","0","41","169","129"
"BZN|DK2","14.11.2018 07:00 - 14.11.2018 08:00 (CET/CEST)","484","n/e","n/e","31","207","10","n/e","n/e","n/e","n/e","n/e","n/e","n/e","n/e","n/e","n/e","n/e","0","44","157","131"
"BZN|DK2","14.11.2018 08:00 - 14.11.2018 09:00 (CET/CEST)","498","n/e","n/e","53","279","12","n/e","n/e","n/e","n/e","n/e","n/e","n/e","n/e","n/e","n/e","n/e","6","45","122","130"
"BZN|DK2","14.11.2018 09:00 - 14.11.2018 10:00 (CET/CEST)","537","n/e","n/e","82","284","12","n/e","n/e","n/e","n/e","n/e","n/e","n/e","n/e","n/e","n/e","n/e","19","46","92","111"
"BZN|DK2","14.11.2018 10:00 - 14.11.2018 11:00 (CET/CEST)","550","n/e","n/e","102","269","12","n/e","n/e","n/e","n/e","n/e","n/e","n/e","n/e","n/e","n/e","n/e","40","46","90","100"
"BZN|DK2","14.11.2018 11:00 - 14.11.2018 12:00 (CET/CEST)","549","n/e","n/e","102","226","11","n/e","n/e","n/e","n/e","n/e","n/e","n/e","n/e","n/e","n/e","n/e","50","46","65","93"
"BZN|DK2","14.11.2018 12:00 - 14.11.2018 13:00 (CET/CEST)","550","n/e","n/e","85","218","10","n/e","n/e","n/e","n/e","n/e","n/e","n/e","n/e","n/e","n/e","n/e","36","45","37","92"
"BZN|DK2","14.11.2018 13:00 - 14.11.2018 14:00 (CET/CEST)","550","n/e","n/e","90","257","10","n/e","n/e","n/e","n/e","n/e","n/e","n/e","n/e","n/e","n/e","n/e","25","45","47","95"
"BZN|DK2","14.11.2018 14:00 - 14.11.2018 15:00 (CET/CEST)","551","n/e","n/e","86","277","10","n/e","n/e","n/e","n/e","n/e","n/e","n/e","n/e","n/e","n/e","n/e","11","46","38","67"
"BZN|DK2","14.11.2018 15:00 - 14.11.2018 16:00 (CET/CEST)","555","n/e","n/e","104","276","11","n/e","n/e","n/e","n/e","n/e","n/e","n/e","n/e","n/e","n/e","n/e","3","46","46","59"
"BZN|DK2","14.11.2018 16:00 - 14.11.2018 17:00 (CET/CEST)","557","n/e","n/e","107","271","11","n/e","n/e","n/e","n/e","n/e","n/e","n/e","n/e","n/e","n/e","n/e","0","46","76","52"
"BZN|DK2","14.11.2018 17:00 - 14.11.2018 18:00 (CET/CEST)","549","n/e","n/e","100","282","12","n/e","n/e","n/e","n/e","n/e","n/e","n/e","n/e","n/e","n/e","n/e","0","46","69","48"
"BZN|DK2","14.11.2018 18:00 - 14.11.2018 19:00 (CET/CEST)","537","n/e","n/e","105","282","12","n/e","n/e","n/e","n/e","n/e","n/e","n/e","n/e","n/e","n/e","n/e","0","46","69","61"
"BZN|DK2","14.11.2018 19:00 - 14.11.2018 20:00 (CET/CEST)","532","n/e","n/e","93","211","10","n/e","n/e","n/e","n/e","n/e","n/e","n/e","n/e","n/e","n/e","n/e","0","45","49","68"
"BZN|DK2","14.11.2018 20:00 - 14.11.2018 21:00 (CET/CEST)","533","n/e","n/e","112","202","10","n/e","n/e","n/e","n/e","n/e","n/e","n/e","n/e","n/e","n/e","n/e","0","45","34","69"
"BZN|DK2","14.11.2018 21:00 - 14.11.2018 22:00 (CET/CEST)","449","n/e","n/e","39","166","7","n/e","n/e","n/e","n/e","n/e","n/e","n/e","n/e","n/e","n/e","n/e","0","44","49","55"
"BZN|DK2","14.11.2018 22:00 - 14.11.2018 23:00 (CET/CEST)","459","n/e","n/e","20","145","7","n/e","n/e","n/e","n/e","n/e","n/e","n/e","n/e","n/e","n/e","n/e","0","44","49","59"
"BZN|DK2","14.11.2018 23:00 - 15.11.2018 00:00 (CET/CEST)","423","n/e","n/e","20","143","7","n/e","n/e","n/e","n/e","n/e","n/e","n/e","n/e","n/e","n/e","n/e","0","44","60","70"
"BZN|DK2","15.11.2018 00:00 - 15.11.2018 01:00 (CET/CEST)","389","n/e","n/e","20","149","7","n/e","n/e","n/e","n/e","n/e","n/e","n/e","n/e","n/e","n/e","n/e","0","44","54","63"
"BZN|DK2","15.11.2018 01:00 - 15.11.2018 02:00 (CET/CEST)","316","n/e","n/e","21","147","7","n/e","n/e","n/e","n/e","n/e","n/e","n/e","n/e","n/e","n/e","n/e","0","44","41","57"
"BZN|DK2","15.11.2018 02:00 - 15.11.2018 03:00 (CET/CEST)","314","n/e","n/e","20","153","7","n/e","n/e","n/e","n/e","n/e","n/e","n/e","n/e","n/e","n/e","n/e","0","44","31","55"
"BZN|DK2","15.11.2018 03:00 - 15.11.2018 04:00 (CET/CEST)","334","n/e","n/e","20","155","7","n/e","n/e","n/e","n/e","n/e","n/e","n/e","n/e","n/e","n/e","n/e","0","44","21","58"
"BZN|DK2","15.11.2018 04:00 - 15.11.2018 05:00 (CET/CEST)","368","n/e","n/e","20","151","7","n/e","n/e","n/e","n/e","n/e","n/e","n/e","n/e","n/e","n/e","n/e","0","44","28","51"
"BZN|DK2","15.11.2018 05:00 - 15.11.2018 06:00 (CET/CEST)","385","n/e","n/e","21","153","7","n/e","n/e","n/e","n/e","n/e","n/e","n/e","n/e","n/e","n/e","n/e","0","44","21","45"
"BZN|DK2","15.11.2018 06:00 - 15.11.2018 07:00 (CET/CEST)","418","n/e","n/e","36","185","9","n/e","n/e","n/e","n/e","n/e","n/e","n/e","n/e","n/e","n/e","n/e","0","43","21","43"
"BZN|DK2","15.11.2018 07:00 - 15.11.2018 08:00 (CET/CEST)","487","n/e","n/e","49","263","11","n/e","n/e","n/e","n/e","n/e","n/e","n/e","n/e","n/e","n/e","n/e","0","45","42","47"
"BZN|DK2","15.11.2018 08:00 - 15.11.2018 09:00 (CET/CEST)","475","n/e","n/e","53","258","12","n/e","n/e","n/e","n/e","n/e","n/e","n/e","n/e","n/e","n/e","n/e","7","45","50","61"
"BZN|DK2","15.11.2018 09:00 - 15.11.2018 10:00 (CET/CEST)","412","n/e","n/e","48","233","12","n/e","n/e","n/e","n/e","n/e","n/e","n/e","n/e","n/e","n/e","n/e","28","44","74","61"
"BZN|DK2","15.11.2018 10:00 - 15.11.2018 11:00 (CET/CEST)","469","n/e","n/e","50","269","12","n/e","n/e","n/e","n/e","n/e","n/e","n/e","n/e","n/e","n/e","n/e","58","42","95","66"
"BZN|DK2","15.11.2018 11:00 - 15.11.2018 12:00 (CET/CEST)","205","n/e","n/e","51","272","10","n/e","n/e","n/e","n/e","n/e","n/e","n/e","n/e","n/e","n/e","n/e","74","42","80","72"
"BZN|DK2","15.11.2018 12:00 - 15.11.2018 13:00 (CET/CEST)","274","n/e","n/e","53","265","10","n/e","n/e","n/e","n/e","n/e","n/e","n/e","n/e","n/e","n/e","n/e","41","44","65","75"
"BZN|DK2","15.11.2018 13:00 - 15.11.2018 14:00 (CET/CEST)","340","n/e","n/e","38","221","9","n/e","n/e","n/e","n/e","n/e","n/e","n/e","n/e","n/e","n/e","n/e","27","44","47","71"
"BZN|DK2","15.11.2018 14:00 - 15.11.2018 15:00 (CET/CEST)","440","n/e","n/e","35","223","9","n/e","n/e","n/e","n/e","n/e","n/e","n/e","n/e","n/e","n/e","n/e","41","43","49","67"
"BZN|DK2","15.11.2018 15:00 - 15.11.2018 16:00 (CET/CEST)","526","n/e","n/e","38","265","9","n/e","n/e","n/e","n/e","n/e","n/e","n/e","n/e","n/e","n/e","n/e","12","45","55","71"
"BZN|DK2","15.11.2018 16:00 - 15.11.2018 17:00 (CET/CEST)","518","n/e","n/e","42","232","10","n/e","n/e","n/e","n/e","n/e","n/e","n/e","n/e","n/e","n/e","n/e","0","45","97","98"
"BZN|DK2","15.11.2018 17:00 - 15.11.2018 18:00 (CET/CEST)","511","n/e","n/e","42","215","11","n/e","n/e","n/e","n/e","n/e","n/e","n/e","n/e","n/e","n/e","n/e","0","45","151","150"
"BZN|DK2","15.11.2018 18:00 - 15.11.2018 19:00 (CET/CEST)","518","n/e","n/e","41","208","10","n/e","n/e","n/e","n/e","n/e","n/e","n/e","n/e","n/e","n/e","n/e","0","45","156","196"
"BZN|DK2","15.11.2018 19:00 - 15.11.2018 20:00 (CET/CEST)","524","n/e","n/e","36","196","9","n/e","n/e","n/e","n/e","n/e","n/e","n/e","n/e","n/e","n/e","n/e","0","44","151","223"
"BZN|DK2","15.11.2018 20:00 - 15.11.2018 21:00 (CET/CEST)","494","n/e","n/e","29","156","8","n/e","n/e","n/e","n/e","n/e","n/e","n/e","n/e","n/e","n/e","n/e","0","44","190","231"
"BZN|DK2","15.11.2018 21:00 - 15.11.2018 22:00 (CET/CEST)","337","n/e","n/e","22","153","7","n/e","n/e","n/e","n/e","n/e","n/e","n/e","n/e","n/e","n/e","n/e","0","44","223","226"
"BZN|DK2","15.11.2018 22:00 - 15.11.2018 23:00 (CET/CEST)","313","n/e","n/e","22","153","7","n/e","n/e","n/e","n/e","n/e","n/e","n/e","n/e","n/e","n/e","n/e","0","43","211","225"
"BZN|DK2","15.11.2018 23:00 - 16.11.2018 00:00 (CET/CEST)","309","n/e","n/e","21","163","6","n/e","n/e","n/e","n/e","n/e","n/e","n/e","n/e","n/e","n/e","n/e","0","44","200","214"
"BZN|DK2","16.11.2018 00:00 - 16.11.2018 01:00 (CET/CEST)","311","n/e","n/e","19","164","6","n/e","n/e","n/e","n/e","n/e","n/e","n/e","n/e","n/e","n/e","n/e","0","43","218","224"
"BZN|DK2","16.11.2018 01:00 - 16.11.2018 02:00 (CET/CEST)","314","n/e","n/e","19","155","6","n/e","n/e","n/e","n/e","n/e","n/e","n/e","n/e","n/e","n/e","n/e","0","43","266","242"
"BZN|DK2","16.11.2018 02:00 - 16.11.2018 03:00 (CET/CEST)","314","n/e","n/e","19","153","6","n/e","n/e","n/e","n/e","n/e","n/e","n/e","n/e","n/e","n/e","n/e","0","44","287","236"
"BZN|DK2","16.11.2018 03:00 - 16.11.2018 04:00 (CET/CEST)","313","n/e","n/e","19","157","6","n/e","n/e","n/e","n/e","n/e","n/e","n/e","n/e","n/e","n/e","n/e","0","43","282","233"
"BZN|DK2","16.11.2018 04:00 - 16.11.2018 05:00 (CET/CEST)","314","n/e","n/e","19","170","6","n/e","n/e","n/e","n/e","n/e","n/e","n/e","n/e","n/e","n/e","n/e","0","43","296","238"
"BZN|DK2","16.11.2018 05:00 - 16.11.2018 06:00 (CET/CEST)","317","n/e","n/e","19","206","6","n/e","n/e","n/e","n/e","n/e","n/e","n/e","n/e","n/e","n/e","n/e","0","43","315","240"
"BZN|DK2","16.11.2018 06:00 - 16.11.2018 07:00 (CET/CEST)","317","n/e","n/e","25","234","7","n/e","n/e","n/e","n/e","n/e","n/e","n/e","n/e","n/e","n/e","n/e","0","44","251","253"
"BZN|DK2","16.11.2018 07:00 - 16.11.2018 08:00 (CET/CEST)","320","n/e","n/e","62","241","8","n/e","n/e","n/e","n/e","n/e","n/e","n/e","n/e","n/e","n/e","n/e","0","44","221","269"
"BZN|DK2","16.11.2018 08:00 - 16.11.2018 09:00 (CET/CEST)","316","n/e","n/e","88","240","7","n/e","n/e","n/e","n/e","n/e","n/e","n/e","n/e","n/e","n/e","n/e","14","44","220","277"
"BZN|DK2","16.11.2018 09:00 - 16.11.2018 10:00 (CET/CEST)","320","n/e","n/e","98","245","8","n/e","n/e","n/e","n/e","n/e","n/e","n/e","n/e","n/e","n/e","n/e","54","44","216","257"
"BZN|DK2","16.11.2018 10:00 - 16.11.2018 11:00 (CET/CEST)","322","n/e","n/e","99","245","8","n/e","n/e","n/e","n/e","n/e","n/e","n/e","n/e","n/e","n/e","n/e","92","44","194","251"
"BZN|DK2","16.11.2018 11:00 - 16.11.2018 12:00 (CET/CEST)","321","n/e","n/e","90","248","9","n/e","n/e","n/e","n/e","n/e","n/e","n/e","n/e","n/e","n/e","n/e","114","44","138","250"
"BZN|DK2","16.11.2018 12:00 - 16.11.2018 13:00 (CET/CEST)","320","n/e","n/e","86","240","9","n/e","n/e","n/e","n/e","n/e","n/e","n/e","n/e","n/e","n/e","n/e","115","44","161","226"
"BZN|DK2","16.11.2018 13:00 - 16.11.2018 14:00 (CET/CEST)","321","n/e","n/e","81","246","8","n/e","n/e","n/e","n/e","n/e","n/e","n/e","n/e","n/e","n/e","n/e","97","44","126","197"
"BZN|DK2","16.11.2018 14:00 - 16.11.2018 15:00 (CET/CEST)","324","n/e","n/e","82","251","9","n/e","n/e","n/e","n/e","n/e","n/e","n/e","n/e","n/e","n/e","n/e","59","44","121","164"
"BZN|DK2","16.11.2018 15:00 - 16.11.2018 16:00 (CET/CEST)","322","n/e","n/e","83","252","10","n/e","n/e","n/e","n/e","n/e","n/e","n/e","n/e","n/e","n/e","n/e","14","44","150","158"
"BZN|DK2","16.11.2018 16:00 - 16.11.2018 17:00 (CET/CEST)","321","n/e","n/e","87","260","11","n/e","n/e","n/e","n/e","n/e","n/e","n/e","n/e","n/e","n/e","n/e","0","45","152","177"
"BZN|DK2","16.11.2018 17:00 - 16.11.2018 18:00 (CET/CEST)","323","n/e","n/e","84","255","10","n/e","n/e","n/e","n/e","n/e","n/e","n/e","n/e","n/e","n/e","n/e","0","44","202","180"
"BZN|DK2","16.11.2018 18:00 - 16.11.2018 19:00 (CET/CEST)","322","n/e","n/e","92","259","11","n/e","n/e","n/e","n/e","n/e","n/e","n/e","n/e","n/e","n/e","n/e","0","45","260","254"
"BZN|DK2","16.11.2018 19:00 - 16.11.2018 20:00 (CET/CEST)","322","n/e","n/e","89","253","10","n/e","n/e","n/e","n/e","n/e","n/e","n/e","n/e","n/e","n/e","n/e","0","45","301","275"
"BZN|DK2","16.11.2018 20:00 - 16.11.2018 21:00 (CET/CEST)","322","n/e","n/e","65","243","8","n/e","n/e","n/e","n/e","n/e","n/e","n/e","n/e","n/e","n/e","n/e","0","44","295","239"
"BZN|DK2","16.11.2018 21:00 - 16.11.2018 22:00 (CET/CEST)","324","n/e","n/e","24","239","8","n/e","n/e","n/e","n/e","n/e","n/e","n/e","n/e","n/e","n/e","n/e","0","44","270","221"
"BZN|DK2","16.11.2018 22:00 - 16.11.2018 23:00 (CET/CEST)","321","n/e","n/e","22","231","8","n/e","n/e","n/e","n/e","n/e","n/e","n/e","n/e","n/e","n/e","n/e","0","44","243","178"
"BZN|DK2","16.11.2018 23:00 - 17.11.2018 00:00 (CET/CEST)","319","n/e","n/e","22","230","8","n/e","n/e","n/e","n/e","n/e","n/e","n/e","n/e","n/e","n/e","n/e","0","44","208","158"
"BZN|DK2","17.11.2018 00:00 - 17.11.2018 01:00 (CET/CEST)","320","n/e","n/e","22","182","7","n/e","n/e","n/e","n/e","n/e","n/e","n/e","n/e","n/e","n/e","n/e","0","44","164","132"
"BZN|DK2","17.11.2018 01:00 - 17.11.2018 02:00 (CET/CEST)","320","n/e","n/e","22","133","7","n/e","n/e","n/e","n/e","n/e","n/e","n/e","n/e","n/e","n/e","n/e","0","42","125","135"
"BZN|DK2","17.11.2018 02:00 - 17.11.2018 03:00 (CET/CEST)","322","n/e","n/e","22","137","7","n/e","n/e","n/e","n/e","n/e","n/e","n/e","n/e","n/e","n/e","n/e","0","42","83","125"
"BZN|DK2","17.11.2018 03:00 - 17.11.2018 04:00 (CET/CEST)","324","n/e","n/e","22","137","7","n/e","n/e","n/e","n/e","n/e","n/e","n/e","n/e","n/e","n/e","n/e","0","42","60","105"
"BZN|DK2","17.11.2018 04:00 - 17.11.2018 05:00 (CET/CEST)","322","n/e","n/e","22","141","7","n/e","n/e","n/e","n/e","n/e","n/e","n/e","n/e","n/e","n/e","n/e","0","44","96","82"
"BZN|DK2","17.11.2018 05:00 - 17.11.2018 06:00 (CET/CEST)","318","n/e","n/e","22","137","7","n/e","n/e","n/e","n/e","n/e","n/e","n/e","n/e","n/e","n/e","n/e","0","44","141","77"
"BZN|DK2","17.11.2018 06:00 - 17.11.2018 07:00 (CET/CEST)","317","n/e","n/e","23","139","8","n/e","n/e","n/e","n/e","n/e","n/e","n/e","n/e","n/e","n/e","n/e","0","44","133","88"
"BZN|DK2","17.11.2018 07:00 - 17.11.2018 08:00 (CET/CEST)","324","n/e","n/e","22","136","8","n/e","n/e","n/e","n/e","n/e","n/e","n/e","n/e","n/e","n/e","n/e","0","44","107","84"
"BZN|DK2","17.11.2018 08:00 - 17.11.2018 09:00 (CET/CEST)","322","n/e","n/e","23","138","8","n/e","n/e","n/e","n/e","n/e","n/e","n/e","n/e","n/e","n/e","n/e","7","43","128","83"
"BZN|DK2","17.11.2018 09:00 - 17.11.2018 10:00 (CET/CEST)","322","n/e","n/e","24","134","8","n/e","n/e","n/e","n/e","n/e","n/e","n/e","n/e","n/e","n/e","n/e","30","43","111","76"
"BZN|DK2","17.11.2018 10:00 - 17.11.2018 11:00 (CET/CEST)","322","n/e","n/e","27","137","9","n/e","n/e","n/e","n/e","n/e","n/e","n/e","n/e","n/e","n/e","n/e","61","44","63","66"
"BZN|DK2","17.11.2018 11:00 - 17.11.2018 12:00 (CET/CEST)","327","n/e","n/e","25","144","9","n/e","n/e","n/e","n/e","n/e","n/e","n/e","n/e","n/e","n/e","n/e","86","45","48","63"
"BZN|DK2","17.11.2018 12:00 - 17.11.2018 13:00 (CET/CEST)","323","n/e","n/e","26","157","9","n/e","n/e","n/e","n/e","n/e","n/e","n/e","n/e","n/e","n/e","n/e","90","44","44","51"
"BZN|DK2","17.11.2018 13:00 - 17.11.2018 14:00 (CET/CEST)","321","n/e","n/e","25","199","9","n/e","n/e","n/e","n/e","n/e","n/e","n/e","n/e","n/e","n/e","n/e","67","44","37","33"
"BZN|DK2","17.11.2018 14:00 - 17.11.2018 15:00 (CET/CEST)","325","n/e","n/e","26","244","9","n/e","n/e","n/e","n/e","n/e","n/e","n/e","n/e","n/e","n/e","n/e","45","43","47","38"
"BZN|DK2","17.11.2018 15:00 - 17.11.2018 16:00 (CET/CEST)","331","n/e","n/e","39","248","9","n/e","n/e","n/e","n/e","n/e","n/e","n/e","n/e","n/e","n/e","n/e","12","44","76","55"
"BZN|DK2","17.11.2018 16:00 - 17.11.2018 17:00 (CET/CEST)","324","n/e","n/e","64","254","10","n/e","n/e","n/e","n/e","n/e","n/e","n/e","n/e","n/e","n/e","n/e","0","45","66","53"
"BZN|DK2","17.11.2018 17:00 - 17.11.2018 18:00 (CET/CEST)","322","n/e","n/e","74","257","11","n/e","n/e","n/e","n/e","n/e","n/e","n/e","n/e","n/e","n/e","n/e","0","45","32","37"
"BZN|DK2","17.11.2018 18:00 - 17.11.2018 19:00 (CET/CEST)","323","n/e","n/e","50","255","11","n/e","n/e","n/e","n/e","n/e","n/e","n/e","n/e","n/e","n/e","n/e","0","44","39","44"
"BZN|DK2","17.11.2018 19:00 - 17.11.2018 20:00 (CET/CEST)","322","n/e","n/e","31","254","10","n/e","n/e","n/e","n/e","n/e","n/e","n/e","n/e","n/e","n/e","n/e","0","45","46","50"
"BZN|DK2","17.11.2018 20:00 - 17.11.2018 21:00 (CET/CEST)","319","n/e","n/e","28","249","9","n/e","n/e","n/e","n/e","n/e","n/e","n/e","n/e","n/e","n/e","n/e","0","44","27","40"
"BZN|DK2","17.11.2018 21:00 - 17.11.2018 22:00 (CET/CEST)","326","n/e","n/e","27","247","9","n/e","n/e","n/e","n/e","n/e","n/e","n/e","n/e","n/e","n/e","n/e","0","44","15","27"
"BZN|DK2","17.11.2018 22:00 - 17.11.2018 23:00 (CET/CEST)","327","n/e","n/e","24","245","8","n/e","n/e","n/e","n/e","n/e","n/e","n/e","n/e","n/e","n/e","n/e","0","44","8","33"
"BZN|DK2","17.11.2018 23:00 - 18.11.2018 00:00 (CET/CEST)","323","n/e","n/e","22","241","7","n/e","n/e","n/e","n/e","n/e","n/e","n/e","n/e","n/e","n/e","n/e","0","44","3","37"
"BZN|DK2","18.11.2018 00:00 - 18.11.2018 01:00 (CET/CEST)","331","n/e","n/e","20","238","7","n/e","n/e","n/e","n/e","n/e","n/e","n/e","n/e","n/e","n/e","n/e","0","44","0","35"
"BZN|DK2","18.11.2018 01:00 - 18.11.2018 02:00 (CET/CEST)","326","n/e","n/e","21","240","7","n/e","n/e","n/e","n/e","n/e","n/e","n/e","n/e","n/e","n/e","n/e","0","44","0","27"
"BZN|DK2","18.11.2018 02:00 - 18.11.2018 03:00 (CET/CEST)","324","n/e","n/e","21","240","7","n/e","n/e","n/e","n/e","n/e","n/e","n/e","n/e","n/e","n/e","n/e","0","44","0","14"
"BZN|DK2","18.11.2018 03:00 - 18.11.2018 04:00 (CET/CEST)","325","n/e","n/e","22","240","7","n/e","n/e","n/e","n/e","n/e","n/e","n/e","n/e","n/e","n/e","n/e","0","44","0","25"
"BZN|DK2","18.11.2018 04:00 - 18.11.2018 05:00 (CET/CEST)","324","n/e","n/e","22","240","7","n/e","n/e","n/e","n/e","n/e","n/e","n/e","n/e","n/e","n/e","n/e","0","44","8","35"
"BZN|DK2","18.11.2018 05:00 - 18.11.2018 06:00 (CET/CEST)","324","n/e","n/e","22","240","7","n/e","n/e","n/e","n/e","n/e","n/e","n/e","n/e","n/e","n/e","n/e","0","43","80","52"
"BZN|DK2","18.11.2018 06:00 - 18.11.2018 07:00 (CET/CEST)","321","n/e","n/e","24","243","8","n/e","n/e","n/e","n/e","n/e","n/e","n/e","n/e","n/e","n/e","n/e","0","44","66","48"
"BZN|DK2","18.11.2018 07:00 - 18.11.2018 08:00 (CET/CEST)","321","n/e","n/e","25","242","8","n/e","n/e","n/e","n/e","n/e","n/e","n/e","n/e","n/e","n/e","n/e","0","43","51","64"
"BZN|DK2","18.11.2018 08:00 - 18.11.2018 09:00 (CET/CEST)","326","n/e","n/e","33","245","9","n/e","n/e","n/e","n/e","n/e","n/e","n/e","n/e","n/e","n/e","n/e","2","43","55","107"
"BZN|DK2","18.11.2018 09:00 - 18.11.2018 10:00 (CET/CEST)","325","n/e","n/e","77","247","9","n/e","n/e","n/e","n/e","n/e","n/e","n/e","n/e","n/e","n/e","n/e","16","43","89","153"
"BZN|DK2","18.11.2018 10:00 - 18.11.2018 11:00 (CET/CEST)","327","n/e","n/e","89","247","9","n/e","n/e","n/e","n/e","n/e","n/e","n/e","n/e","n/e","n/e","n/e","64","43","106","195"
"BZN|DK2","18.11.2018 11:00 - 18.11.2018 12:00 (CET/CEST)","329","n/e","n/e","91","247","9","n/e","n/e","n/e","n/e","n/e","n/e","n/e","n/e","n/e","n/e","n/e","79","43","103","174"
"BZN|DK2","18.11.2018 12:00 - 18.11.2018 13:00 (CET/CEST)","328","n/e","n/e","90","247","9","n/e","n/e","n/e","n/e","n/e","n/e","n/e","n/e","n/e","n/e","n/e","49","44","152","177"
"BZN|DK2","18.11.2018 13:00 - 18.11.2018 14:00 (CET/CEST)","323","n/e","n/e","89","246","9","n/e","n/e","n/e","n/e","n/e","n/e","n/e","n/e","n/e","n/e","n/e","36","44","188","170"
"BZN|DK2","18.11.2018 14:00 - 18.11.2018 15:00 (CET/CEST)","325","n/e","n/e","89","247","9","n/e","n/e","n/e","n/e","n/e","n/e","n/e","n/e","n/e","n/e","n/e","24","43","250","165"
"BZN|DK2","18.11.2018 15:00 - 18.11.2018 16:00 (CET/CEST)","328","n/e","n/e","80","250","9","n/e","n/e","n/e","n/e","n/e","n/e","n/e","n/e","n/e","n/e","n/e","2","40","291","187"
"BZN|DK2","18.11.2018 16:00 - 18.11.2018 17:00 (CET/CEST)","325","n/e","n/e","32","255","11","n/e","n/e","n/e","n/e","n/e","n/e","n/e","n/e","n/e","n/e","n/e","0","29","346","249"
"BZN|DK2","18.11.2018 17:00 - 18.11.2018 18:00 (CET/CEST)","327","n/e","n/e","32","256","11","n/e","n/e","n/e","n/e","n/e","n/e","n/e","n/e","n/e","n/e","n/e","0","29","343","289"
"BZN|DK2","18.11.2018 18:00 - 18.11.2018 19:00 (CET/CEST)","328","n/e","n/e","30","253","10","n/e","n/e","n/e","n/e","n/e","n/e","n/e","n/e","n/e","n/e","n/e","0","29","335","300"
"BZN|DK2","18.11.2018 19:00 - 18.11.2018 20:00 (CET/CEST)","325","n/e","n/e","30","253","10","n/e","n/e","n/e","n/e","n/e","n/e","n/e","n/e","n/e","n/e","n/e","0","29","335","312"
"BZN|DK2","18.11.2018 20:00 - 18.11.2018 21:00 (CET/CEST)","320","n/e","n/e","30","255","10","n/e","n/e","n/e","n/e","n/e","n/e","n/e","n/e","n/e","n/e","n/e","0","29","340","342"
"BZN|DK2","18.11.2018 21:00 - 18.11.2018 22:00 (CET/CEST)","325","n/e","n/e","28","251","10","n/e","n/e","n/e","n/e","n/e","n/e","n/e","n/e","n/e","n/e","n/e","0","28","334","362"
"BZN|DK2","18.11.2018 22:00 - 18.11.2018 23:00 (CET/CEST)","322","n/e","n/e","28","251","9","n/e","n/e","n/e","n/e","n/e","n/e","n/e","n/e","n/e","n/e","n/e","0","29","339","341"
"BZN|DK2","18.11.2018 23:00 - 19.11.2018 00:00 (CET/CEST)","322","n/e","n/e","27","249","9","n/e","n/e","n/e","n/e","n/e","n/e","n/e","n/e","n/e","n/e","n/e","0","29","315","310"
"BZN|DK2","19.11.2018 00:00 - 19.11.2018 01:00 (CET/CEST)","324","n/e","n/e","25","247","9","n/e","n/e","n/e","n/e","n/e","n/e","n/e","n/e","n/e","n/e","n/e","0","26","317","309"
"BZN|DK2","19.11.2018 01:00 - 19.11.2018 02:00 (CET/CEST)","327","n/e","n/e","25","246","9","n/e","n/e","n/e","n/e","n/e","n/e","n/e","n/e","n/e","n/e","n/e","0","25","338","336"
"BZN|DK2","19.11.2018 02:00 - 19.11.2018 03:00 (CET/CEST)","328","n/e","n/e","25","246","9","n/e","n/e","n/e","n/e","n/e","n/e","n/e","n/e","n/e","n/e","n/e","0","25","349","362"
"BZN|DK2","19.11.2018 03:00 - 19.11.2018 04:00 (CET/CEST)","324","n/e","n/e","25","246","9","n/e","n/e","n/e","n/e","n/e","n/e","n/e","n/e","n/e","n/e","n/e","0","25","358","395"
"BZN|DK2","19.11.2018 04:00 - 19.11.2018 05:00 (CET/CEST)","322","n/e","n/e","25","245","9","n/e","n/e","n/e","n/e","n/e","n/e","n/e","n/e","n/e","n/e","n/e","0","25","359","423"
"BZN|DK2","19.11.2018 05:00 - 19.11.2018 06:00 (CET/CEST)","324","n/e","n/e","26","245","9","n/e","n/e","n/e","n/e","n/e","n/e","n/e","n/e","n/e","n/e","n/e","0","26","359","427"
"BZN|DK2","19.11.2018 06:00 - 19.11.2018 07:00 (CET/CEST)","321","n/e","n/e","27","247","9","n/e","n/e","n/e","n/e","n/e","n/e","n/e","n/e","n/e","n/e","n/e","0","29","357","434"
"BZN|DK2","19.11.2018 07:00 - 19.11.2018 08:00 (CET/CEST)","317","n/e","n/e","64","239","8","n/e","n/e","n/e","n/e","n/e","n/e","n/e","n/e","n/e","n/e","n/e","0","41","362","437"
"BZN|DK2","19.11.2018 08:00 - 19.11.2018 09:00 (CET/CEST)","315","n/e","n/e","81","238","7","n/e","n/e","n/e","n/e","n/e","n/e","n/e","n/e","n/e","n/e","n/e","4","43","356","437"
"BZN|DK2","19.11.2018 09:00 - 19.11.2018 10:00 (CET/CEST)","318","n/e","n/e","83","239","8","n/e","n/e","n/e","n/e","n/e","n/e","n/e","n/e","n/e","n/e","n/e","23","44","361","444"
"BZN|DK2","19.11.2018 10:00 - 19.11.2018 11:00 (CET/CEST)","319","n/e","n/e","82","237","7","n/e","n/e","n/e","n/e","n/e","n/e","n/e","n/e","n/e","n/e","n/e","47","41","360","455"
"BZN|DK2","19.11.2018 11:00 - 19.11.2018 12:00 (CET/CEST)","319","n/e","n/e","81","237","7","n/e","n/e","n/e","n/e","n/e","n/e","n/e","n/e","n/e","n/e","n/e","53","42","337","419"
"BZN|DK2","19.11.2018 12:00 - 19.11.2018 13:00 (CET/CEST)","320","n/e","n/e","81","237","7","n/e","n/e","n/e","n/e","n/e","n/e","n/e","n/e","n/e","n/e","n/e","46","44","335","408"
"BZN|DK2","19.11.2018 13:00 - 19.11.2018 14:00 (CET/CEST)","322","n/e","n/e","80","236","12","n/e","n/e","n/e","n/e","n/e","n/e","n/e","n/e","n/e","n/e","n/e","33","44","353","425"
"BZN|DK2","19.11.2018 14:00 - 19.11.2018 15:00 (CET/CEST)","343","n/e","n/e","80","236","15","n/e","n/e","n/e","n/e","n/e","n/e","n/e","n/e","n/e","n/e","n/e","16","44","352","407"
"BZN|DK2","19.11.2018 15:00 - 19.11.2018 16:00 (CET/CEST)","364","n/e","n/e","82","237","15","n/e","n/e","n/e","n/e","n/e","n/e","n/e","n/e","n/e","n/e","n/e","4","44","365","426"
"BZN|DK2","19.11.2018 16:00 - 19.11.2018 17:00 (CET/CEST)","311","n/e","n/e","82","238","16","n/e","n/e","n/e","n/e","n/e","n/e","n/e","n/e","n/e","n/e","n/e","0","45","358","417"
"BZN|DK2","19.11.2018 17:00 - 19.11.2018 18:00 (CET/CEST)","320","n/e","n/e","82","230","16","n/e","n/e","n/e","n/e","n/e","n/e","n/e","n/e","n/e","n/e","n/e","0","43","351","415"
"BZN|DK2","19.11.2018 18:00 - 19.11.2018 19:00 (CET/CEST)","326","n/e","n/e","71","225","16","n/e","n/e","n/e","n/e","n/e","n/e","n/e","n/e","n/e","n/e","n/e","0","44","339","408"
"BZN|DK2","19.11.2018 19:00 - 19.11.2018 20:00 (CET/CEST)","316","n/e","n/e","23","220","16","n/e","n/e","n/e","n/e","n/e","n/e","n/e","n/e","n/e","n/e","n/e","0","44","348","407"
"BZN|DK2","19.11.2018 20:00 - 19.11.2018 21:00 (CET/CEST)","317","n/e","n/e","23","213","16","n/e","n/e","n/e","n/e","n/e","n/e","n/e","n/e","n/e","n/e","n/e","0","45","351","373"
"BZN|DK2","19.11.2018 21:00 - 19.11.2018 22:00 (CET/CEST)","312","n/e","n/e","23","212","16","n/e","n/e","n/e","n/e","n/e","n/e","n/e","n/e","n/e","n/e","n/e","0","43","347","369"
"BZN|DK2","19.11.2018 22:00 - 19.11.2018 23:00 (CET/CEST)","309","n/e","n/e","22","210","16","n/e","n/e","n/e","n/e","n/e","n/e","n/e","n/e","n/e","n/e","n/e","0","42","356","360"
"BZN|DK2","19.11.2018 23:00 - 20.11.2018 00:00 (CET/CEST)","312","n/e","n/e","20","207","15","n/e","n/e","n/e","n/e","n/e","n/e","n/e","n/e","n/e","n/e","n/e","0","42","360","367"
"BZN|DK2","20.11.2018 00:00 - 20.11.2018 01:00 (CET/CEST)","308","n/e","n/e","18","208","14","n/e","n/e","n/e","n/e","n/e","n/e","n/e","n/e","n/e","n/e","n/e","0","42","357","360"
"BZN|DK2","20.11.2018 01:00 - 20.11.2018 02:00 (CET/CEST)","318","n/e","n/e","18","208","14","n/e","n/e","n/e","n/e","n/e","n/e","n/e","n/e","n/e","n/e","n/e","0","42","360","373"
"BZN|DK2","20.11.2018 02:00 - 20.11.2018 03:00 (CET/CEST)","319","n/e","n/e","18","208","14","n/e","n/e","n/e","n/e","n/e","n/e","n/e","n/e","n/e","n/e","n/e","0","42","365","343"
"BZN|DK2","20.11.2018 03:00 - 20.11.2018 04:00 (CET/CEST)","316","n/e","n/e","20","211","15","n/e","n/e","n/e","n/e","n/e","n/e","n/e","n/e","n/e","n/e","n/e","0","36","364","376"
"BZN|DK2","20.11.2018 04:00 - 20.11.2018 05:00 (CET/CEST)","314","n/e","n/e","23","217","16","n/e","n/e","n/e","n/e","n/e","n/e","n/e","n/e","n/e","n/e","n/e","0","26","360","369"
"BZN|DK2","20.11.2018 05:00 - 20.11.2018 06:00 (CET/CEST)","318","n/e","n/e","24","217","9","n/e","n/e","n/e","n/e","n/e","n/e","n/e","n/e","n/e","n/e","n/e","0","26","359","378"
"BZN|DK2","20.11.2018 06:00 - 20.11.2018 07:00 (CET/CEST)","318","n/e","n/e","28","223","9","n/e","n/e","n/e","n/e","n/e","n/e","n/e","n/e","n/e","n/e","n/e","0","29","364","413"
"BZN|DK2","20.11.2018 07:00 - 20.11.2018 08:00 (CET/CEST)","318","n/e","n/e","53","222","9","n/e","n/e","n/e","n/e","n/e","n/e","n/e","n/e","n/e","n/e","n/e","0","29","365","439"
"BZN|DK2","20.11.2018 08:00 - 20.11.2018 09:00 (CET/CEST)","319","n/e","n/e","83","220","9","n/e","n/e","n/e","n/e","n/e","n/e","n/e","n/e","n/e","n/e","n/e","3","30","362","518"
"BZN|DK2","20.11.2018 09:00 - 20.11.2018 10:00 (CET/CEST)","318","n/e","n/e","83","214","12","n/e","n/e","n/e","n/e","n/e","n/e","n/e","n/e","n/e","n/e","n/e","14","44","361","395"
"BZN|DK2","20.11.2018 10:00 - 20.11.2018 11:00 (CET/CEST)","312","n/e","n/e","83","218","8","n/e","n/e","n/e","n/e","n/e","n/e","n/e","n/e","n/e","n/e","n/e","32","45","357","422"
"BZN|DK2","20.11.2018 11:00 - 20.11.2018 12:00 (CET/CEST)","312","n/e","n/e","83","221","8","n/e","n/e","n/e","n/e","n/e","n/e","n/e","n/e","n/e","n/e","n/e","43","45","358","447"
"BZN|DK2","20.11.2018 12:00 - 20.11.2018 13:00 (CET/CEST)","310","n/e","n/e","85","219","8","n/e","n/e","n/e","n/e","n/e","n/e","n/e","n/e","n/e","n/e","n/e","51","45","360","462"
"BZN|DK2","20.11.2018 13:00 - 20.11.2018 14:00 (CET/CEST)","309","n/e","n/e","83","217","8","n/e","n/e","n/e","n/e","n/e","n/e","n/e","n/e","n/e","n/e","n/e","41","44","362","505"
"BZN|DK2","20.11.2018 14:00 - 20.11.2018 15:00 (CET/CEST)","303","n/e","n/e","81","237","7","n/e","n/e","n/e","n/e","n/e","n/e","n/e","n/e","n/e","n/e","n/e","21","42","363","536"
"BZN|DK2","20.11.2018 15:00 - 20.11.2018 16:00 (CET/CEST)","306","n/e","n/e","82","237","8","n/e","n/e","n/e","n/e","n/e","n/e","n/e","n/e","n/e","n/e","n/e","4","41","365","552"
"BZN|DK2","20.11.2018 16:00 - 20.11.2018 17:00 (CET/CEST)","306","n/e","n/e","83","238","16","n/e","n/e","n/e","n/e","n/e","n/e","n/e","n/e","n/e","n/e","n/e","0","42","365","550"
"BZN|DK2","20.11.2018 17:00 - 20.11.2018 18:00 (CET/CEST)","350","n/e","n/e","73","237","19","n/e","n/e","n/e","n/e","n/e","n/e","n/e","n/e","n/e","n/e","n/e","0","37","364","556"
"BZN|DK2","20.11.2018 18:00 - 20.11.2018 19:00 (CET/CEST)","363","n/e","n/e","71","237","19","n/e","n/e","n/e","n/e","n/e","n/e","n/e","n/e","n/e","n/e","n/e","0","35","364","567"
"BZN|DK2","20.11.2018 19:00 - 20.11.2018 20:00 (CET/CEST)","312","n/e","n/e","48","235","19","n/e","n/e","n/e","n/e","n/e","n/e","n/e","n/e","n/e","n/e","n/e","0","35","363","566"
"BZN|DK2","20.11.2018 20:00 - 20.11.2018 21:00 (CET/CEST)","374","n/e","n/e","20","235","18","n/e","n/e","n/e","n/e","n/e","n/e","n/e","n/e","n/e","n/e","n/e","0","35","364","553"
"BZN|DK2","20.11.2018 21:00 - 20.11.2018 22:00 (CET/CEST)","416","n/e","n/e","22","240","19","n/e","n/e","n/e","n/e","n/e","n/e","n/e","n/e","n/e","n/e","n/e","0","32","361","508"
"BZN|DK2","20.11.2018 22:00 - 20.11.2018 23:00 (CET/CEST)","440","n/e","n/e","27","248","20","n/e","n/e","n/e","n/e","n/e","n/e","n/e","n/e","n/e","n/e","n/e","0","18","362","493"
"BZN|DK2","20.11.2018 23:00 - 21.11.2018 00:00 (CET/CEST)","432","n/e","n/e","26","248","20","n/e","n/e","n/e","n/e","n/e","n/e","n/e","n/e","n/e","n/e","n/e","0","19","360","484"
"BZN|DK2","21.11.2018 00:00 - 21.11.2018 01:00 (CET/CEST)","436","n/e","n/e","24","243","19","n/e","n/e","n/e","n/e","n/e","n/e","n/e","n/e","n/e","n/e","n/e","0","27","358","482"
"BZN|DK2","21.11.2018 01:00 - 21.11.2018 02:00 (CET/CEST)","428","n/e","n/e","20","189","17","n/e","n/e","n/e","n/e","n/e","n/e","n/e","n/e","n/e","n/e","n/e","0","39","357","520"
"BZN|DK2","21.11.2018 02:00 - 21.11.2018 03:00 (CET/CEST)","377","n/e","n/e","20","162","17","n/e","n/e","n/e","n/e","n/e","n/e","n/e","n/e","n/e","n/e","n/e","0","39","359","507"
"BZN|DK2","21.11.2018 03:00 - 21.11.2018 04:00 (CET/CEST)","404","n/e","n/e","20","161","8","n/e","n/e","n/e","n/e","n/e","n/e","n/e","n/e","n/e","n/e","n/e","0","38","359","497"
"BZN|DK2","21.11.2018 04:00 - 21.11.2018 05:00 (CET/CEST)","417","n/e","n/e","20","163","7","n/e","n/e","n/e","n/e","n/e","n/e","n/e","n/e","n/e","n/e","n/e","0","39","355","492"
"BZN|DK2","21.11.2018 05:00 - 21.11.2018 06:00 (CET/CEST)","513","n/e","n/e","23","209","8","n/e","n/e","n/e","n/e","n/e","n/e","n/e","n/e","n/e","n/e","n/e","0","39","354","493"
"BZN|DK2","21.11.2018 06:00 - 21.11.2018 07:00 (CET/CEST)","513","n/e","n/e","24","243","8","n/e","n/e","n/e","n/e","n/e","n/e","n/e","n/e","n/e","n/e","n/e","0","43","357","453"
"BZN|DK2","21.11.2018 07:00 - 21.11.2018 08:00 (CET/CEST)","509","n/e","n/e","50","243","8","n/e","n/e","n/e","n/e","n/e","n/e","n/e","n/e","n/e","n/e","n/e","0","43","359","459"
"BZN|DK2","21.11.2018 08:00 - 21.11.2018 09:00 (CET/CEST)","507","n/e","n/e","79","238","14","n/e","n/e","n/e","n/e","n/e","n/e","n/e","n/e","n/e","n/e","n/e","4","43","361","449"
"BZN|DK2","21.11.2018 09:00 - 21.11.2018 10:00 (CET/CEST)","462","n/e","n/e","90","238","20","n/e","n/e","n/e","n/e","n/e","n/e","n/e","n/e","n/e","n/e","n/e","18","41","365","472"
"BZN|DK2","21.11.2018 10:00 - 21.11.2018 11:00 (CET/CEST)","415","n/e","n/e","94","239","20","n/e","n/e","n/e","n/e","n/e","n/e","n/e","n/e","n/e","n/e","n/e","31","40","365","490"
"BZN|DK2","21.11.2018 11:00 - 21.11.2018 12:00 (CET/CEST)","449","n/e","n/e","92","237","19","n/e","n/e","n/e","n/e","n/e","n/e","n/e","n/e","n/e","n/e","n/e","32","41","364","521"
"BZN|DK2","21.11.2018 12:00 - 21.11.2018 13:00 (CET/CEST)","464","n/e","n/e","84","238","19","n/e","n/e","n/e","n/e","n/e","n/e","n/e","n/e","n/e","n/e","n/e","32","43","365","511"
"BZN|DK2","21.11.2018 13:00 - 21.11.2018 14:00 (CET/CEST)","517","n/e","n/e","89","239","20","n/e","n/e","n/e","n/e","n/e","n/e","n/e","n/e","n/e","n/e","n/e","28","42","363","498"
"BZN|DK2","21.11.2018 14:00 - 21.11.2018 15:00 (CET/CEST)","526","n/e","n/e","91","240","19","n/e","n/e","n/e","n/e","n/e","n/e","n/e","n/e","n/e","n/e","n/e","14","43","362","494"
"BZN|DK2","21.11.2018 15:00 - 21.11.2018 16:00 (CET/CEST)","525","n/e","n/e","113","242","18","n/e","n/e","n/e","n/e","n/e","n/e","n/e","n/e","n/e","n/e","n/e","3","42","359","464"
"BZN|DK2","21.11.2018 16:00 - 21.11.2018 17:00 (CET/CEST)","521","n/e","n/e","150","244","20","n/e","n/e","n/e","n/e","n/e","n/e","n/e","n/e","n/e","n/e","n/e","0","43","357","415"
"BZN|DK2","21.11.2018 17:00 - 21.11.2018 18:00 (CET/CEST)","516","n/e","n/e","180","244","20","n/e","n/e","n/e","n/e","n/e","n/e","n/e","n/e","n/e","n/e","n/e","0","43","357","404"
"BZN|DK2","21.11.2018 18:00 - 21.11.2018 19:00 (CET/CEST)","510","n/e","n/e","134","244","20","n/e","n/e","n/e","n/e","n/e","n/e","n/e","n/e","n/e","n/e","n/e","0","43","353","393"
"BZN|DK2","21.11.2018 19:00 - 21.11.2018 20:00 (CET/CEST)","495","n/e","n/e","121","247","21","n/e","n/e","n/e","n/e","n/e","n/e","n/e","n/e","n/e","n/e","n/e","0","44","336","381"
"BZN|DK2","21.11.2018 20:00 - 21.11.2018 21:00 (CET/CEST)","442","n/e","n/e","122","248","20","n/e","n/e","n/e","n/e","n/e","n/e","n/e","n/e","n/e","n/e","n/e","0","43","317","342"
"BZN|DK2","21.11.2018 21:00 - 21.11.2018 22:00 (CET/CEST)","392","n/e","n/e","83","248","19","n/e","n/e","n/e","n/e","n/e","n/e","n/e","n/e","n/e","n/e","n/e","0","44","303","301"
"BZN|DK2","21.11.2018 22:00 - 21.11.2018 23:00 (CET/CEST)","357","n/e","n/e","76","245","18","n/e","n/e","n/e","n/e","n/e","n/e","n/e","n/e","n/e","n/e","n/e","0","43","293","298"
"BZN|DK2","21.11.2018 23:00 - 22.11.2018 00:00 (CET/CEST)","347","n/e","n/e","76","245","18","n/e","n/e","n/e","n/e","n/e","n/e","n/e","n/e","n/e","n/e","n/e","0","43","254","257"
"BZN|DK2","22.11.2018 00:00 - 22.11.2018 01:00 (CET/CEST)","288","n/e","n/e","74","242","17","n/e","n/e","n/e","n/e","n/e","n/e","n/e","n/e","n/e","n/e","n/e","0","41","196","211"
"BZN|DK2","22.11.2018 01:00 - 22.11.2018 02:00 (CET/CEST)","269","n/e","n/e","75","243","9","n/e","n/e","n/e","n/e","n/e","n/e","n/e","n/e","n/e","n/e","n/e","0","41","180","205"
"BZN|DK2","22.11.2018 02:00 - 22.11.2018 03:00 (CET/CEST)","267","n/e","n/e","75","243","8","n/e","n/e","n/e","n/e","n/e","n/e","n/e","n/e","n/e","n/e","n/e","0","40","197","215"
"BZN|DK2","22.11.2018 03:00 - 22.11.2018 04:00 (CET/CEST)","270","n/e","n/e","74","242","8","n/e","n/e","n/e","n/e","n/e","n/e","n/e","n/e","n/e","n/e","n/e","0","38","169","201"
"BZN|DK2","22.11.2018 04:00 - 22.11.2018 05:00 (CET/CEST)","301","n/e","n/e","75","243","8","n/e","n/e","n/e","n/e","n/e","n/e","n/e","n/e","n/e","n/e","n/e","0","37","135","185"
"BZN|DK2","22.11.2018 05:00 - 22.11.2018 06:00 (CET/CEST)","381","n/e","n/e","75","244","8","n/e","n/e","n/e","n/e","n/e","n/e","n/e","n/e","n/e","n/e","n/e","0","38","110","171"
"BZN|DK2","22.11.2018 06:00 - 22.11.2018 07:00 (CET/CEST)","482","n/e","n/e","79","249","9","n/e","n/e","n/e","n/e","n/e","n/e","n/e","n/e","n/e","n/e","n/e","0","37","93","142"
"BZN|DK2","22.11.2018 07:00 - 22.11.2018 08:00 (CET/CEST)","566","n/e","n/e","101","256","10","n/e","n/e","n/e","n/e","n/e","n/e","n/e","n/e","n/e","n/e","n/e","0","42","108","128"
"BZN|DK2","22.11.2018 08:00 - 22.11.2018 09:00 (CET/CEST)","574","n/e","n/e","132","261","11","n/e","n/e","n/e","n/e","n/e","n/e","n/e","n/e","n/e","n/e","n/e","1","43","94","125"
"BZN|DK2","22.11.2018 09:00 - 22.11.2018 10:00 (CET/CEST)","577","n/e","n/e","168","265","12","n/e","n/e","n/e","n/e","n/e","n/e","n/e","n/e","n/e","n/e","n/e","7","44","75","111"
"BZN|DK2","22.11.2018 10:00 - 22.11.2018 11:00 (CET/CEST)","577","n/e","n/e","205","265","20","n/e","n/e","n/e","n/e","n/e","n/e","n/e","n/e","n/e","n/e","n/e","15","39","75","111"
"BZN|DK2","22.11.2018 11:00 - 22.11.2018 12:00 (CET/CEST)","582","n/e","n/e","230","266","23","n/e","n/e","n/e","n/e","n/e","n/e","n/e","n/e","n/e","n/e","n/e","20","44","73","119"
"BZN|DK2","22.11.2018 12:00 - 22.11.2018 13:00 (CET/CEST)","578","n/e","n/e","231","263","23","n/e","n/e","n/e","n/e","n/e","n/e","n/e","n/e","n/e","n/e","n/e","19","46","67","131"
"BZN|DK2","22.11.2018 13:00 - 22.11.2018 14:00 (CET/CEST)","571","n/e","n/e","232","261","23","n/e","n/e","n/e","n/e","n/e","n/e","n/e","n/e","n/e","n/e","n/e","14","45","63","122"
"BZN|DK2","22.11.2018 14:00 - 22.11.2018 15:00 (CET/CEST)","589","n/e","n/e","241","263","23","n/e","n/e","n/e","n/e","n/e","n/e","n/e","n/e","n/e","n/e","n/e","6","46","69","112"
"BZN|DK2","22.11.2018 15:00 - 22.11.2018 16:00 (CET/CEST)","593","n/e","n/e","220","194","23","n/e","n/e","n/e","n/e","n/e","n/e","n/e","n/e","n/e","n/e","n/e","1","44","63","107"
"BZN|DK2","22.11.2018 16:00 - 22.11.2018 17:00 (CET/CEST)","591","n/e","n/e","237","189","24","n/e","n/e","n/e","n/e","n/e","n/e","n/e","n/e","n/e","n/e","n/e","0","44","67","100"
"BZN|DK2","22.11.2018 17:00 - 22.11.2018 18:00 (CET/CEST)","595","n/e","n/e","225","188","24","n/e","n/e","n/e","n/e","n/e","n/e","n/e","n/e","n/e","n/e","n/e","0","43","74","104"
"BZN|DK2","22.11.2018 18:00 - 22.11.2018 19:00 (CET/CEST)","616","n/e","n/e","230","188","24","n/e","n/e","n/e","n/e","n/e","n/e","n/e","n/e","n/e","n/e","n/e","0","42","70","92"
"BZN|DK2","22.11.2018 19:00 - 22.11.2018 20:00 (CET/CEST)","603","n/e","n/e","177","185","23","n/e","n/e","n/e","n/e","n/e","n/e","n/e","n/e","n/e","n/e","n/e","0","44","56","100"
"BZN|DK2","22.11.2018 20:00 - 22.11.2018 21:00 (CET/CEST)","565","n/e","n/e","136","180","23","n/e","n/e","n/e","n/e","n/e","n/e","n/e","n/e","n/e","n/e","n/e","0","43","47","97"
"BZN|DK2","22.11.2018 21:00 - 22.11.2018 22:00 (CET/CEST)","424","n/e","n/e","113","176","22","n/e","n/e","n/e","n/e","n/e","n/e","n/e","n/e","n/e","n/e","n/e","0","43","42","85"
"BZN|DK2","22.11.2018 22:00 - 22.11.2018 23:00 (CET/CEST)","428","n/e","n/e","110","154","21","n/e","n/e","n/e","n/e","n/e","n/e","n/e","n/e","n/e","n/e","n/e","0","42","38","69"
"BZN|DK2","22.11.2018 23:00 - 23.11.2018 00:00 (CET/CEST)","350","n/e","n/e","92","108","20","n/e","n/e","n/e","n/e","n/e","n/e","n/e","n/e","n/e","n/e","n/e","0","42","37","58"
"BZN|DK2","23.11.2018 00:00 - 23.11.2018 01:00 (CET/CEST)","391","n/e","n/e","89","42","18","n/e","n/e","n/e","n/e","n/e","n/e","n/e","n/e","n/e","n/e","n/e","0","42","34","54"
"BZN|DK2","23.11.2018 01:00 - 23.11.2018 02:00 (CET/CEST)","411","n/e","n/e","88","40","16","n/e","n/e","n/e","n/e","n/e","n/e","n/e","n/e","n/e","n/e","n/e","0","42","30","54"
"BZN|DK2","23.11.2018 02:00 - 23.11.2018 03:00 (CET/CEST)","439","n/e","n/e","88","40","15","n/e","n/e","n/e","n/e","n/e","n/e","n/e","n/e","n/e","n/e","n/e","0","42","29","47"
"BZN|DK2","23.11.2018 03:00 - 23.11.2018 04:00 (CET/CEST)","452","n/e","n/e","89","41","15","n/e","n/e","n/e","n/e","n/e","n/e","n/e","n/e","n/e","n/e","n/e","0","42","26","44"
"BZN|DK2","23.11.2018 04:00 - 23.11.2018 05:00 (CET/CEST)","457","n/e","n/e","89","41","16","n/e","n/e","n/e","n/e","n/e","n/e","n/e","n/e","n/e","n/e","n/e","0","42","33","47"
"BZN|DK2","23.11.2018 05:00 - 23.11.2018 06:00 (CET/CEST)","506","n/e","n/e","102","44","11","n/e","n/e","n/e","n/e","n/e","n/e","n/e","n/e","n/e","n/e","n/e","0","43","42","53"
"BZN|DK2","23.11.2018 06:00 - 23.11.2018 07:00 (CET/CEST)","566","n/e","n/e","163","56","11","n/e","n/e","n/e","n/e","n/e","n/e","n/e","n/e","n/e","n/e","n/e","0","45","43","49"
"BZN|DK2","23.11.2018 07:00 - 23.11.2018 08:00 (CET/CEST)","493","n/e","n/e","228","62","72","n/e","n/e","n/e","n/e","n/e","n/e","n/e","n/e","n/e","n/e","n/e","0","46","40","48"
"BZN|DK2","23.11.2018 08:00 - 23.11.2018 09:00 (CET/CEST)","595","n/e","n/e","282","68","205","n/e","n/e","n/e","n/e","n/e","n/e","n/e","n/e","n/e","n/e","n/e","0","48","37","47"
"BZN|DK2","23.11.2018 09:00 - 23.11.2018 10:00 (CET/CEST)","572","n/e","n/e","256","64","273","n/e","n/e","n/e","n/e","n/e","n/e","n/e","n/e","n/e","n/e","n/e","2","43","32","44"
"BZN|DK2","23.11.2018 10:00 - 23.11.2018 11:00 (CET/CEST)","584","n/e","n/e","254","62","144","n/e","n/e","n/e","n/e","n/e","n/e","n/e","n/e","n/e","n/e","n/e","4","43","37","39"
"BZN|DK2","23.11.2018 11:00 - 23.11.2018 12:00 (CET/CEST)","605","n/e","n/e","252","62","25","n/e","n/e","n/e","n/e","n/e","n/e","n/e","n/e","n/e","n/e","n/e","5","43","29","34"
"BZN|DK2","23.11.2018 12:00 - 23.11.2018 13:00 (CET/CEST)","605","n/e","n/e","253","62","24","n/e","n/e","n/e","n/e","n/e","n/e","n/e","n/e","n/e","n/e","n/e","4","45","18","31"
"BZN|DK2","23.11.2018 13:00 - 23.11.2018 14:00 (CET/CEST)","601","n/e","n/e","247","61","24","n/e","n/e","n/e","n/e","n/e","n/e","n/e","n/e","n/e","n/e","n/e","2","44","7","22"
"BZN|DK2","23.11.2018 14:00 - 23.11.2018 15:00 (CET/CEST)","634","n/e","n/e","232","59","24","n/e","n/e","n/e","n/e","n/e","n/e","n/e","n/e","n/e","n/e","n/e","1","44","4","20"
"BZN|DK2","23.11.2018 15:00 - 23.11.2018 16:00 (CET/CEST)","640","n/e","n/e","240","59","24","n/e","n/e","n/e","n/e","n/e","n/e","n/e","n/e","n/e","n/e","n/e","0","44","3","16"
"BZN|DK2","23.11.2018 16:00 - 23.11.2018 17:00 (CET/CEST)","622","n/e","n/e","242","61","24","n/e","n/e","n/e","n/e","n/e","n/e","n/e","n/e","n/e","n/e","n/e","0","43","2","15"
"BZN|DK2","23.11.2018 17:00 - 23.11.2018 18:00 (CET/CEST)","622","n/e","n/e","232","61","24","n/e","n/e","n/e","n/e","n/e","n/e","n/e","n/e","n/e","n/e","n/e","0","43","4","15"
"BZN|DK2","23.11.2018 18:00 - 23.11.2018 19:00 (CET/CEST)","631","n/e","n/e","232","59","24","n/e","n/e","n/e","n/e","n/e","n/e","n/e","n/e","n/e","n/e","n/e","0","42","7","12"
"BZN|DK2","23.11.2018 19:00 - 23.11.2018 20:00 (CET/CEST)","608","n/e","n/e","230","55","23","n/e","n/e","n/e","n/e","n/e","n/e","n/e","n/e","n/e","n/e","n/e","0","42","10","12"
"BZN|DK2","23.11.2018 20:00 - 23.11.2018 21:00 (CET/CEST)","579","n/e","n/e","177","54","23","n/e","n/e","n/e","n/e","n/e","n/e","n/e","n/e","n/e","n/e","n/e","0","42","19","12"
"BZN|DK2","23.11.2018 21:00 - 23.11.2018 22:00 (CET/CEST)","500","n/e","n/e","155","49","20","n/e","n/e","n/e","n/e","n/e","n/e","n/e","n/e","n/e","n/e","n/e","0","42","14","10"
"BZN|DK2","23.11.2018 22:00 - 23.11.2018 23:00 (CET/CEST)","513","n/e","n/e","150","47","18","n/e","n/e","n/e","n/e","n/e","n/e","n/e","n/e","n/e","n/e","n/e","0","43","3","8"
"BZN|DK2","23.11.2018 23:00 - 24.11.2018 00:00 (CET/CEST)","492","n/e","n/e","141","44","17","n/e","n/e","n/e","n/e","n/e","n/e","n/e","n/e","n/e","n/e","n/e","0","44","0","7"
"BZN|DK2","24.11.2018 00:00 - 24.11.2018 01:00 (CET/CEST)","473","n/e","n/e","147","42","10","n/e","n/e","n/e","n/e","n/e","n/e","n/e","n/e","n/e","n/e","n/e","0","37","0","5"
"BZN|DK2","24.11.2018 01:00 - 24.11.2018 02:00 (CET/CEST)","349","n/e","n/e","147","39","8","n/e","n/e","n/e","n/e","n/e","n/e","n/e","n/e","n/e","n/e","n/e","0","35","0","4"
"BZN|DK2","24.11.2018 02:00 - 24.11.2018 03:00 (CET/CEST)","359","n/e","n/e","147","40","8","n/e","n/e","n/e","n/e","n/e","n/e","n/e","n/e","n/e","n/e","n/e","0","35","0","4"
"BZN|DK2","24.11.2018 03:00 - 24.11.2018 04:00 (CET/CEST)","373","n/e","n/e","158","42","9","n/e","n/e","n/e","n/e","n/e","n/e","n/e","n/e","n/e","n/e","n/e","0","35","2","4"
"BZN|DK2","24.11.2018 04:00 - 24.11.2018 05:00 (CET/CEST)","362","n/e","n/e","148","41","9","n/e","n/e","n/e","n/e","n/e","n/e","n/e","n/e","n/e","n/e","n/e","0","35","4","4"
"BZN|DK2","24.11.2018 05:00 - 24.11.2018 06:00 (CET/CEST)","425","n/e","n/e","147","42","9","n/e","n/e","n/e","n/e","n/e","n/e","n/e","n/e","n/e","n/e","n/e","0","35","7","4"
"BZN|DK2","24.11.2018 06:00 - 24.11.2018 07:00 (CET/CEST)","417","n/e","n/e","149","45","9","n/e","n/e","n/e","n/e","n/e","n/e","n/e","n/e","n/e","n/e","n/e","0","36","0","5"
"BZN|DK2","24.11.2018 07:00 - 24.11.2018 08:00 (CET/CEST)","462","n/e","n/e","152","49","10","n/e","n/e","n/e","n/e","n/e","n/e","n/e","n/e","n/e","n/e","n/e","0","43","0","6"
"BZN|DK2","24.11.2018 08:00 - 24.11.2018 09:00 (CET/CEST)","507","n/e","n/e","187","52","11","n/e","n/e","n/e","n/e","n/e","n/e","n/e","n/e","n/e","n/e","n/e","1","44","0","7"
"BZN|DK2","24.11.2018 09:00 - 24.11.2018 10:00 (CET/CEST)","531","n/e","n/e","226","56","17","n/e","n/e","n/e","n/e","n/e","n/e","n/e","n/e","n/e","n/e","n/e","4","44","0","8"
"BZN|DK2","24.11.2018 10:00 - 24.11.2018 11:00 (CET/CEST)","529","n/e","n/e","233","57","22","n/e","n/e","n/e","n/e","n/e","n/e","n/e","n/e","n/e","n/e","n/e","8","44","0","8"
"BZN|DK2","24.11.2018 11:00 - 24.11.2018 12:00 (CET/CEST)","543","n/e","n/e","229","57","22","n/e","n/e","n/e","n/e","n/e","n/e","n/e","n/e","n/e","n/e","n/e","10","44","3","11"
"BZN|DK2","24.11.2018 12:00 - 24.11.2018 13:00 (CET/CEST)","534","n/e","n/e","187","55","21","n/e","n/e","n/e","n/e","n/e","n/e","n/e","n/e","n/e","n/e","n/e","9","44","1","11"
"BZN|DK2","24.11.2018 13:00 - 24.11.2018 14:00 (CET/CEST)","508","n/e","n/e","188","55","23","n/e","n/e","n/e","n/e","n/e","n/e","n/e","n/e","n/e","n/e","n/e","7","44","0","14"
"BZN|DK2","24.11.2018 14:00 - 24.11.2018 15:00 (CET/CEST)","528","n/e","n/e","186","52","23","n/e","n/e","n/e","n/e","n/e","n/e","n/e","n/e","n/e","n/e","n/e","3","44","2","21"
"BZN|DK2","24.11.2018 15:00 - 24.11.2018 16:00 (CET/CEST)","528","n/e","n/e","206","54","23","n/e","n/e","n/e","n/e","n/e","n/e","n/e","n/e","n/e","n/e","n/e","1","44","3","29"
"BZN|DK2","24.11.2018 16:00 - 24.11.2018 17:00 (CET/CEST)","603","n/e","n/e","241","60","24","n/e","n/e","n/e","n/e","n/e","n/e","n/e","n/e","n/e","n/e","n/e","0","45","4","39"
"BZN|DK2","24.11.2018 17:00 - 24.11.2018 18:00 (CET/CEST)","608","n/e","n/e","231","59","24","n/e","n/e","n/e","n/e","n/e","n/e","n/e","n/e","n/e","n/e","n/e","0","45","4","38"
"BZN|DK2","24.11.2018 18:00 - 24.11.2018 19:00 (CET/CEST)","603","n/e","n/e","196","59","24","n/e","n/e","n/e","n/e","n/e","n/e","n/e","n/e","n/e","n/e","n/e","0","45","7","36"
"BZN|DK2","24.11.2018 19:00 - 24.11.2018 20:00 (CET/CEST)","517","n/e","n/e","137","56","23","n/e","n/e","n/e","n/e","n/e","n/e","n/e","n/e","n/e","n/e","n/e","0","44","13","50"
"BZN|DK2","24.11.2018 20:00 - 24.11.2018 21:00 (CET/CEST)","520","n/e","n/e","117","52","23","n/e","n/e","n/e","n/e","n/e","n/e","n/e","n/e","n/e","n/e","n/e","0","44","14","51"
"BZN|DK2","24.11.2018 21:00 - 24.11.2018 22:00 (CET/CEST)","476","n/e","n/e","105","45","21","n/e","n/e","n/e","n/e","n/e","n/e","n/e","n/e","n/e","n/e","n/e","0","43","19","61"
"BZN|DK2","24.11.2018 22:00 - 24.11.2018 23:00 (CET/CEST)","488","n/e","n/e","124","49","22","n/e","n/e","n/e","n/e","n/e","n/e","n/e","n/e","n/e","n/e","n/e","0","44","6","47"
"BZN|DK2","24.11.2018 23:00 - 25.11.2018 00:00 (CET/CEST)","472","n/e","n/e","119","44","21","n/e","n/e","n/e","n/e","n/e","n/e","n/e","n/e","n/e","n/e","n/e","0","43","3","41"
"BZN|DK2","25.11.2018 00:00 - 25.11.2018 01:00 (CET/CEST)","446","n/e","n/e","95","42","11","n/e","n/e","n/e","n/e","n/e","n/e","n/e","n/e","n/e","n/e","n/e","0","40","13","41"
"BZN|DK2","25.11.2018 01:00 - 25.11.2018 02:00 (CET/CEST)","462","n/e","n/e","92","102","8","n/e","n/e","n/e","n/e","n/e","n/e","n/e","n/e","n/e","n/e","n/e","0","40","22","40"
"BZN|DK2","25.11.2018 02:00 - 25.11.2018 03:00 (CET/CEST)","442","n/e","n/e","90","129","8","n/e","n/e","n/e","n/e","n/e","n/e","n/e","n/e","n/e","n/e","n/e","0","40","45","44"
"BZN|DK2","25.11.2018 03:00 - 25.11.2018 04:00 (CET/CEST)","446","n/e","n/e","90","155","8","n/e","n/e","n/e","n/e","n/e","n/e","n/e","n/e","n/e","n/e","n/e","0","39","63","44"
"BZN|DK2","25.11.2018 04:00 - 25.11.2018 05:00 (CET/CEST)","391","n/e","n/e","91","162","8","n/e","n/e","n/e","n/e","n/e","n/e","n/e","n/e","n/e","n/e","n/e","0","40","74","58"
"BZN|DK2","25.11.2018 05:00 - 25.11.2018 06:00 (CET/CEST)","420","n/e","n/e","91","160","8","n/e","n/e","n/e","n/e","n/e","n/e","n/e","n/e","n/e","n/e","n/e","0","39","113","83"
"BZN|DK2","25.11.2018 06:00 - 25.11.2018 07:00 (CET/CEST)","425","n/e","n/e","91","144","8","n/e","n/e","n/e","n/e","n/e","n/e","n/e","n/e","n/e","n/e","n/e","0","40","127","93"
"BZN|DK2","25.11.2018 07:00 - 25.11.2018 08:00 (CET/CEST)","429","n/e","n/e","91","168","9","n/e","n/e","n/e","n/e","n/e","n/e","n/e","n/e","n/e","n/e","n/e","0","41","95","101"
"BZN|DK2","25.11.2018 08:00 - 25.11.2018 09:00 (CET/CEST)","421","n/e","n/e","117","169","9","n/e","n/e","n/e","n/e","n/e","n/e","n/e","n/e","n/e","n/e","n/e","1","41","55","113"
"BZN|DK2","25.11.2018 09:00 - 25.11.2018 10:00 (CET/CEST)","464","n/e","n/e","151","197","16","n/e","n/e","n/e","n/e","n/e","n/e","n/e","n/e","n/e","n/e","n/e","5","41","17","135"
"BZN|DK2","25.11.2018 10:00 - 25.11.2018 11:00 (CET/CEST)","463","n/e","n/e","148","220","20","n/e","n/e","n/e","n/e","n/e","n/e","n/e","n/e","n/e","n/e","n/e","11","41","12","149"
"BZN|DK2","25.11.2018 11:00 - 25.11.2018 12:00 (CET/CEST)","459","n/e","n/e","135","224","20","n/e","n/e","n/e","n/e","n/e","n/e","n/e","n/e","n/e","n/e","n/e","18","41","12","162"
"BZN|DK2","25.11.2018 12:00 - 25.11.2018 13:00 (CET/CEST)","457","n/e","n/e","150","224","22","n/e","n/e","n/e","n/e","n/e","n/e","n/e","n/e","n/e","n/e","n/e","19","41","12","165"
"BZN|DK2","25.11.2018 13:00 - 25.11.2018 14:00 (CET/CEST)","460","n/e","n/e","145","241","22","n/e","n/e","n/e","n/e","n/e","n/e","n/e","n/e","n/e","n/e","n/e","16","41","12","165"
"BZN|DK2","25.11.2018 14:00 - 25.11.2018 15:00 (CET/CEST)","476","n/e","n/e","139","241","22","n/e","n/e","n/e","n/e","n/e","n/e","n/e","n/e","n/e","n/e","n/e","8","41","19","186"
"BZN|DK2","25.11.2018 15:00 - 25.11.2018 16:00 (CET/CEST)","482","n/e","n/e","149","242","22","n/e","n/e","n/e","n/e","n/e","n/e","n/e","n/e","n/e","n/e","n/e","2","41","51","196"
"BZN|DK2","25.11.2018 16:00 - 25.11.2018 17:00 (CET/CEST)","529","n/e","n/e","138","244","22","n/e","n/e","n/e","n/e","n/e","n/e","n/e","n/e","n/e","n/e","n/e","0","42","76","227"
"BZN|DK2","25.11.2018 17:00 - 25.11.2018 18:00 (CET/CEST)","520","n/e","n/e","159","248","23","n/e","n/e","n/e","n/e","n/e","n/e","n/e","n/e","n/e","n/e","n/e","0","42","107","235"
"BZN|DK2","25.11.2018 18:00 - 25.11.2018 19:00 (CET/CEST)","502","n/e","n/e","165","249","22","n/e","n/e","n/e","n/e","n/e","n/e","n/e","n/e","n/e","n/e","n/e","0","42","155","256"
"BZN|DK2","25.11.2018 19:00 - 25.11.2018 20:00 (CET/CEST)","486","n/e","n/e","157","249","22","n/e","n/e","n/e","n/e","n/e","n/e","n/e","n/e","n/e","n/e","n/e","0","41","174","252"
"BZN|DK2","25.11.2018 20:00 - 25.11.2018 21:00 (CET/CEST)","499","n/e","n/e","162","251","22","n/e","n/e","n/e","n/e","n/e","n/e","n/e","n/e","n/e","n/e","n/e","0","41","152","242"
"BZN|DK2","25.11.2018 21:00 - 25.11.2018 22:00 (CET/CEST)","448","n/e","n/e","92","243","21","n/e","n/e","n/e","n/e","n/e","n/e","n/e","n/e","n/e","n/e","n/e","0","41","230","231"
"BZN|DK2","25.11.2018 22:00 - 25.11.2018 23:00 (CET/CEST)","450","n/e","n/e","75","241","21","n/e","n/e","n/e","n/e","n/e","n/e","n/e","n/e","n/e","n/e","n/e","0","37","219","217"
"BZN|DK2","25.11.2018 23:00 - 26.11.2018 00:00 (CET/CEST)","433","n/e","n/e","68","243","19","n/e","n/e","n/e","n/e","n/e","n/e","n/e","n/e","n/e","n/e","n/e","0","28","183","198"
"BZN|DK2","26.11.2018 00:00 - 26.11.2018 01:00 (CET/CEST)","423","n/e","n/e","66","243","9","n/e","n/e","n/e","n/e","n/e","n/e","n/e","n/e","n/e","n/e","n/e","0","31","250","161"
"BZN|DK2","26.11.2018 01:00 - 26.11.2018 02:00 (CET/CEST)","471","n/e","n/e","66","239","8","n/e","n/e","n/e","n/e","n/e","n/e","n/e","n/e","n/e","n/e","n/e","0","35","175","134"
"BZN|DK2","26.11.2018 02:00 - 26.11.2018 03:00 (CET/CEST)","466","n/e","n/e","68","241","8","n/e","n/e","n/e","n/e","n/e","n/e","n/e","n/e","n/e","n/e","n/e","0","35","107","118"
"BZN|DK2","26.11.2018 03:00 - 26.11.2018 04:00 (CET/CEST)","472","n/e","n/e","85","243","8","n/e","n/e","n/e","n/e","n/e","n/e","n/e","n/e","n/e","n/e","n/e","0","35","57","114"
"BZN|DK2","26.11.2018 04:00 - 26.11.2018 05:00 (CET/CEST)","476","n/e","n/e","90","244","9","n/e","n/e","n/e","n/e","n/e","n/e","n/e","n/e","n/e","n/e","n/e","0","35","49","106"
"BZN|DK2","26.11.2018 05:00 - 26.11.2018 06:00 (CET/CEST)","518","n/e","n/e","90","245","9","n/e","n/e","n/e","n/e","n/e","n/e","n/e","n/e","n/e","n/e","n/e","0","35","64","109"
"BZN|DK2","26.11.2018 06:00 - 26.11.2018 07:00 (CET/CEST)","557","n/e","n/e","126","238","11","n/e","n/e","n/e","n/e","n/e","n/e","n/e","n/e","n/e","n/e","n/e","0","41","77","117"
"BZN|DK2","26.11.2018 07:00 - 26.11.2018 08:00 (CET/CEST)","592","n/e","n/e","188","219","15","n/e","n/e","n/e","n/e","n/e","n/e","n/e","n/e","n/e","n/e","n/e","0","37","99","113"
"BZN|DK2","26.11.2018 08:00 - 26.11.2018 09:00 (CET/CEST)","605","n/e","n/e","208","218","24","n/e","n/e","n/e","n/e","n/e","n/e","n/e","n/e","n/e","n/e","n/e","5","40","70","109"
"BZN|DK2","26.11.2018 09:00 - 26.11.2018 10:00 (CET/CEST)","605","n/e","n/e","213","217","24","n/e","n/e","n/e","n/e","n/e","n/e","n/e","n/e","n/e","n/e","n/e","36","43","75","90"
"BZN|DK2","26.11.2018 10:00 - 26.11.2018 11:00 (CET/CEST)","601","n/e","n/e","213","215","24","n/e","n/e","n/e","n/e","n/e","n/e","n/e","n/e","n/e","n/e","n/e","80","43","60","60"
"BZN|DK2","26.11.2018 11:00 - 26.11.2018 12:00 (CET/CEST)","596","n/e","n/e","197","216","24","n/e","n/e","n/e","n/e","n/e","n/e","n/e","n/e","n/e","n/e","n/e","102","44","50","45"
"BZN|DK2","26.11.2018 12:00 - 26.11.2018 13:00 (CET/CEST)","598","n/e","n/e","197","256","24","n/e","n/e","n/e","n/e","n/e","n/e","n/e","n/e","n/e","n/e","n/e","104","44","42","38"
"BZN|DK2","26.11.2018 13:00 - 26.11.2018 14:00 (CET/CEST)","599","n/e","n/e","197","260","24","n/e","n/e","n/e","n/e","n/e","n/e","n/e","n/e","n/e","n/e","n/e","84","41","22","28"
"BZN|DK2","26.11.2018 14:00 - 26.11.2018 15:00 (CET/CEST)","605","n/e","n/e","194","259","23","n/e","n/e","n/e","n/e","n/e","n/e","n/e","n/e","n/e","n/e","n/e","43","44","39","36"
"BZN|DK2","26.11.2018 15:00 - 26.11.2018 16:00 (CET/CEST)","604","n/e","n/e","210","263","24","n/e","n/e","n/e","n/e","n/e","n/e","n/e","n/e","n/e","n/e","n/e","6","38","84","56"
"BZN|DK2","26.11.2018 16:00 - 26.11.2018 17:00 (CET/CEST)","616","n/e","n/e","213","274","24","n/e","n/e","n/e","n/e","n/e","n/e","n/e","n/e","n/e","n/e","n/e","0","30","102","65"
"BZN|DK2","26.11.2018 17:00 - 26.11.2018 18:00 (CET/CEST)","636","n/e","n/e","213","260","24","n/e","n/e","n/e","n/e","n/e","n/e","n/e","n/e","n/e","n/e","n/e","0","30","101","75"
"BZN|DK2","26.11.2018 18:00 - 26.11.2018 19:00 (CET/CEST)","629","n/e","n/e","208","255","23","n/e","n/e","n/e","n/e","n/e","n/e","n/e","n/e","n/e","n/e","n/e","0","29","110","67"
"BZN|DK2","26.11.2018 19:00 - 26.11.2018 20:00 (CET/CEST)","607","n/e","n/e","131","256","23","n/e","n/e","n/e","n/e","n/e","n/e","n/e","n/e","n/e","n/e","n/e","0","29","93","60"
"BZN|DK2","26.11.2018 20:00 - 26.11.2018 21:00 (CET/CEST)","609","n/e","n/e","122","257","23","n/e","n/e","n/e","n/e","n/e","n/e","n/e","n/e","n/e","n/e","n/e","0","29","38","46"
"BZN|DK2","26.11.2018 21:00 - 26.11.2018 22:00 (CET/CEST)","611","n/e","n/e","113","248","20","n/e","n/e","n/e","n/e","n/e","n/e","n/e","n/e","n/e","n/e","n/e","0","29","50","65"
"BZN|DK2","26.11.2018 22:00 - 26.11.2018 23:00 (CET/CEST)","532","n/e","n/e","95","245","19","n/e","n/e","n/e","n/e","n/e","n/e","n/e","n/e","n/e","n/e","n/e","0","28","56","74"
"BZN|DK2","26.11.2018 23:00 - 27.11.2018 00:00 (CET/CEST)","476","n/e","n/e","91","243","16","n/e","n/e","n/e","n/e","n/e","n/e","n/e","n/e","n/e","n/e","n/e","0","22","64","70"
"BZN|DK2","27.11.2018 00:00 - 27.11.2018 01:00 (CET/CEST)","492","n/e","n/e","90","243","9","n/e","n/e","n/e","n/e","n/e","n/e","n/e","n/e","n/e","n/e","n/e","0","19","79","56"
"BZN|DK2","27.11.2018 01:00 - 27.11.2018 02:00 (CET/CEST)","486","n/e","n/e","91","244","8","n/e","n/e","n/e","n/e","n/e","n/e","n/e","n/e","n/e","n/e","n/e","0","18","91","44"
"BZN|DK2","27.11.2018 02:00 - 27.11.2018 03:00 (CET/CEST)","436","n/e","n/e","90","240","8","n/e","n/e","n/e","n/e","n/e","n/e","n/e","n/e","n/e","n/e","n/e","0","19","105","31"
"BZN|DK2","27.11.2018 03:00 - 27.11.2018 04:00 (CET/CEST)","458","n/e","n/e","90","239","7","n/e","n/e","n/e","n/e","n/e","n/e","n/e","n/e","n/e","n/e","n/e","0","19","89","30"
"BZN|DK2","27.11.2018 04:00 - 27.11.2018 05:00 (CET/CEST)","491","n/e","n/e","88","237","7","n/e","n/e","n/e","n/e","n/e","n/e","n/e","n/e","n/e","n/e","n/e","0","19","88","22"
"BZN|DK2","27.11.2018 05:00 - 27.11.2018 06:00 (CET/CEST)","521","n/e","n/e","88","240","12","n/e","n/e","n/e","n/e","n/e","n/e","n/e","n/e","n/e","n/e","n/e","0","21","23","18"
"BZN|DK2","27.11.2018 06:00 - 27.11.2018 07:00 (CET/CEST)","547","n/e","n/e","104","250","21","n/e","n/e","n/e","n/e","n/e","n/e","n/e","n/e","n/e","n/e","n/e","0","28","1","25"
"BZN|DK2","27.11.2018 07:00 - 27.11.2018 08:00 (CET/CEST)","600","n/e","n/e","197","257","23","n/e","n/e","n/e","n/e","n/e","n/e","n/e","n/e","n/e","n/e","n/e","0","29","5","24"
"BZN|DK2","27.11.2018 08:00 - 27.11.2018 09:00 (CET/CEST)","604","n/e","n/e","234","263","24","n/e","n/e","n/e","n/e","n/e","n/e","n/e","n/e","n/e","n/e","n/e","5","38","9","20"
"BZN|DK2","27.11.2018 09:00 - 27.11.2018 10:00 (CET/CEST)","615","n/e","n/e","220","259","24","n/e","n/e","n/e","n/e","n/e","n/e","n/e","n/e","n/e","n/e","n/e","36","28","1","18"
"BZN|DK2","27.11.2018 10:00 - 27.11.2018 11:00 (CET/CEST)","610","n/e","n/e","214","253","23","n/e","n/e","n/e","n/e","n/e","n/e","n/e","n/e","n/e","n/e","n/e","72","27","1","13"
"BZN|DK2","27.11.2018 11:00 - 27.11.2018 12:00 (CET/CEST)","608","n/e","n/e","216","247","23","n/e","n/e","n/e","n/e","n/e","n/e","n/e","n/e","n/e","n/e","n/e","84","28","0","8"
"BZN|DK2","27.11.2018 12:00 - 27.11.2018 13:00 (CET/CEST)","593","n/e","n/e","215","258","23","n/e","n/e","n/e","n/e","n/e","n/e","n/e","n/e","n/e","n/e","n/e","89","27","2","9"
"BZN|DK2","27.11.2018 13:00 - 27.11.2018 14:00 (CET/CEST)","596","n/e","n/e","216","258","23","n/e","n/e","n/e","n/e","n/e","n/e","n/e","n/e","n/e","n/e","n/e","74","28","3","13"
"BZN|DK2","27.11.2018 14:00 - 27.11.2018 15:00 (CET/CEST)","596","n/e","n/e","214","256","23","n/e","n/e","n/e","n/e","n/e","n/e","n/e","n/e","n/e","n/e","n/e","44","27","0","10"
"BZN|DK2","27.11.2018 15:00 - 27.11.2018 16:00 (CET/CEST)","599","n/e","n/e","215","257","23","n/e","n/e","n/e","n/e","n/e","n/e","n/e","n/e","n/e","n/e","n/e","7","27","1","10"
"BZN|DK2","27.11.2018 16:00 - 27.11.2018 17:00 (CET/CEST)","625","n/e","n/e","216","258","23","n/e","n/e","n/e","n/e","n/e","n/e","n/e","n/e","n/e","n/e","n/e","0","27","3","21"
"BZN|DK2","27.11.2018 17:00 - 27.11.2018 18:00 (CET/CEST)","620","n/e","n/e","214","259","24","n/e","n/e","n/e","n/e","n/e","n/e","n/e","n/e","n/e","n/e","n/e","0","28","2","36"
"BZN|DK2","27.11.2018 18:00 - 27.11.2018 19:00 (CET/CEST)","608","n/e","n/e","212","253","23","n/e","n/e","n/e","n/e","n/e","n/e","n/e","n/e","n/e","n/e","n/e","0","37","6","39"
"BZN|DK2","27.11.2018 19:00 - 27.11.2018 20:00 (CET/CEST)","604","n/e","n/e","207","242","21","n/e","n/e","n/e","n/e","n/e","n/e","n/e","n/e","n/e","n/e","n/e","0","43","8","53"
"BZN|DK2","27.11.2018 20:00 - 27.11.2018 21:00 (CET/CEST)","590","n/e","n/e","223","238","19","n/e","n/e","n/e","n/e","n/e","n/e","n/e","n/e","n/e","n/e","n/e","0","43","11","56"
"BZN|DK2","27.11.2018 21:00 - 27.11.2018 22:00 (CET/CEST)","525","n/e","n/e","175","233","18","n/e","n/e","n/e","n/e","n/e","n/e","n/e","n/e","n/e","n/e","n/e","0","36","28","54"
"BZN|DK2","27.11.2018 22:00 - 27.11.2018 23:00 (CET/CEST)","527","n/e","n/e","99","231","15","n/e","n/e","n/e","n/e","n/e","n/e","n/e","n/e","n/e","n/e","n/e","0","34","35","59"
"BZN|DK2","27.11.2018 23:00 - 28.11.2018 00:00 (CET/CEST)","514","n/e","n/e","90","229","14","n/e","n/e","n/e","n/e","n/e","n/e","n/e","n/e","n/e","n/e","n/e","0","34","55","64"
"BZN|DK2","28.11.2018 00:00 - 28.11.2018 01:00 (CET/CEST)","480","n/e","n/e","93","234","8","n/e","n/e","n/e","n/e","n/e","n/e","n/e","n/e","n/e","n/e","n/e","0","34","63","97"
"BZN|DK2","28.11.2018 01:00 - 28.11.2018 02:00 (CET/CEST)","476","n/e","n/e","93","235","8","n/e","n/e","n/e","n/e","n/e","n/e","n/e","n/e","n/e","n/e","n/e","0","35","135","120"
"BZN|DK2","28.11.2018 02:00 - 28.11.2018 03:00 (CET/CEST)","451","n/e","n/e","93","235","8","n/e","n/e","n/e","n/e","n/e","n/e","n/e","n/e","n/e","n/e","n/e","0","34","104","128"
"BZN|DK2","28.11.2018 03:00 - 28.11.2018 04:00 (CET/CEST)","464","n/e","n/e","91","233","7","n/e","n/e","n/e","n/e","n/e","n/e","n/e","n/e","n/e","n/e","n/e","0","34","110","140"
"BZN|DK2","28.11.2018 04:00 - 28.11.2018 05:00 (CET/CEST)","458","n/e","n/e","89","233","7","n/e","n/e","n/e","n/e","n/e","n/e","n/e","n/e","n/e","n/e","n/e","0","35","118","170"
"BZN|DK2","28.11.2018 05:00 - 28.11.2018 06:00 (CET/CEST)","475","n/e","n/e","94","233","7","n/e","n/e","n/e","n/e","n/e","n/e","n/e","n/e","n/e","n/e","n/e","0","34","141","190"
"BZN|DK2","28.11.2018 06:00 - 28.11.2018 07:00 (CET/CEST)","559","n/e","n/e","130","236","14","n/e","n/e","n/e","n/e","n/e","n/e","n/e","n/e","n/e","n/e","n/e","0","35","164","207"
"BZN|DK2","28.11.2018 07:00 - 28.11.2018 08:00 (CET/CEST)","602","n/e","n/e","194","256","32","n/e","n/e","n/e","n/e","n/e","n/e","n/e","n/e","n/e","n/e","n/e","0","43","186","220"
"BZN|DK2","28.11.2018 08:00 - 28.11.2018 09:00 (CET/CEST)","607","n/e","n/e","212","251","26","n/e","n/e","n/e","n/e","n/e","n/e","n/e","n/e","n/e","n/e","n/e","3","43","184","223"
"BZN|DK2","28.11.2018 09:00 - 28.11.2018 10:00 (CET/CEST)","592","n/e","n/e","213","248","15","n/e","n/e","n/e","n/e","n/e","n/e","n/e","n/e","n/e","n/e","n/e","30","42","301","233"
"BZN|DK2","28.11.2018 10:00 - 28.11.2018 11:00 (CET/CEST)","520","n/e","n/e","203","242","8","n/e","n/e","n/e","n/e","n/e","n/e","n/e","n/e","n/e","n/e","n/e","55","42","335","301"
"BZN|DK2","28.11.2018 11:00 - 28.11.2018 12:00 (CET/CEST)","496","n/e","n/e","194","240","8","n/e","n/e","n/e","n/e","n/e","n/e","n/e","n/e","n/e","n/e","n/e","75","42","317","401"
"BZN|DK2","28.11.2018 12:00 - 28.11.2018 13:00 (CET/CEST)","505","n/e","n/e","184","240","8","n/e","n/e","n/e","n/e","n/e","n/e","n/e","n/e","n/e","n/e","n/e","88","37","330","472"
"BZN|DK2","28.11.2018 13:00 - 28.11.2018 14:00 (CET/CEST)","516","n/e","n/e","180","240","9","n/e","n/e","n/e","n/e","n/e","n/e","n/e","n/e","n/e","n/e","n/e","65","34","352","527"
"BZN|DK2","28.11.2018 14:00 - 28.11.2018 15:00 (CET/CEST)","570","n/e","n/e","197","240","16","n/e","n/e","n/e","n/e","n/e","n/e","n/e","n/e","n/e","n/e","n/e","30","34","355","545"
"BZN|DK2","28.11.2018 15:00 - 28.11.2018 16:00 (CET/CEST)","583","n/e","n/e","220","246","20","n/e","n/e","n/e","n/e","n/e","n/e","n/e","n/e","n/e","n/e","n/e","4","35","356","557"
"BZN|DK2","28.11.2018 16:00 - 28.11.2018 17:00 (CET/CEST)","570","n/e","n/e","228","242","20","n/e","n/e","n/e","n/e","n/e","n/e","n/e","n/e","n/e","n/e","n/e","0","34","357","562"
"BZN|DK2","28.11.2018 17:00 - 28.11.2018 18:00 (CET/CEST)","539","n/e","n/e","221","241","20","n/e","n/e","n/e","n/e","n/e","n/e","n/e","n/e","n/e","n/e","n/e","0","34","363","607"
"BZN|DK2","28.11.2018 18:00 - 28.11.2018 19:00 (CET/CEST)","521","n/e","n/e","137","241","20","n/e","n/e","n/e","n/e","n/e","n/e","n/e","n/e","n/e","n/e","n/e","0","34","366","637"
"BZN|DK2","28.11.2018 19:00 - 28.11.2018 20:00 (CET/CEST)","516","n/e","n/e","120","241","20","n/e","n/e","n/e","n/e","n/e","n/e","n/e","n/e","n/e","n/e","n/e","0","33","366","658"
"BZN|DK2","28.11.2018 20:00 - 28.11.2018 21:00 (CET/CEST)","484","n/e","n/e","95","241","20","n/e","n/e","n/e","n/e","n/e","n/e","n/e","n/e","n/e","n/e","n/e","0","33","366","674"
"BZN|DK2","28.11.2018 21:00 - 28.11.2018 22:00 (CET/CEST)","487","n/e","n/e","91","240","20","n/e","n/e","n/e","n/e","n/e","n/e","n/e","n/e","n/e","n/e","n/e","0","33","366","670"
"BZN|DK2","28.11.2018 22:00 - 28.11.2018 23:00 (CET/CEST)","484","n/e","n/e","90","239","20","n/e","n/e","n/e","n/e","n/e","n/e","n/e","n/e","n/e","n/e","n/e","0","33","366","679"
"BZN|DK2","28.11.2018 23:00 - 29.11.2018 00:00 (CET/CEST)","462","n/e","n/e","91","240","20","n/e","n/e","n/e","n/e","n/e","n/e","n/e","n/e","n/e","n/e","n/e","0","34","367","684"
"BZN|DK2","29.11.2018 00:00 - 29.11.2018 01:00 (CET/CEST)","483","n/e","n/e","86","240","17","n/e","n/e","n/e","n/e","n/e","n/e","n/e","n/e","n/e","n/e","n/e","0","33","366","692"
"BZN|DK2","29.11.2018 01:00 - 29.11.2018 02:00 (CET/CEST)","460","n/e","n/e","80","240","16","n/e","n/e","n/e","n/e","n/e","n/e","n/e","n/e","n/e","n/e","n/e","0","33","367","680"
"BZN|DK2","29.11.2018 02:00 - 29.11.2018 03:00 (CET/CEST)","473","n/e","n/e","80","240","16","n/e","n/e","n/e","n/e","n/e","n/e","n/e","n/e","n/e","n/e","n/e","0","34","366","667"
"BZN|DK2","29.11.2018 03:00 - 29.11.2018 04:00 (CET/CEST)","448","n/e","n/e","79","237","15","n/e","n/e","n/e","n/e","n/e","n/e","n/e","n/e","n/e","n/e","n/e","0","33","367","659"
"BZN|DK2","29.11.2018 04:00 - 29.11.2018 05:00 (CET/CEST)","428","n/e","n/e","80","237","15","n/e","n/e","n/e","n/e","n/e","n/e","n/e","n/e","n/e","n/e","n/e","0","33","362","647"
"BZN|DK2","29.11.2018 05:00 - 29.11.2018 06:00 (CET/CEST)","465","n/e","n/e","86","239","16","n/e","n/e","n/e","n/e","n/e","n/e","n/e","n/e","n/e","n/e","n/e","0","34","361","642"
"BZN|DK2","29.11.2018 06:00 - 29.11.2018 07:00 (CET/CEST)","498","n/e","n/e","111","240","16","n/e","n/e","n/e","n/e","n/e","n/e","n/e","n/e","n/e","n/e","n/e","0","34","366","633"
"BZN|DK2","29.11.2018 07:00 - 29.11.2018 08:00 (CET/CEST)","513","n/e","n/e","114","240","19","n/e","n/e","n/e","n/e","n/e","n/e","n/e","n/e","n/e","n/e","n/e","0","41","365","606"
"BZN|DK2","29.11.2018 08:00 - 29.11.2018 09:00 (CET/CEST)","506","n/e","n/e","117","242","20","n/e","n/e","n/e","n/e","n/e","n/e","n/e","n/e","n/e","n/e","n/e","1","40","362","577"
"BZN|DK2","29.11.2018 09:00 - 29.11.2018 10:00 (CET/CEST)","507","n/e","n/e","118","241","20","n/e","n/e","n/e","n/e","n/e","n/e","n/e","n/e","n/e","n/e","n/e","3","40","359","556"
"BZN|DK2","29.11.2018 10:00 - 29.11.2018 11:00 (CET/CEST)","498","n/e","n/e","118","241","20","n/e","n/e","n/e","n/e","n/e","n/e","n/e","n/e","n/e","n/e","n/e","8","38","359","541"
"BZN|DK2","29.11.2018 11:00 - 29.11.2018 12:00 (CET/CEST)","492","n/e","n/e","117","242","20","n/e","n/e","n/e","n/e","n/e","n/e","n/e","n/e","n/e","n/e","n/e","11","39","362","542"
"BZN|DK2","29.11.2018 12:00 - 29.11.2018 13:00 (CET/CEST)","490","n/e","n/e","116","242","20","n/e","n/e","n/e","n/e","n/e","n/e","n/e","n/e","n/e","n/e","n/e","10","39","362","541"
"BZN|DK2","29.11.2018 13:00 - 29.11.2018 14:00 (CET/CEST)","507","n/e","n/e","118","242","20","n/e","n/e","n/e","n/e","n/e","n/e","n/e","n/e","n/e","n/e","n/e","6","39","357","538"
"BZN|DK2","29.11.2018 14:00 - 29.11.2018 15:00 (CET/CEST)","504","n/e","n/e","121","241","19","n/e","n/e","n/e","n/e","n/e","n/e","n/e","n/e","n/e","n/e","n/e","3","41","334","530"
"BZN|DK2","29.11.2018 15:00 - 29.11.2018 16:00 (CET/CEST)","497","n/e","n/e","120","241","18","n/e","n/e","n/e","n/e","n/e","n/e","n/e","n/e","n/e","n/e","n/e","0","35","354","529"
"BZN|DK2","29.11.2018 16:00 - 29.11.2018 17:00 (CET/CEST)","507","n/e","n/e","122","242","20","n/e","n/e","n/e","n/e","n/e","n/e","n/e","n/e","n/e","n/e","n/e","0","32","372","559"
"BZN|DK2","29.11.2018 17:00 - 29.11.2018 18:00 (CET/CEST)","455","n/e","n/e","121","240","20","n/e","n/e","n/e","n/e","n/e","n/e","n/e","n/e","n/e","n/e","n/e","0","33","372","607"
"BZN|DK2","29.11.2018 18:00 - 29.11.2018 19:00 (CET/CEST)","476","n/e","n/e","119","238","18","n/e","n/e","n/e","n/e","n/e","n/e","n/e","n/e","n/e","n/e","n/e","0","33","372","610"
"BZN|DK2","29.11.2018 19:00 - 29.11.2018 20:00 (CET/CEST)","476","n/e","n/e","119","238","18","n/e","n/e","n/e","n/e","n/e","n/e","n/e","n/e","n/e","n/e","n/e","0","33","372","606"
"BZN|DK2","29.11.2018 20:00 - 29.11.2018 21:00 (CET/CEST)","461","n/e","n/e","95","239","18","n/e","n/e","n/e","n/e","n/e","n/e","n/e","n/e","n/e","n/e","n/e","0","33","372","582"
"BZN|DK2","29.11.2018 21:00 - 29.11.2018 22:00 (CET/CEST)","460","n/e","n/e","91","239","18","n/e","n/e","n/e","n/e","n/e","n/e","n/e","n/e","n/e","n/e","n/e","0","33","372","583"
"BZN|DK2","29.11.2018 22:00 - 29.11.2018 23:00 (CET/CEST)","453","n/e","n/e","84","239","18","n/e","n/e","n/e","n/e","n/e","n/e","n/e","n/e","n/e","n/e","n/e","0","33","369","554"
"BZN|DK2","29.11.2018 23:00 - 30.11.2018 00:00 (CET/CEST)","479","n/e","n/e","75","239","18","n/e","n/e","n/e","n/e","n/e","n/e","n/e","n/e","n/e","n/e","n/e","0","33","369","501"
"BZN|DK2","30.11.2018 00:00 - 30.11.2018 01:00 (CET/CEST)","447","n/e","n/e","77","236","16","n/e","n/e","n/e","n/e","n/e","n/e","n/e","n/e","n/e","n/e","n/e","0","33","366","504"
"BZN|DK2","30.11.2018 01:00 - 30.11.2018 02:00 (CET/CEST)","409","n/e","n/e","88","239","15","n/e","n/e","n/e","n/e","n/e","n/e","n/e","n/e","n/e","n/e","n/e","0","33","358","496"
"BZN|DK2","30.11.2018 02:00 - 30.11.2018 03:00 (CET/CEST)","425","n/e","n/e","87","239","15","n/e","n/e","n/e","n/e","n/e","n/e","n/e","n/e","n/e","n/e","n/e","0","33","353","482"
"BZN|DK2","30.11.2018 03:00 - 30.11.2018 04:00 (CET/CEST)","476","n/e","n/e","86","239","15","n/e","n/e","n/e","n/e","n/e","n/e","n/e","n/e","n/e","n/e","n/e","0","33","342","467"
"BZN|DK2","30.11.2018 04:00 - 30.11.2018 05:00 (CET/CEST)","476","n/e","n/e","86","235","15","n/e","n/e","n/e","n/e","n/e","n/e","n/e","n/e","n/e","n/e","n/e","0","33","337","443"
"BZN|DK2","30.11.2018 05:00 - 30.11.2018 06:00 (CET/CEST)","471","n/e","n/e","86","239","15","n/e","n/e","n/e","n/e","n/e","n/e","n/e","n/e","n/e","n/e","n/e","0","33","317","447"
"BZN|DK2","30.11.2018 06:00 - 30.11.2018 07:00 (CET/CEST)","474","n/e","n/e","100","240","15","n/e","n/e","n/e","n/e","n/e","n/e","n/e","n/e","n/e","n/e","n/e","0","33","306","428"
"BZN|DK2","30.11.2018 07:00 - 30.11.2018 08:00 (CET/CEST)","485","n/e","n/e","138","241","15","n/e","n/e","n/e","n/e","n/e","n/e","n/e","n/e","n/e","n/e","n/e","0","32","290","398"
"BZN|DK2","30.11.2018 08:00 - 30.11.2018 09:00 (CET/CEST)","490","n/e","n/e","169","241","17","n/e","n/e","n/e","n/e","n/e","n/e","n/e","n/e","n/e","n/e","n/e","0","33","293","380"
"BZN|DK2","30.11.2018 09:00 - 30.11.2018 10:00 (CET/CEST)","476","n/e","n/e","175","241","19","n/e","n/e","n/e","n/e","n/e","n/e","n/e","n/e","n/e","n/e","n/e","3","38","274","384"
"BZN|DK2","30.11.2018 10:00 - 30.11.2018 11:00 (CET/CEST)","494","n/e","n/e","185","241","20","n/e","n/e","n/e","n/e","n/e","n/e","n/e","n/e","n/e","n/e","n/e","9","40","282","386"
"BZN|DK2","30.11.2018 11:00 - 30.11.2018 12:00 (CET/CEST)","491","n/e","n/e","188","241","19","n/e","n/e","n/e","n/e","n/e","n/e","n/e","n/e","n/e","n/e","n/e","14","41","280","374"
"BZN|DK2","30.11.2018 12:00 - 30.11.2018 13:00 (CET/CEST)","493","n/e","n/e","176","240","19","n/e","n/e","n/e","n/e","n/e","n/e","n/e","n/e","n/e","n/e","n/e","17","40","272","348"
"BZN|DK2","30.11.2018 13:00 - 30.11.2018 14:00 (CET/CEST)","471","n/e","n/e","175","241","19","n/e","n/e","n/e","n/e","n/e","n/e","n/e","n/e","n/e","n/e","n/e","15","40","237","289"
"BZN|DK2","30.11.2018 14:00 - 30.11.2018 15:00 (CET/CEST)","474","n/e","n/e","187","239","19","n/e","n/e","n/e","n/e","n/e","n/e","n/e","n/e","n/e","n/e","n/e","10","40","216","258"
"BZN|DK2","30.11.2018 15:00 - 30.11.2018 16:00 (CET/CEST)","490","n/e","n/e","224","246","21","n/e","n/e","n/e","n/e","n/e","n/e","n/e","n/e","n/e","n/e","n/e","2","41","221","273"
"BZN|DK2","30.11.2018 16:00 - 30.11.2018 17:00 (CET/CEST)","506","n/e","n/e","213","239","20","n/e","n/e","n/e","n/e","n/e","n/e","n/e","n/e","n/e","n/e","n/e","0","41","209","299"
"BZN|DK2","30.11.2018 17:00 - 30.11.2018 18:00 (CET/CEST)","503","n/e","n/e","211","238","19","n/e","n/e","n/e","n/e","n/e","n/e","n/e","n/e","n/e","n/e","n/e","0","40","195","291"
"BZN|DK2","30.11.2018 18:00 - 30.11.2018 19:00 (CET/CEST)","510","n/e","n/e","181","239","20","n/e","n/e","n/e","n/e","n/e","n/e","n/e","n/e","n/e","n/e","n/e","0","41","193","297"
"BZN|DK2","30.11.2018 19:00 - 30.11.2018 20:00 (CET/CEST)","511","n/e","n/e","179","242","20","n/e","n/e","n/e","n/e","n/e","n/e","n/e","n/e","n/e","n/e","n/e","0","41","181","304"
"BZN|DK2","30.11.2018 20:00 - 30.11.2018 21:00 (CET/CEST)","512","n/e","n/e","154","241","18","n/e","n/e","n/e","n/e","n/e","n/e","n/e","n/e","n/e","n/e","n/e","0","40","186","308"
"BZN|DK2","30.11.2018 21:00 - 30.11.2018 22:00 (CET/CEST)","510","n/e","n/e","99","241","16","n/e","n/e","n/e","n/e","n/e","n/e","n/e","n/e","n/e","n/e","n/e","0","41","212","300"
"BZN|DK2","30.11.2018 22:00 - 30.11.2018 23:00 (CET/CEST)","515","n/e","n/e","88","240","17","n/e","n/e","n/e","n/e","n/e","n/e","n/e","n/e","n/e","n/e","n/e","0","41","210","253"
"BZN|DK2","30.11.2018 23:00 - 01.12.2018 00:00 (CET/CEST)","508","n/e","n/e","82","240","11","n/e","n/e","n/e","n/e","n/e","n/e","n/e","n/e","n/e","n/e","n/e","0","41","208","217"
"BZN|DK2","01.12.2018 00:00 - 01.12.2018 01:00 (CET/CEST)","467","n/e","n/e","67","236","7","n/e","n/e","n/e","n/e","n/e","n/e","n/e","n/e","n/e","n/e","n/e","0","41","201","222"
"BZN|DK2","01.12.2018 01:00 - 01.12.2018 02:00 (CET/CEST)","432","n/e","n/e","60","203","7","n/e","n/e","n/e","n/e","n/e","n/e","n/e","n/e","n/e","n/e","n/e","0","41","184","204"
"BZN|DK2","01.12.2018 02:00 - 01.12.2018 03:00 (CET/CEST)","416","n/e","n/e","58","204","7","n/e","n/e","n/e","n/e","n/e","n/e","n/e","n/e","n/e","n/e","n/e","0","41","180","194"
"BZN|DK2","01.12.2018 03:00 - 01.12.2018 04:00 (CET/CEST)","423","n/e","n/e","58","236","7","n/e","n/e","n/e","n/e","n/e","n/e","n/e","n/e","n/e","n/e","n/e","0","41","175","201"
"BZN|DK2","01.12.2018 04:00 - 01.12.2018 05:00 (CET/CEST)","424","n/e","n/e","58","236","7","n/e","n/e","n/e","n/e","n/e","n/e","n/e","n/e","n/e","n/e","n/e","0","41","185","213"
"BZN|DK2","01.12.2018 05:00 - 01.12.2018 06:00 (CET/CEST)","438","n/e","n/e","58","236","7","n/e","n/e","n/e","n/e","n/e","n/e","n/e","n/e","n/e","n/e","n/e","0","42","188","199"
"BZN|DK2","01.12.2018 06:00 - 01.12.2018 07:00 (CET/CEST)","452","n/e","n/e","58","236","7","n/e","n/e","n/e","n/e","n/e","n/e","n/e","n/e","n/e","n/e","n/e","0","41","182","220"
"BZN|DK2","01.12.2018 07:00 - 01.12.2018 08:00 (CET/CEST)","485","n/e","n/e","59","238","11","n/e","n/e","n/e","n/e","n/e","n/e","n/e","n/e","n/e","n/e","n/e","0","41","212","210"
"BZN|DK2","01.12.2018 08:00 - 01.12.2018 09:00 (CET/CEST)","455","n/e","n/e","59","238","19","n/e","n/e","n/e","n/e","n/e","n/e","n/e","n/e","n/e","n/e","n/e","1","41","253","203"
"BZN|DK2","01.12.2018 09:00 - 01.12.2018 10:00 (CET/CEST)","483","n/e","n/e","60","238","19","n/e","n/e","n/e","n/e","n/e","n/e","n/e","n/e","n/e","n/e","n/e","6","41","260","184"
"BZN|DK2","01.12.2018 10:00 - 01.12.2018 11:00 (CET/CEST)","484","n/e","n/e","62","238","18","n/e","n/e","n/e","n/e","n/e","n/e","n/e","n/e","n/e","n/e","n/e","10","42","307","229"
"BZN|DK2","01.12.2018 11:00 - 01.12.2018 12:00 (CET/CEST)","492","n/e","n/e","109","240","19","n/e","n/e","n/e","n/e","n/e","n/e","n/e","n/e","n/e","n/e","n/e","14","42","304","276"
"BZN|DK2","01.12.2018 12:00 - 01.12.2018 13:00 (CET/CEST)","532","n/e","n/e","122","240","19","n/e","n/e","n/e","n/e","n/e","n/e","n/e","n/e","n/e","n/e","n/e","11","41","227","253"
"BZN|DK2","01.12.2018 13:00 - 01.12.2018 14:00 (CET/CEST)","490","n/e","n/e","122","241","20","n/e","n/e","n/e","n/e","n/e","n/e","n/e","n/e","n/e","n/e","n/e","9","42","203","229"
"BZN|DK2","01.12.2018 14:00 - 01.12.2018 15:00 (CET/CEST)","483","n/e","n/e","122","240","19","n/e","n/e","n/e","n/e","n/e","n/e","n/e","n/e","n/e","n/e","n/e","5","40","208","214"
"BZN|DK2","01.12.2018 15:00 - 01.12.2018 16:00 (CET/CEST)","498","n/e","n/e","122","239","19","n/e","n/e","n/e","n/e","n/e","n/e","n/e","n/e","n/e","n/e","n/e","1","42","280","195"
"BZN|DK2","01.12.2018 16:00 - 01.12.2018 17:00 (CET/CEST)","525","n/e","n/e","123","238","20","n/e","n/e","n/e","n/e","n/e","n/e","n/e","n/e","n/e","n/e","n/e","0","42","225","179"
"BZN|DK2","01.12.2018 17:00 - 01.12.2018 18:00 (CET/CEST)","498","n/e","n/e","133","239","20","n/e","n/e","n/e","n/e","n/e","n/e","n/e","n/e","n/e","n/e","n/e","0","42","227","180"
"BZN|DK2","01.12.2018 18:00 - 01.12.2018 19:00 (CET/CEST)","501","n/e","n/e","134","239","20","n/e","n/e","n/e","n/e","n/e","n/e","n/e","n/e","n/e","n/e","n/e","0","42","254","203"
"BZN|DK2","01.12.2018 19:00 - 01.12.2018 20:00 (CET/CEST)","512","n/e","n/e","124","240","19","n/e","n/e","n/e","n/e","n/e","n/e","n/e","n/e","n/e","n/e","n/e","0","42","280","196"
"BZN|DK2","01.12.2018 20:00 - 01.12.2018 21:00 (CET/CEST)","482","n/e","n/e","119","240","19","n/e","n/e","n/e","n/e","n/e","n/e","n/e","n/e","n/e","n/e","n/e","0","42","290","231"
"BZN|DK2","01.12.2018 21:00 - 01.12.2018 22:00 (CET/CEST)","452","n/e","n/e","64","239","19","n/e","n/e","n/e","n/e","n/e","n/e","n/e","n/e","n/e","n/e","n/e","0","42","275","233"
"BZN|DK2","01.12.2018 22:00 - 01.12.2018 23:00 (CET/CEST)","440","n/e","n/e","53","238","12","n/e","n/e","n/e","n/e","n/e","n/e","n/e","n/e","n/e","n/e","n/e","0","42","213","189"
"BZN|DK2","01.12.2018 23:00 - 02.12.2018 00:00 (CET/CEST)","430","n/e","n/e","51","195","7","n/e","n/e","n/e","n/e","n/e","n/e","n/e","n/e","n/e","n/e","n/e","0","41","199","160"
"BZN|DK2","02.12.2018 00:00 - 02.12.2018 01:00 (CET/CEST)","323","n/e","n/e","43","193","7","n/e","n/e","n/e","n/e","n/e","n/e","n/e","n/e","n/e","n/e","n/e","0","41","218","172"
"BZN|DK2","02.12.2018 01:00 - 02.12.2018 02:00 (CET/CEST)","299","n/e","n/e","30","193","7","n/e","n/e","n/e","n/e","n/e","n/e","n/e","n/e","n/e","n/e","n/e","0","41","198","237"
"BZN|DK2","02.12.2018 02:00 - 02.12.2018 03:00 (CET/CEST)","258","n/e","n/e","31","193","7","n/e","n/e","n/e","n/e","n/e","n/e","n/e","n/e","n/e","n/e","n/e","0","41","223","226"
"BZN|DK2","02.12.2018 03:00 - 02.12.2018 04:00 (CET/CEST)","267","n/e","n/e","31","193","7","n/e","n/e","n/e","n/e","n/e","n/e","n/e","n/e","n/e","n/e","n/e","0","42","255","230"
"BZN|DK2","02.12.2018 04:00 - 02.12.2018 05:00 (CET/CEST)","297","n/e","n/e","31","193","7","n/e","n/e","n/e","n/e","n/e","n/e","n/e","n/e","n/e","n/e","n/e","0","42","238","264"
"BZN|DK2","02.12.2018 05:00 - 02.12.2018 06:00 (CET/CEST)","408","n/e","n/e","31","193","7","n/e","n/e","n/e","n/e","n/e","n/e","n/e","n/e","n/e","n/e","n/e","0","42","245","313"
"BZN|DK2","02.12.2018 06:00 - 02.12.2018 07:00 (CET/CEST)","440","n/e","n/e","31","198","7","n/e","n/e","n/e","n/e","n/e","n/e","n/e","n/e","n/e","n/e","n/e","0","42","259","335"
"BZN|DK2","02.12.2018 07:00 - 02.12.2018 08:00 (CET/CEST)","433","n/e","n/e","32","238","14","n/e","n/e","n/e","n/e","n/e","n/e","n/e","n/e","n/e","n/e","n/e","0","42","271","349"
"BZN|DK2","02.12.2018 08:00 - 02.12.2018 09:00 (CET/CEST)","446","n/e","n/e","34","238","18","n/e","n/e","n/e","n/e","n/e","n/e","n/e","n/e","n/e","n/e","n/e","0","42","285","360"
"BZN|DK2","02.12.2018 09:00 - 02.12.2018 10:00 (CET/CEST)","457","n/e","n/e","34","238","18","n/e","n/e","n/e","n/e","n/e","n/e","n/e","n/e","n/e","n/e","n/e","2","42","255","368"
"BZN|DK2","02.12.2018 10:00 - 02.12.2018 11:00 (CET/CEST)","450","n/e","n/e","34","239","18","n/e","n/e","n/e","n/e","n/e","n/e","n/e","n/e","n/e","n/e","n/e","4","40","260","364"
"BZN|DK2","02.12.2018 11:00 - 02.12.2018 12:00 (CET/CEST)","451","n/e","n/e","34","237","18","n/e","n/e","n/e","n/e","n/e","n/e","n/e","n/e","n/e","n/e","n/e","5","40","230","344"
"BZN|DK2","02.12.2018 12:00 - 02.12.2018 13:00 (CET/CEST)","447","n/e","n/e","34","237","18","n/e","n/e","n/e","n/e","n/e","n/e","n/e","n/e","n/e","n/e","n/e","6","39","230","324"
"BZN|DK2","02.12.2018 13:00 - 02.12.2018 14:00 (CET/CEST)","442","n/e","n/e","34","238","18","n/e","n/e","n/e","n/e","n/e","n/e","n/e","n/e","n/e","n/e","n/e","4","40","225","287"
"BZN|DK2","02.12.2018 14:00 - 02.12.2018 15:00 (CET/CEST)","448","n/e","n/e","35","237","19","n/e","n/e","n/e","n/e","n/e","n/e","n/e","n/e","n/e","n/e","n/e","2","40","216","247"
"BZN|DK2","02.12.2018 15:00 - 02.12.2018 16:00 (CET/CEST)","449","n/e","n/e","35","236","19","n/e","n/e","n/e","n/e","n/e","n/e","n/e","n/e","n/e","n/e","n/e","0","40","225","258"
"BZN|DK2","02.12.2018 16:00 - 02.12.2018 17:00 (CET/CEST)","450","n/e","n/e","35","235","19","n/e","n/e","n/e","n/e","n/e","n/e","n/e","n/e","n/e","n/e","n/e","0","40","195","257"
"BZN|DK2","02.12.2018 17:00 - 02.12.2018 18:00 (CET/CEST)","461","n/e","n/e","34","233","19","n/e","n/e","n/e","n/e","n/e","n/e","n/e","n/e","n/e","n/e","n/e","0","40","201","248"
"BZN|DK2","02.12.2018 18:00 - 02.12.2018 19:00 (CET/CEST)","491","n/e","n/e","34","233","19","n/e","n/e","n/e","n/e","n/e","n/e","n/e","n/e","n/e","n/e","n/e","0","40","232","231"
"BZN|DK2","02.12.2018 19:00 - 02.12.2018 20:00 (CET/CEST)","489","n/e","n/e","33","232","18","n/e","n/e","n/e","n/e","n/e","n/e","n/e","n/e","n/e","n/e","n/e","0","41","319","255"
"BZN|DK2","02.12.2018 20:00 - 02.12.2018 21:00 (CET/CEST)","466","n/e","n/e","33","232","15","n/e","n/e","n/e","n/e","n/e","n/e","n/e","n/e","n/e","n/e","n/e","0","40","287","299"
"BZN|DK2","02.12.2018 21:00 - 02.12.2018 22:00 (CET/CEST)","431","n/e","n/e","33","192","15","n/e","n/e","n/e","n/e","n/e","n/e","n/e","n/e","n/e","n/e","n/e","0","41","253","291"
"BZN|DK2","02.12.2018 22:00 - 02.12.2018 23:00 (CET/CEST)","457","n/e","n/e","32","185","14","n/e","n/e","n/e","n/e","n/e","n/e","n/e","n/e","n/e","n/e","n/e","0","40","255","290"
"BZN|DK2","02.12.2018 23:00 - 03.12.2018 00:00 (CET/CEST)","462","n/e","n/e","32","183","7","n/e","n/e","n/e","n/e","n/e","n/e","n/e","n/e","n/e","n/e","n/e","0","37","153","245"
"BZN|DK2","03.12.2018 00:00 - 03.12.2018 01:00 (CET/CEST)","355","n/e","n/e","33","180","8","n/e","n/e","n/e","n/e","n/e","n/e","n/e","n/e","n/e","n/e","n/e","0","35","98","170"
"BZN|DK2","03.12.2018 01:00 - 03.12.2018 02:00 (CET/CEST)","377","n/e","n/e","33","157","8","n/e","n/e","n/e","n/e","n/e","n/e","n/e","n/e","n/e","n/e","n/e","0","35","104","158"
"BZN|DK2","03.12.2018 02:00 - 03.12.2018 03:00 (CET/CEST)","373","n/e","n/e","31","155","7","n/e","n/e","n/e","n/e","n/e","n/e","n/e","n/e","n/e","n/e","n/e","0","39","193","198"
"BZN|DK2","03.12.2018 03:00 - 03.12.2018 04:00 (CET/CEST)","373","n/e","n/e","31","154","7","n/e","n/e","n/e","n/e","n/e","n/e","n/e","n/e","n/e","n/e","n/e","0","41","277","245"
"BZN|DK2","03.12.2018 04:00 - 03.12.2018 05:00 (CET/CEST)","380","n/e","n/e","31","154","7","n/e","n/e","n/e","n/e","n/e","n/e","n/e","n/e","n/e","n/e","n/e","0","40","225","237"
"BZN|DK2","03.12.2018 05:00 - 03.12.2018 06:00 (CET/CEST)","416","n/e","n/e","31","155","7","n/e","n/e","n/e","n/e","n/e","n/e","n/e","n/e","n/e","n/e","n/e","0","40","293","292"
"BZN|DK2","03.12.2018 06:00 - 03.12.2018 07:00 (CET/CEST)","435","n/e","n/e","31","155","7","n/e","n/e","n/e","n/e","n/e","n/e","n/e","n/e","n/e","n/e","n/e","0","41","323","330"
"BZN|DK2","03.12.2018 07:00 - 03.12.2018 08:00 (CET/CEST)","451","n/e","n/e","51","155","7","n/e","n/e","n/e","n/e","n/e","n/e","n/e","n/e","n/e","n/e","n/e","0","41","330","339"
"BZN|DK2","03.12.2018 08:00 - 03.12.2018 09:00 (CET/CEST)","440","n/e","n/e","93","165","7","n/e","n/e","n/e","n/e","n/e","n/e","n/e","n/e","n/e","n/e","n/e","1","42","356","354"
"BZN|DK2","03.12.2018 09:00 - 03.12.2018 10:00 (CET/CEST)","447","n/e","n/e","94","145","40","n/e","n/e","n/e","n/e","n/e","n/e","n/e","n/e","n/e","n/e","n/e","4","42","355","344"
"BZN|DK2","03.12.2018 10:00 - 03.12.2018 11:00 (CET/CEST)","446","n/e","n/e","93","147","18","n/e","n/e","n/e","n/e","n/e","n/e","n/e","n/e","n/e","n/e","n/e","10","41","329","332"
"BZN|DK2","03.12.2018 11:00 - 03.12.2018 12:00 (CET/CEST)","444","n/e","n/e","93","147","17","n/e","n/e","n/e","n/e","n/e","n/e","n/e","n/e","n/e","n/e","n/e","18","42","258","343"
"BZN|DK2","03.12.2018 12:00 - 03.12.2018 13:00 (CET/CEST)","440","n/e","n/e","92","146","18","n/e","n/e","n/e","n/e","n/e","n/e","n/e","n/e","n/e","n/e","n/e","22","43","263","351"
"BZN|DK2","03.12.2018 13:00 - 03.12.2018 14:00 (CET/CEST)","452","n/e","n/e","93","137","18","n/e","n/e","n/e","n/e","n/e","n/e","n/e","n/e","n/e","n/e","n/e","21","43","281","387"
"BZN|DK2","03.12.2018 14:00 - 03.12.2018 15:00 (CET/CEST)","444","n/e","n/e","93","133","18","n/e","n/e","n/e","n/e","n/e","n/e","n/e","n/e","n/e","n/e","n/e","14","43","268","382"
"BZN|DK2","03.12.2018 15:00 - 03.12.2018 16:00 (CET/CEST)","450","n/e","n/e","94","134","18","n/e","n/e","n/e","n/e","n/e","n/e","n/e","n/e","n/e","n/e","n/e","2","42","318","412"
"BZN|DK2","03.12.2018 16:00 - 03.12.2018 17:00 (CET/CEST)","458","n/e","n/e","94","134","18","n/e","n/e","n/e","n/e","n/e","n/e","n/e","n/e","n/e","n/e","n/e","0","40","319","408"
"BZN|DK2","03.12.2018 17:00 - 03.12.2018 18:00 (CET/CEST)","457","n/e","n/e","100","139","16","n/e","n/e","n/e","n/e","n/e","n/e","n/e","n/e","n/e","n/e","n/e","0","41","261","394"
"BZN|DK2","03.12.2018 18:00 - 03.12.2018 19:00 (CET/CEST)","452","n/e","n/e","93","162","16","n/e","n/e","n/e","n/e","n/e","n/e","n/e","n/e","n/e","n/e","n/e","0","42","249","392"
"BZN|DK2","03.12.2018 19:00 - 03.12.2018 20:00 (CET/CEST)","443","n/e","n/e","94","135","15","n/e","n/e","n/e","n/e","n/e","n/e","n/e","n/e","n/e","n/e","n/e","0","43","217","393"
"BZN|DK2","03.12.2018 20:00 - 03.12.2018 21:00 (CET/CEST)","432","n/e","n/e","41","130","14","n/e","n/e","n/e","n/e","n/e","n/e","n/e","n/e","n/e","n/e","n/e","0","43","172","372"
"BZN|DK2","03.12.2018 21:00 - 03.12.2018 22:00 (CET/CEST)","454","n/e","n/e","33","127","14","n/e","n/e","n/e","n/e","n/e","n/e","n/e","n/e","n/e","n/e","n/e","0","42","166","334"
"BZN|DK2","03.12.2018 22:00 - 03.12.2018 23:00 (CET/CEST)","444","n/e","n/e","33","126","14","n/e","n/e","n/e","n/e","n/e","n/e","n/e","n/e","n/e","n/e","n/e","0","42","154","350"
"BZN|DK2","03.12.2018 23:00 - 04.12.2018 00:00 (CET/CEST)","395","n/e","n/e","33","123","14","n/e","n/e","n/e","n/e","n/e","n/e","n/e","n/e","n/e","n/e","n/e","0","42","204","364"
"BZN|DK2","04.12.2018 00:00 - 04.12.2018 01:00 (CET/CEST)","353","n/e","n/e","33","124","11","n/e","n/e","n/e","n/e","n/e","n/e","n/e","n/e","n/e","n/e","n/e","0","43","229","402"
"BZN|DK2","04.12.2018 01:00 - 04.12.2018 02:00 (CET/CEST)","275","n/e","n/e","33","124","7","n/e","n/e","n/e","n/e","n/e","n/e","n/e","n/e","n/e","n/e","n/e","0","42","245","449"
"BZN|DK2","04.12.2018 02:00 - 04.12.2018 03:00 (CET/CEST)","272","n/e","n/e","32","123","7","n/e","n/e","n/e","n/e","n/e","n/e","n/e","n/e","n/e","n/e","n/e","0","43","346","477"
"BZN|DK2","04.12.2018 03:00 - 04.12.2018 04:00 (CET/CEST)","285","n/e","n/e","32","123","7","n/e","n/e","n/e","n/e","n/e","n/e","n/e","n/e","n/e","n/e","n/e","0","44","353","494"
"BZN|DK2","04.12.2018 04:00 - 04.12.2018 05:00 (CET/CEST)","319","n/e","n/e","32","141","7","n/e","n/e","n/e","n/e","n/e","n/e","n/e","n/e","n/e","n/e","n/e","0","43","355","501"
"BZN|DK2","04.12.2018 05:00 - 04.12.2018 06:00 (CET/CEST)","387","n/e","n/e","32","190","7","n/e","n/e","n/e","n/e","n/e","n/e","n/e","n/e","n/e","n/e","n/e","0","42","355","517"
"BZN|DK2","04.12.2018 06:00 - 04.12.2018 07:00 (CET/CEST)","405","n/e","n/e","32","236","7","n/e","n/e","n/e","n/e","n/e","n/e","n/e","n/e","n/e","n/e","n/e","0","42","361","551"
"BZN|DK2","04.12.2018 07:00 - 04.12.2018 08:00 (CET/CEST)","449","n/e","n/e","33","236","7","n/e","n/e","n/e","n/e","n/e","n/e","n/e","n/e","n/e","n/e","n/e","0","43","366","538"
"BZN|DK2","04.12.2018 08:00 - 04.12.2018 09:00 (CET/CEST)","457","n/e","n/e","32","234","7","n/e","n/e","n/e","n/e","n/e","n/e","n/e","n/e","n/e","n/e","n/e","3","43","365","561"
"BZN|DK2","04.12.2018 09:00 - 04.12.2018 10:00 (CET/CEST)","478","n/e","n/e","22","234","10","n/e","n/e","n/e","n/e","n/e","n/e","n/e","n/e","n/e","n/e","n/e","27","42","360","553"
"BZN|DK2","04.12.2018 10:00 - 04.12.2018 11:00 (CET/CEST)","469","n/e","n/e","21","226","18","n/e","n/e","n/e","n/e","n/e","n/e","n/e","n/e","n/e","n/e","n/e","59","43","361","575"
"BZN|DK2","04.12.2018 11:00 - 04.12.2018 12:00 (CET/CEST)","472","n/e","n/e","23","238","18","n/e","n/e","n/e","n/e","n/e","n/e","n/e","n/e","n/e","n/e","n/e","79","43","355","589"
"BZN|DK2","04.12.2018 12:00 - 04.12.2018 13:00 (CET/CEST)","469","n/e","n/e","20","238","18","n/e","n/e","n/e","n/e","n/e","n/e","n/e","n/e","n/e","n/e","n/e","79","43","359","624"
"BZN|DK2","04.12.2018 13:00 - 04.12.2018 14:00 (CET/CEST)","455","n/e","n/e","20","236","19","n/e","n/e","n/e","n/e","n/e","n/e","n/e","n/e","n/e","n/e","n/e","61","43","316","632"
"BZN|DK2","04.12.2018 14:00 - 04.12.2018 15:00 (CET/CEST)","459","n/e","n/e","21","238","19","n/e","n/e","n/e","n/e","n/e","n/e","n/e","n/e","n/e","n/e","n/e","34","42","282","622"
"BZN|DK2","04.12.2018 15:00 - 04.12.2018 16:00 (CET/CEST)","471","n/e","n/e","20","238","19","n/e","n/e","n/e","n/e","n/e","n/e","n/e","n/e","n/e","n/e","n/e","4","42","299","598"
"BZN|DK2","04.12.2018 16:00 - 04.12.2018 17:00 (CET/CEST)","469","n/e","n/e","19","237","19","n/e","n/e","n/e","n/e","n/e","n/e","n/e","n/e","n/e","n/e","n/e","0","42","324","552"
"BZN|DK2","04.12.2018 17:00 - 04.12.2018 18:00 (CET/CEST)","467","n/e","n/e","12","224","16","n/e","n/e","n/e","n/e","n/e","n/e","n/e","n/e","n/e","n/e","n/e","0","41","365","558"
"BZN|DK2","04.12.2018 18:00 - 04.12.2018 19:00 (CET/CEST)","468","n/e","n/e","16","231","18","n/e","n/e","n/e","n/e","n/e","n/e","n/e","n/e","n/e","n/e","n/e","0","42","366","541"
"BZN|DK2","04.12.2018 19:00 - 04.12.2018 20:00 (CET/CEST)","475","n/e","n/e","20","238","19","n/e","n/e","n/e","n/e","n/e","n/e","n/e","n/e","n/e","n/e","n/e","0","42","354","524"
"BZN|DK2","04.12.2018 20:00 - 04.12.2018 21:00 (CET/CEST)","470","n/e","n/e","20","230","19","n/e","n/e","n/e","n/e","n/e","n/e","n/e","n/e","n/e","n/e","n/e","0","39","356","487"
"BZN|DK2","04.12.2018 21:00 - 04.12.2018 22:00 (CET/CEST)","456","n/e","n/e","20","169","19","n/e","n/e","n/e","n/e","n/e","n/e","n/e","n/e","n/e","n/e","n/e","0","38","353","450"
"BZN|DK2","04.12.2018 22:00 - 04.12.2018 23:00 (CET/CEST)","457","n/e","n/e","20","128","19","n/e","n/e","n/e","n/e","n/e","n/e","n/e","n/e","n/e","n/e","n/e","0","38","325","409"
"BZN|DK2","04.12.2018 23:00 - 05.12.2018 00:00 (CET/CEST)","440","n/e","n/e","20","129","10","n/e","n/e","n/e","n/e","n/e","n/e","n/e","n/e","n/e","n/e","n/e","0","39","269","357"
"BZN|DK2","05.12.2018 00:00 - 05.12.2018 01:00 (CET/CEST)","406","n/e","n/e","20","170","7","n/e","n/e","n/e","n/e","n/e","n/e","n/e","n/e","n/e","n/e","n/e","0","40","184","274"
"BZN|DK2","05.12.2018 01:00 - 05.12.2018 02:00 (CET/CEST)","429","n/e","n/e","20","216","7","n/e","n/e","n/e","n/e","n/e","n/e","n/e","n/e","n/e","n/e","n/e","0","41","159","241"
"BZN|DK2","05.12.2018 02:00 - 05.12.2018 03:00 (CET/CEST)","418","n/e","n/e","20","234","7","n/e","n/e","n/e","n/e","n/e","n/e","n/e","n/e","n/e","n/e","n/e","0","42","198","238"
"BZN|DK2","05.12.2018 03:00 - 05.12.2018 04:00 (CET/CEST)","417","n/e","n/e","20","234","7","n/e","n/e","n/e","n/e","n/e","n/e","n/e","n/e","n/e","n/e","n/e","0","42","141","214"
"BZN|DK2","05.12.2018 04:00 - 05.12.2018 05:00 (CET/CEST)","435","n/e","n/e","20","234","7","n/e","n/e","n/e","n/e","n/e","n/e","n/e","n/e","n/e","n/e","n/e","0","43","127","194"
"BZN|DK2","05.12.2018 05:00 - 05.12.2018 06:00 (CET/CEST)","426","n/e","n/e","20","236","7","n/e","n/e","n/e","n/e","n/e","n/e","n/e","n/e","n/e","n/e","n/e","0","43","117","196"
"BZN|DK2","05.12.2018 06:00 - 05.12.2018 07:00 (CET/CEST)","481","n/e","n/e","21","237","7","n/e","n/e","n/e","n/e","n/e","n/e","n/e","n/e","n/e","n/e","n/e","0","41","181","202"
"BZN|DK2","05.12.2018 07:00 - 05.12.2018 08:00 (CET/CEST)","517","n/e","n/e","47","238","7","n/e","n/e","n/e","n/e","n/e","n/e","n/e","n/e","n/e","n/e","n/e","0","42","194","221"
"BZN|DK2","05.12.2018 08:00 - 05.12.2018 09:00 (CET/CEST)","510","n/e","n/e","92","239","12","n/e","n/e","n/e","n/e","n/e","n/e","n/e","n/e","n/e","n/e","n/e","2","43","173","159"
"BZN|DK2","05.12.2018 09:00 - 05.12.2018 10:00 (CET/CEST)","514","n/e","n/e","101","240","20","n/e","n/e","n/e","n/e","n/e","n/e","n/e","n/e","n/e","n/e","n/e","15","43","177","173"
"BZN|DK2","05.12.2018 10:00 - 05.12.2018 11:00 (CET/CEST)","512","n/e","n/e","103","238","19","n/e","n/e","n/e","n/e","n/e","n/e","n/e","n/e","n/e","n/e","n/e","41","42","137","147"
"BZN|DK2","05.12.2018 11:00 - 05.12.2018 12:00 (CET/CEST)","510","n/e","n/e","130","239","20","n/e","n/e","n/e","n/e","n/e","n/e","n/e","n/e","n/e","n/e","n/e","68","42","128","142"
"BZN|DK2","05.12.2018 12:00 - 05.12.2018 13:00 (CET/CEST)","510","n/e","n/e","131","240","20","n/e","n/e","n/e","n/e","n/e","n/e","n/e","n/e","n/e","n/e","n/e","68","39","103","118"
"BZN|DK2","05.12.2018 13:00 - 05.12.2018 14:00 (CET/CEST)","509","n/e","n/e","133","255","20","n/e","n/e","n/e","n/e","n/e","n/e","n/e","n/e","n/e","n/e","n/e","49","41","131","116"
"BZN|DK2","05.12.2018 14:00 - 05.12.2018 15:00 (CET/CEST)","511","n/e","n/e","136","254","20","n/e","n/e","n/e","n/e","n/e","n/e","n/e","n/e","n/e","n/e","n/e","27","42","138","117"
"BZN|DK2","05.12.2018 15:00 - 05.12.2018 16:00 (CET/CEST)","516","n/e","n/e","155","230","20","n/e","n/e","n/e","n/e","n/e","n/e","n/e","n/e","n/e","n/e","n/e","2","42","119","115"
"BZN|DK2","05.12.2018 16:00 - 05.12.2018 17:00 (CET/CEST)","520","n/e","n/e","145","260","21","n/e","n/e","n/e","n/e","n/e","n/e","n/e","n/e","n/e","n/e","n/e","0","42","50","99"
"BZN|DK2","05.12.2018 17:00 - 05.12.2018 18:00 (CET/CEST)","517","n/e","n/e","115","262","21","n/e","n/e","n/e","n/e","n/e","n/e","n/e","n/e","n/e","n/e","n/e","0","42","75","105"
"BZN|DK2","05.12.2018 18:00 - 05.12.2018 19:00 (CET/CEST)","518","n/e","n/e","48","255","20","n/e","n/e","n/e","n/e","n/e","n/e","n/e","n/e","n/e","n/e","n/e","0","42","100","151"
"BZN|DK2","05.12.2018 19:00 - 05.12.2018 20:00 (CET/CEST)","522","n/e","n/e","53","242","20","n/e","n/e","n/e","n/e","n/e","n/e","n/e","n/e","n/e","n/e","n/e","0","42","121","176"
"BZN|DK2","05.12.2018 20:00 - 05.12.2018 21:00 (CET/CEST)","525","n/e","n/e","38","175","20","n/e","n/e","n/e","n/e","n/e","n/e","n/e","n/e","n/e","n/e","n/e","0","38","176","175"
"BZN|DK2","05.12.2018 21:00 - 05.12.2018 22:00 (CET/CEST)","498","n/e","n/e","33","133","18","n/e","n/e","n/e","n/e","n/e","n/e","n/e","n/e","n/e","n/e","n/e","0","34","166","183"
"BZN|DK2","05.12.2018 22:00 - 05.12.2018 23:00 (CET/CEST)","421","n/e","n/e","33","129","16","n/e","n/e","n/e","n/e","n/e","n/e","n/e","n/e","n/e","n/e","n/e","0","33","180","195"
"BZN|DK2","05.12.2018 23:00 - 06.12.2018 00:00 (CET/CEST)","334","n/e","n/e","33","129","16","n/e","n/e","n/e","n/e","n/e","n/e","n/e","n/e","n/e","n/e","n/e","0","33","260","241"
"BZN|DK2","06.12.2018 00:00 - 06.12.2018 01:00 (CET/CEST)","273","n/e","n/e","31","125","15","n/e","n/e","n/e","n/e","n/e","n/e","n/e","n/e","n/e","n/e","n/e","0","34","328","258"
"BZN|DK2","06.12.2018 01:00 - 06.12.2018 02:00 (CET/CEST)","329","n/e","n/e","31","125","15","n/e","n/e","n/e","n/e","n/e","n/e","n/e","n/e","n/e","n/e","n/e","0","34","349","277"
"BZN|DK2","06.12.2018 02:00 - 06.12.2018 03:00 (CET/CEST)","371","n/e","n/e","30","125","15","n/e","n/e","n/e","n/e","n/e","n/e","n/e","n/e","n/e","n/e","n/e","0","35","304","286"
"BZN|DK2","06.12.2018 03:00 - 06.12.2018 04:00 (CET/CEST)","373","n/e","n/e","30","125","15","n/e","n/e","n/e","n/e","n/e","n/e","n/e","n/e","n/e","n/e","n/e","0","35","278","246"
"BZN|DK2","06.12.2018 04:00 - 06.12.2018 05:00 (CET/CEST)","387","n/e","n/e","31","124","15","n/e","n/e","n/e","n/e","n/e","n/e","n/e","n/e","n/e","n/e","n/e","0","35","233","223"
"BZN|DK2","06.12.2018 05:00 - 06.12.2018 06:00 (CET/CEST)","444","n/e","n/e","43","127","11","n/e","n/e","n/e","n/e","n/e","n/e","n/e","n/e","n/e","n/e","n/e","0","34","221","234"
"BZN|DK2","06.12.2018 06:00 - 06.12.2018 07:00 (CET/CEST)","473","n/e","n/e","54","181","8","n/e","n/e","n/e","n/e","n/e","n/e","n/e","n/e","n/e","n/e","n/e","0","41","180","205"
"BZN|DK2","06.12.2018 07:00 - 06.12.2018 08:00 (CET/CEST)","496","n/e","n/e","73","242","8","n/e","n/e","n/e","n/e","n/e","n/e","n/e","n/e","n/e","n/e","n/e","0","42","178","210"
"BZN|DK2","06.12.2018 08:00 - 06.12.2018 09:00 (CET/CEST)","504","n/e","n/e","129","212","8","n/e","n/e","n/e","n/e","n/e","n/e","n/e","n/e","n/e","n/e","n/e","0","42","139","166"
"BZN|DK2","06.12.2018 09:00 - 06.12.2018 10:00 (CET/CEST)","491","n/e","n/e","142","201","8","n/e","n/e","n/e","n/e","n/e","n/e","n/e","n/e","n/e","n/e","n/e","0","41","120","150"
"BZN|DK2","06.12.2018 10:00 - 06.12.2018 11:00 (CET/CEST)","506","n/e","n/e","132","195","8","n/e","n/e","n/e","n/e","n/e","n/e","n/e","n/e","n/e","n/e","n/e","2","39","132","135"
"BZN|DK2","06.12.2018 11:00 - 06.12.2018 12:00 (CET/CEST)","503","n/e","n/e","132","195","8","n/e","n/e","n/e","n/e","n/e","n/e","n/e","n/e","n/e","n/e","n/e","9","37","147","148"
"BZN|DK2","06.12.2018 12:00 - 06.12.2018 13:00 (CET/CEST)","482","n/e","n/e","126","200","10","n/e","n/e","n/e","n/e","n/e","n/e","n/e","n/e","n/e","n/e","n/e","7","39","155","149"
"BZN|DK2","06.12.2018 13:00 - 06.12.2018 14:00 (CET/CEST)","508","n/e","n/e","121","203","20","n/e","n/e","n/e","n/e","n/e","n/e","n/e","n/e","n/e","n/e","n/e","4","34","218","158"
"BZN|DK2","06.12.2018 14:00 - 06.12.2018 15:00 (CET/CEST)","513","n/e","n/e","120","197","21","n/e","n/e","n/e","n/e","n/e","n/e","n/e","n/e","n/e","n/e","n/e","1","36","208","145"
"BZN|DK2","06.12.2018 15:00 - 06.12.2018 16:00 (CET/CEST)","512","n/e","n/e","119","228","21","n/e","n/e","n/e","n/e","n/e","n/e","n/e","n/e","n/e","n/e","n/e","0","35","173","124"
"BZN|DK2","06.12.2018 16:00 - 06.12.2018 17:00 (CET/CEST)","494","n/e","n/e","119","246","21","n/e","n/e","n/e","n/e","n/e","n/e","n/e","n/e","n/e","n/e","n/e","0","36","136","138"
"BZN|DK2","06.12.2018 17:00 - 06.12.2018 18:00 (CET/CEST)","482","n/e","n/e","117","202","20","n/e","n/e","n/e","n/e","n/e","n/e","n/e","n/e","n/e","n/e","n/e","0","39","218","209"
"BZN|DK2","06.12.2018 18:00 - 06.12.2018 19:00 (CET/CEST)","457","n/e","n/e","100","234","20","n/e","n/e","n/e","n/e","n/e","n/e","n/e","n/e","n/e","n/e","n/e","0","41","298","302"
"BZN|DK2","06.12.2018 19:00 - 06.12.2018 20:00 (CET/CEST)","450","n/e","n/e","44","234","20","n/e","n/e","n/e","n/e","n/e","n/e","n/e","n/e","n/e","n/e","n/e","0","42","339","335"
"BZN|DK2","06.12.2018 20:00 - 06.12.2018 21:00 (CET/CEST)","447","n/e","n/e","38","172","20","n/e","n/e","n/e","n/e","n/e","n/e","n/e","n/e","n/e","n/e","n/e","0","42","326","324"
"BZN|DK2","06.12.2018 21:00 - 06.12.2018 22:00 (CET/CEST)","430","n/e","n/e","34","143","20","n/e","n/e","n/e","n/e","n/e","n/e","n/e","n/e","n/e","n/e","n/e","0","42","279","311"
"BZN|DK2","06.12.2018 22:00 - 06.12.2018 23:00 (CET/CEST)","384","n/e","n/e","34","135","20","n/e","n/e","n/e","n/e","n/e","n/e","n/e","n/e","n/e","n/e","n/e","0","42","245","380"
"BZN|DK2","06.12.2018 23:00 - 07.12.2018 00:00 (CET/CEST)","377","n/e","n/e","34","135","20","n/e","n/e","n/e","n/e","n/e","n/e","n/e","n/e","n/e","n/e","n/e","0","42","295","442"
"BZN|DK2","07.12.2018 00:00 - 07.12.2018 01:00 (CET/CEST)","308","n/e","n/e","33","140","18","n/e","n/e","n/e","n/e","n/e","n/e","n/e","n/e","n/e","n/e","n/e","0","43","326","495"
"BZN|DK2","07.12.2018 01:00 - 07.12.2018 02:00 (CET/CEST)","378","n/e","n/e","32","139","8","n/e","n/e","n/e","n/e","n/e","n/e","n/e","n/e","n/e","n/e","n/e","0","43","353","483"
"BZN|DK2","07.12.2018 02:00 - 07.12.2018 03:00 (CET/CEST)","315","n/e","n/e","32","140","7","n/e","n/e","n/e","n/e","n/e","n/e","n/e","n/e","n/e","n/e","n/e","0","43","337","447"
"BZN|DK2","07.12.2018 03:00 - 07.12.2018 04:00 (CET/CEST)","306","n/e","n/e","32","141","7","n/e","n/e","n/e","n/e","n/e","n/e","n/e","n/e","n/e","n/e","n/e","0","43","303","403"
"BZN|DK2","07.12.2018 04:00 - 07.12.2018 05:00 (CET/CEST)","295","n/e","n/e","34","141","8","n/e","n/e","n/e","n/e","n/e","n/e","n/e","n/e","n/e","n/e","n/e","0","42","281","347"
"BZN|DK2","07.12.2018 05:00 - 07.12.2018 06:00 (CET/CEST)","308","n/e","n/e","34","140","7","n/e","n/e","n/e","n/e","n/e","n/e","n/e","n/e","n/e","n/e","n/e","0","43","196","324"
"BZN|DK2","07.12.2018 06:00 - 07.12.2018 07:00 (CET/CEST)","366","n/e","n/e","27","159","5","n/e","n/e","n/e","n/e","n/e","n/e","n/e","n/e","n/e","n/e","n/e","0","42","164","288"
"BZN|DK2","07.12.2018 07:00 - 07.12.2018 08:00 (CET/CEST)","431","n/e","n/e","58","230","7","n/e","n/e","n/e","n/e","n/e","n/e","n/e","n/e","n/e","n/e","n/e","0","42","114","238"
"BZN|DK2","07.12.2018 08:00 - 07.12.2018 09:00 (CET/CEST)","473","n/e","n/e","86","144","14","n/e","n/e","n/e","n/e","n/e","n/e","n/e","n/e","n/e","n/e","n/e","1","41","112","199"
"BZN|DK2","07.12.2018 09:00 - 07.12.2018 10:00 (CET/CEST)","419","n/e","n/e","104","195","22","n/e","n/e","n/e","n/e","n/e","n/e","n/e","n/e","n/e","n/e","n/e","2","42","92","156"
"BZN|DK2","07.12.2018 10:00 - 07.12.2018 11:00 (CET/CEST)","434","n/e","n/e","95","140","20","n/e","n/e","n/e","n/e","n/e","n/e","n/e","n/e","n/e","n/e","n/e","2","41","118","120"
"BZN|DK2","07.12.2018 11:00 - 07.12.2018 12:00 (CET/CEST)","386","n/e","n/e","84","137","20","n/e","n/e","n/e","n/e","n/e","n/e","n/e","n/e","n/e","n/e","n/e","2","41","223","141"
"BZN|DK2","07.12.2018 12:00 - 07.12.2018 13:00 (CET/CEST)","401","n/e","n/e","82","136","16","n/e","n/e","n/e","n/e","n/e","n/e","n/e","n/e","n/e","n/e","n/e","2","43","298","207"
"BZN|DK2","07.12.2018 13:00 - 07.12.2018 14:00 (CET/CEST)","430","n/e","n/e","81","145","15","n/e","n/e","n/e","n/e","n/e","n/e","n/e","n/e","n/e","n/e","n/e","6","42","329","266"
"BZN|DK2","07.12.2018 14:00 - 07.12.2018 15:00 (CET/CEST)","446","n/e","n/e","81","145","15","n/e","n/e","n/e","n/e","n/e","n/e","n/e","n/e","n/e","n/e","n/e","2","43","342","344"
"BZN|DK2","07.12.2018 15:00 - 07.12.2018 16:00 (CET/CEST)","451","n/e","n/e","83","148","16","n/e","n/e","n/e","n/e","n/e","n/e","n/e","n/e","n/e","n/e","n/e","0","43","356","403"
"BZN|DK2","07.12.2018 16:00 - 07.12.2018 17:00 (CET/CEST)","442","n/e","n/e","80","144","19","n/e","n/e","n/e","n/e","n/e","n/e","n/e","n/e","n/e","n/e","n/e","0","42","360","456"
"BZN|DK2","07.12.2018 17:00 - 07.12.2018 18:00 (CET/CEST)","432","n/e","n/e","75","136","17","n/e","n/e","n/e","n/e","n/e","n/e","n/e","n/e","n/e","n/e","n/e","0","40","364","487"
"BZN|DK2","07.12.2018 18:00 - 07.12.2018 19:00 (CET/CEST)","424","n/e","n/e","65","136","17","n/e","n/e","n/e","n/e","n/e","n/e","n/e","n/e","n/e","n/e","n/e","0","40","364","520"
"BZN|DK2","07.12.2018 19:00 - 07.12.2018 20:00 (CET/CEST)","355","n/e","n/e","28","138","18","n/e","n/e","n/e","n/e","n/e","n/e","n/e","n/e","n/e","n/e","n/e","0","37","365","549"
"BZN|DK2","07.12.2018 20:00 - 07.12.2018 21:00 (CET/CEST)","399","n/e","n/e","28","138","14","n/e","n/e","n/e","n/e","n/e","n/e","n/e","n/e","n/e","n/e","n/e","0","36","365","550"
"BZN|DK2","07.12.2018 21:00 - 07.12.2018 22:00 (CET/CEST)","327","n/e","n/e","24","136","6","n/e","n/e","n/e","n/e","n/e","n/e","n/e","n/e","n/e","n/e","n/e","0","37","364","520"
"BZN|DK2","07.12.2018 22:00 - 07.12.2018 23:00 (CET/CEST)","280","n/e","n/e","14","134","5","n/e","n/e","n/e","n/e","n/e","n/e","n/e","n/e","n/e","n/e","n/e","0","38","363","507"
"BZN|DK2","07.12.2018 23:00 - 08.12.2018 00:00 (CET/CEST)","273","n/e","n/e","14","133","5","n/e","n/e","n/e","n/e","n/e","n/e","n/e","n/e","n/e","n/e","n/e","0","40","353","536"
"BZN|DK2","08.12.2018 00:00 - 08.12.2018 01:00 (CET/CEST)","265","n/e","n/e","17","139","6","n/e","n/e","n/e","n/e","n/e","n/e","n/e","n/e","n/e","n/e","n/e","0","39","364","569"
"BZN|DK2","08.12.2018 01:00 - 08.12.2018 02:00 (CET/CEST)","274","n/e","n/e","20","144","7","n/e","n/e","n/e","n/e","n/e","n/e","n/e","n/e","n/e","n/e","n/e","0","40","363","511"
"BZN|DK2","08.12.2018 02:00 - 08.12.2018 03:00 (CET/CEST)","263","n/e","n/e","20","144","7","n/e","n/e","n/e","n/e","n/e","n/e","n/e","n/e","n/e","n/e","n/e","0","40","361","511"
"BZN|DK2","08.12.2018 03:00 - 08.12.2018 04:00 (CET/CEST)","248","n/e","n/e","20","143","7","n/e","n/e","n/e","n/e","n/e","n/e","n/e","n/e","n/e","n/e","n/e","0","40","363","517"
"BZN|DK2","08.12.2018 04:00 - 08.12.2018 05:00 (CET/CEST)","279","n/e","n/e","20","143","7","n/e","n/e","n/e","n/e","n/e","n/e","n/e","n/e","n/e","n/e","n/e","0","41","361","533"
"BZN|DK2","08.12.2018 05:00 - 08.12.2018 06:00 (CET/CEST)","308","n/e","n/e","20","144","7","n/e","n/e","n/e","n/e","n/e","n/e","n/e","n/e","n/e","n/e","n/e","0","40","362","565"
"BZN|DK2","08.12.2018 06:00 - 08.12.2018 07:00 (CET/CEST)","337","n/e","n/e","20","144","7","n/e","n/e","n/e","n/e","n/e","n/e","n/e","n/e","n/e","n/e","n/e","0","41","365","601"
"BZN|DK2","08.12.2018 07:00 - 08.12.2018 08:00 (CET/CEST)","364","n/e","n/e","22","140","7","n/e","n/e","n/e","n/e","n/e","n/e","n/e","n/e","n/e","n/e","n/e","0","41","364","620"
"BZN|DK2","08.12.2018 08:00 - 08.12.2018 09:00 (CET/CEST)","426","n/e","n/e","22","170","13","n/e","n/e","n/e","n/e","n/e","n/e","n/e","n/e","n/e","n/e","n/e","0","41","365","613"
"BZN|DK2","08.12.2018 09:00 - 08.12.2018 10:00 (CET/CEST)","449","n/e","n/e","21","186","15","n/e","n/e","n/e","n/e","n/e","n/e","n/e","n/e","n/e","n/e","n/e","2","41","365","610"
"BZN|DK2","08.12.2018 10:00 - 08.12.2018 11:00 (CET/CEST)","489","n/e","n/e","13","175","13","n/e","n/e","n/e","n/e","n/e","n/e","n/e","n/e","n/e","n/e","n/e","5","40","365","623"
"BZN|DK2","08.12.2018 11:00 - 08.12.2018 12:00 (CET/CEST)","445","n/e","n/e","12","165","17","n/e","n/e","n/e","n/e","n/e","n/e","n/e","n/e","n/e","n/e","n/e","7","40","365","633"
"BZN|DK2","08.12.2018 12:00 - 08.12.2018 13:00 (CET/CEST)","425","n/e","n/e","13","130","17","n/e","n/e","n/e","n/e","n/e","n/e","n/e","n/e","n/e","n/e","n/e","8","40","365","657"
"BZN|DK2","08.12.2018 13:00 - 08.12.2018 14:00 (CET/CEST)","428","n/e","n/e","20","134","19","n/e","n/e","n/e","n/e","n/e","n/e","n/e","n/e","n/e","n/e","n/e","6","41","365","671"
"BZN|DK2","08.12.2018 14:00 - 08.12.2018 15:00 (CET/CEST)","418","n/e","n/e","20","134","19","n/e","n/e","n/e","n/e","n/e","n/e","n/e","n/e","n/e","n/e","n/e","4","41","328","662"
"BZN|DK2","08.12.2018 15:00 - 08.12.2018 16:00 (CET/CEST)","428","n/e","n/e","20","142","19","n/e","n/e","n/e","n/e","n/e","n/e","n/e","n/e","n/e","n/e","n/e","1","49","325","645"
"BZN|DK2","08.12.2018 16:00 - 08.12.2018 17:00 (CET/CEST)","467","n/e","n/e","20","142","19","n/e","n/e","n/e","n/e","n/e","n/e","n/e","n/e","n/e","n/e","n/e","0","56","337","643"
"BZN|DK2","08.12.2018 17:00 - 08.12.2018 18:00 (CET/CEST)","486","n/e","n/e","20","132","19","n/e","n/e","n/e","n/e","n/e","n/e","n/e","n/e","n/e","n/e","n/e","0","50","359","644"
"BZN|DK2","08.12.2018 18:00 - 08.12.2018 19:00 (CET/CEST)","494","n/e","n/e","20","131","19","n/e","n/e","n/e","n/e","n/e","n/e","n/e","n/e","n/e","n/e","n/e","0","47","364","652"
"BZN|DK2","08.12.2018 19:00 - 08.12.2018 20:00 (CET/CEST)","448","n/e","n/e","20","130","19","n/e","n/e","n/e","n/e","n/e","n/e","n/e","n/e","n/e","n/e","n/e","0","46","365","648"
"BZN|DK2","08.12.2018 20:00 - 08.12.2018 21:00 (CET/CEST)","410","n/e","n/e","20","130","19","n/e","n/e","n/e","n/e","n/e","n/e","n/e","n/e","n/e","n/e","n/e","0","47","349","646"
"BZN|DK2","08.12.2018 21:00 - 08.12.2018 22:00 (CET/CEST)","350","n/e","n/e","20","130","19","n/e","n/e","n/e","n/e","n/e","n/e","n/e","n/e","n/e","n/e","n/e","0","46","338","647"
"BZN|DK2","08.12.2018 22:00 - 08.12.2018 23:00 (CET/CEST)","277","n/e","n/e","20","130","16","n/e","n/e","n/e","n/e","n/e","n/e","n/e","n/e","n/e","n/e","n/e","0","47","341","637"
"BZN|DK2","08.12.2018 23:00 - 09.12.2018 00:00 (CET/CEST)","272","n/e","n/e","20","130","7","n/e","n/e","n/e","n/e","n/e","n/e","n/e","n/e","n/e","n/e","n/e","0","46","364","611"
"BZN|DK2","09.12.2018 00:00 - 09.12.2018 01:00 (CET/CEST)","281","n/e","n/e","20","130","7","n/e","n/e","n/e","n/e","n/e","n/e","n/e","n/e","n/e","n/e","n/e","0","47","362","604"
"BZN|DK2","09.12.2018 01:00 - 09.12.2018 02:00 (CET/CEST)","289","n/e","n/e","20","130","7","n/e","n/e","n/e","n/e","n/e","n/e","n/e","n/e","n/e","n/e","n/e","0","47","333","552"
"BZN|DK2","09.12.2018 02:00 - 09.12.2018 03:00 (CET/CEST)","278","n/e","n/e","20","130","7","n/e","n/e","n/e","n/e","n/e","n/e","n/e","n/e","n/e","n/e","n/e","0","47","201","437"
"BZN|DK2","09.12.2018 03:00 - 09.12.2018 04:00 (CET/CEST)","288","n/e","n/e","20","130","7","n/e","n/e","n/e","n/e","n/e","n/e","n/e","n/e","n/e","n/e","n/e","0","47","119","346"
"BZN|DK2","09.12.2018 04:00 - 09.12.2018 05:00 (CET/CEST)","392","n/e","n/e","20","130","7","n/e","n/e","n/e","n/e","n/e","n/e","n/e","n/e","n/e","n/e","n/e","0","47","95","319"
"BZN|DK2","09.12.2018 05:00 - 09.12.2018 06:00 (CET/CEST)","437","n/e","n/e","20","130","7","n/e","n/e","n/e","n/e","n/e","n/e","n/e","n/e","n/e","n/e","n/e","0","47","175","341"
"BZN|DK2","09.12.2018 06:00 - 09.12.2018 07:00 (CET/CEST)","436","n/e","n/e","20","130","7","n/e","n/e","n/e","n/e","n/e","n/e","n/e","n/e","n/e","n/e","n/e","0","47","330","360"
"BZN|DK2","09.12.2018 07:00 - 09.12.2018 08:00 (CET/CEST)","469","n/e","n/e","29","130","7","n/e","n/e","n/e","n/e","n/e","n/e","n/e","n/e","n/e","n/e","n/e","0","47","349","366"
"BZN|DK2","09.12.2018 08:00 - 09.12.2018 09:00 (CET/CEST)","530","n/e","n/e","68","138","15","n/e","n/e","n/e","n/e","n/e","n/e","n/e","n/e","n/e","n/e","n/e","0","49","332","346"
"BZN|DK2","09.12.2018 09:00 - 09.12.2018 10:00 (CET/CEST)","507","n/e","n/e","80","177","18","n/e","n/e","n/e","n/e","n/e","n/e","n/e","n/e","n/e","n/e","n/e","9","54","336","333"
"BZN|DK2","09.12.2018 10:00 - 09.12.2018 11:00 (CET/CEST)","491","n/e","n/e","82","177","18","n/e","n/e","n/e","n/e","n/e","n/e","n/e","n/e","n/e","n/e","n/e","27","54","324","302"
"BZN|DK2","09.12.2018 11:00 - 09.12.2018 12:00 (CET/CEST)","430","n/e","n/e","82","177","18","n/e","n/e","n/e","n/e","n/e","n/e","n/e","n/e","n/e","n/e","n/e","45","54","312","276"
"BZN|DK2","09.12.2018 12:00 - 09.12.2018 13:00 (CET/CEST)","429","n/e","n/e","82","176","18","n/e","n/e","n/e","n/e","n/e","n/e","n/e","n/e","n/e","n/e","n/e","52","54","287","303"
"BZN|DK2","09.12.2018 13:00 - 09.12.2018 14:00 (CET/CEST)","425","n/e","n/e","81","176","18","n/e","n/e","n/e","n/e","n/e","n/e","n/e","n/e","n/e","n/e","n/e","25","55","314","328"
"BZN|DK2","09.12.2018 14:00 - 09.12.2018 15:00 (CET/CEST)","419","n/e","n/e","81","176","18","n/e","n/e","n/e","n/e","n/e","n/e","n/e","n/e","n/e","n/e","n/e","7","55","347","344"
"BZN|DK2","09.12.2018 15:00 - 09.12.2018 16:00 (CET/CEST)","421","n/e","n/e","81","153","18","n/e","n/e","n/e","n/e","n/e","n/e","n/e","n/e","n/e","n/e","n/e","1","55","350","339"
"BZN|DK2","09.12.2018 16:00 - 09.12.2018 17:00 (CET/CEST)","424","n/e","n/e","81","135","18","n/e","n/e","n/e","n/e","n/e","n/e","n/e","n/e","n/e","n/e","n/e","0","55","344","377"
"BZN|DK2","09.12.2018 17:00 - 09.12.2018 18:00 (CET/CEST)","411","n/e","n/e","81","144","18","n/e","n/e","n/e","n/e","n/e","n/e","n/e","n/e","n/e","n/e","n/e","0","55","350","441"
"BZN|DK2","09.12.2018 18:00 - 09.12.2018 19:00 (CET/CEST)","418","n/e","n/e","81","144","16","n/e","n/e","n/e","n/e","n/e","n/e","n/e","n/e","n/e","n/e","n/e","0","55","362","491"
"BZN|DK2","09.12.2018 19:00 - 09.12.2018 20:00 (CET/CEST)","387","n/e","n/e","69","144","16","n/e","n/e","n/e","n/e","n/e","n/e","n/e","n/e","n/e","n/e","n/e","0","55","363","512"
"BZN|DK2","09.12.2018 20:00 - 09.12.2018 21:00 (CET/CEST)","311","n/e","n/e","20","144","16","n/e","n/e","n/e","n/e","n/e","n/e","n/e","n/e","n/e","n/e","n/e","0","55","359","447"
"BZN|DK2","09.12.2018 21:00 - 09.12.2018 22:00 (CET/CEST)","261","n/e","n/e","20","135","16","n/e","n/e","n/e","n/e","n/e","n/e","n/e","n/e","n/e","n/e","n/e","0","49","325","359"
"BZN|DK2","09.12.2018 22:00 - 09.12.2018 23:00 (CET/CEST)","294","n/e","n/e","20","133","15","n/e","n/e","n/e","n/e","n/e","n/e","n/e","n/e","n/e","n/e","n/e","0","45","326","342"
"BZN|DK2","09.12.2018 23:00 - 10.12.2018 00:00 (CET/CEST)","295","n/e","n/e","20","131","7","n/e","n/e","n/e","n/e","n/e","n/e","n/e","n/e","n/e","n/e","n/e","0","45","349","437"
"BZN|DK2","10.12.2018 00:00 - 10.12.2018 01:00 (CET/CEST)","282","n/e","n/e","20","131","7","n/e","n/e","n/e","n/e","n/e","n/e","n/e","n/e","n/e","n/e","n/e","0","41","253","460"
"BZN|DK2","10.12.2018 01:00 - 10.12.2018 02:00 (CET/CEST)","240","n/e","n/e","20","131","7","n/e","n/e","n/e","n/e","n/e","n/e","n/e","n/e","n/e","n/e","n/e","0","40","284","474"
"BZN|DK2","10.12.2018 02:00 - 10.12.2018 03:00 (CET/CEST)","276","n/e","n/e","20","131","7","n/e","n/e","n/e","n/e","n/e","n/e","n/e","n/e","n/e","n/e","n/e","0","41","361","509"
"BZN|DK2","10.12.2018 03:00 - 10.12.2018 04:00 (CET/CEST)","384","n/e","n/e","20","131","7","n/e","n/e","n/e","n/e","n/e","n/e","n/e","n/e","n/e","n/e","n/e","0","41","363","535"
"BZN|DK2","10.12.2018 04:00 - 10.12.2018 05:00 (CET/CEST)","396","n/e","n/e","20","137","7","n/e","n/e","n/e","n/e","n/e","n/e","n/e","n/e","n/e","n/e","n/e","0","43","360","550"
"BZN|DK2","10.12.2018 05:00 - 10.12.2018 06:00 (CET/CEST)","454","n/e","n/e","20","169","7","n/e","n/e","n/e","n/e","n/e","n/e","n/e","n/e","n/e","n/e","n/e","0","51","359","569"
"BZN|DK2","10.12.2018 06:00 - 10.12.2018 07:00 (CET/CEST)","503","n/e","n/e","20","212","7","n/e","n/e","n/e","n/e","n/e","n/e","n/e","n/e","n/e","n/e","n/e","0","56","364","579"
"BZN|DK2","10.12.2018 07:00 - 10.12.2018 08:00 (CET/CEST)","510","n/e","n/e","22","237","8","n/e","n/e","n/e","n/e","n/e","n/e","n/e","n/e","n/e","n/e","n/e","0","55","363","571"
"BZN|DK2","10.12.2018 08:00 - 10.12.2018 09:00 (CET/CEST)","505","n/e","n/e","22","240","16","n/e","n/e","n/e","n/e","n/e","n/e","n/e","n/e","n/e","n/e","n/e","1","54","364","565"
"BZN|DK2","10.12.2018 09:00 - 10.12.2018 10:00 (CET/CEST)","493","n/e","n/e","22","236","18","n/e","n/e","n/e","n/e","n/e","n/e","n/e","n/e","n/e","n/e","n/e","11","54","362","558"
"BZN|DK2","10.12.2018 10:00 - 10.12.2018 11:00 (CET/CEST)","461","n/e","n/e","64","201","18","n/e","n/e","n/e","n/e","n/e","n/e","n/e","n/e","n/e","n/e","n/e","26","51","360","558"
"BZN|DK2","10.12.2018 11:00 - 10.12.2018 12:00 (CET/CEST)","461","n/e","n/e","85","156","19","n/e","n/e","n/e","n/e","n/e","n/e","n/e","n/e","n/e","n/e","n/e","30","51","360","565"
"BZN|DK2","10.12.2018 12:00 - 10.12.2018 13:00 (CET/CEST)","463","n/e","n/e","92","157","20","n/e","n/e","n/e","n/e","n/e","n/e","n/e","n/e","n/e","n/e","n/e","33","49","361","559"
"BZN|DK2","10.12.2018 13:00 - 10.12.2018 14:00 (CET/CEST)","475","n/e","n/e","116","199","21","n/e","n/e","n/e","n/e","n/e","n/e","n/e","n/e","n/e","n/e","n/e","34","42","360","515"
"BZN|DK2","10.12.2018 14:00 - 10.12.2018 15:00 (CET/CEST)","487","n/e","n/e","118","203","21","n/e","n/e","n/e","n/e","n/e","n/e","n/e","n/e","n/e","n/e","n/e","18","51","358","486"
"BZN|DK2","10.12.2018 15:00 - 10.12.2018 16:00 (CET/CEST)","482","n/e","n/e","123","239","20","n/e","n/e","n/e","n/e","n/e","n/e","n/e","n/e","n/e","n/e","n/e","3","55","358","447"
"BZN|DK2","10.12.2018 16:00 - 10.12.2018 17:00 (CET/CEST)","478","n/e","n/e","115","243","20","n/e","n/e","n/e","n/e","n/e","n/e","n/e","n/e","n/e","n/e","n/e","0","55","357","422"
"BZN|DK2","10.12.2018 17:00 - 10.12.2018 18:00 (CET/CEST)","483","n/e","n/e","117","242","20","n/e","n/e","n/e","n/e","n/e","n/e","n/e","n/e","n/e","n/e","n/e","0","55","328","432"
"BZN|DK2","10.12.2018 18:00 - 10.12.2018 19:00 (CET/CEST)","478","n/e","n/e","87","242","20","n/e","n/e","n/e","n/e","n/e","n/e","n/e","n/e","n/e","n/e","n/e","0","55","340","489"
"BZN|DK2","10.12.2018 19:00 - 10.12.2018 20:00 (CET/CEST)","465","n/e","n/e","74","243","20","n/e","n/e","n/e","n/e","n/e","n/e","n/e","n/e","n/e","n/e","n/e","0","56","329","518"
"BZN|DK2","10.12.2018 20:00 - 10.12.2018 21:00 (CET/CEST)","442","n/e","n/e","24","243","20","n/e","n/e","n/e","n/e","n/e","n/e","n/e","n/e","n/e","n/e","n/e","0","57","338","528"
"BZN|DK2","10.12.2018 21:00 - 10.12.2018 22:00 (CET/CEST)","476","n/e","n/e","24","244","20","n/e","n/e","n/e","n/e","n/e","n/e","n/e","n/e","n/e","n/e","n/e","0","57","331","553"
"BZN|DK2","10.12.2018 22:00 - 10.12.2018 23:00 (CET/CEST)","489","n/e","n/e","25","245","19","n/e","n/e","n/e","n/e","n/e","n/e","n/e","n/e","n/e","n/e","n/e","0","57","346","560"
"BZN|DK2","10.12.2018 23:00 - 11.12.2018 00:00 (CET/CEST)","474","n/e","n/e","24","246","11","n/e","n/e","n/e","n/e","n/e","n/e","n/e","n/e","n/e","n/e","n/e","0","57","361","575"
"BZN|DK2","11.12.2018 00:00 - 11.12.2018 01:00 (CET/CEST)","445","n/e","n/e","25","246","8","n/e","n/e","n/e","n/e","n/e","n/e","n/e","n/e","n/e","n/e","n/e","0","56","361","563"
"BZN|DK2","11.12.2018 01:00 - 11.12.2018 02:00 (CET/CEST)","387","n/e","n/e","23","241","8","n/e","n/e","n/e","n/e","n/e","n/e","n/e","n/e","n/e","n/e","n/e","0","50","361","562"
"BZN|DK2","11.12.2018 02:00 - 11.12.2018 03:00 (CET/CEST)","434","n/e","n/e","23","241","8","n/e","n/e","n/e","n/e","n/e","n/e","n/e","n/e","n/e","n/e","n/e","0","48","354","527"
"BZN|DK2","11.12.2018 03:00 - 11.12.2018 04:00 (CET/CEST)","461","n/e","n/e","23","231","8","n/e","n/e","n/e","n/e","n/e","n/e","n/e","n/e","n/e","n/e","n/e","0","48","355","474"
"BZN|DK2","11.12.2018 04:00 - 11.12.2018 05:00 (CET/CEST)","421","n/e","n/e","23","203","8","n/e","n/e","n/e","n/e","n/e","n/e","n/e","n/e","n/e","n/e","n/e","0","49","351","425"
"BZN|DK2","11.12.2018 05:00 - 11.12.2018 06:00 (CET/CEST)","431","n/e","n/e","23","220","8","n/e","n/e","n/e","n/e","n/e","n/e","n/e","n/e","n/e","n/e","n/e","0","56","331","411"
"BZN|DK2","11.12.2018 06:00 - 11.12.2018 07:00 (CET/CEST)","483","n/e","n/e","29","243","8","n/e","n/e","n/e","n/e","n/e","n/e","n/e","n/e","n/e","n/e","n/e","0","56","306","404"
"BZN|DK2","11.12.2018 07:00 - 11.12.2018 08:00 (CET/CEST)","441","n/e","n/e","63","242","8","n/e","n/e","n/e","n/e","n/e","n/e","n/e","n/e","n/e","n/e","n/e","0","57","289","395"
"BZN|DK2","11.12.2018 08:00 - 11.12.2018 09:00 (CET/CEST)","414","n/e","n/e","102","244","12","n/e","n/e","n/e","n/e","n/e","n/e","n/e","n/e","n/e","n/e","n/e","1","54","245","389"
"BZN|DK2","11.12.2018 09:00 - 11.12.2018 10:00 (CET/CEST)","433","n/e","n/e","111","242","19","n/e","n/e","n/e","n/e","n/e","n/e","n/e","n/e","n/e","n/e","n/e","4","48","217","357"
"BZN|DK2","11.12.2018 10:00 - 11.12.2018 11:00 (CET/CEST)","491","n/e","n/e","119","246","21","n/e","n/e","n/e","n/e","n/e","n/e","n/e","n/e","n/e","n/e","n/e","11","43","201","332"
"BZN|DK2","11.12.2018 11:00 - 11.12.2018 12:00 (CET/CEST)","442","n/e","n/e","118","247","21","n/e","n/e","n/e","n/e","n/e","n/e","n/e","n/e","n/e","n/e","n/e","15","47","209","326"
"BZN|DK2","11.12.2018 12:00 - 11.12.2018 13:00 (CET/CEST)","444","n/e","n/e","118","247","21","n/e","n/e","n/e","n/e","n/e","n/e","n/e","n/e","n/e","n/e","n/e","20","47","206","331"
"BZN|DK2","11.12.2018 13:00 - 11.12.2018 14:00 (CET/CEST)","469","n/e","n/e","119","245","21","n/e","n/e","n/e","n/e","n/e","n/e","n/e","n/e","n/e","n/e","n/e","15","48","185","340"
"BZN|DK2","11.12.2018 14:00 - 11.12.2018 15:00 (CET/CEST)","454","n/e","n/e","131","244","21","n/e","n/e","n/e","n/e","n/e","n/e","n/e","n/e","n/e","n/e","n/e","8","48","158","332"
"BZN|DK2","11.12.2018 15:00 - 11.12.2018 16:00 (CET/CEST)","491","n/e","n/e","135","244","21","n/e","n/e","n/e","n/e","n/e","n/e","n/e","n/e","n/e","n/e","n/e","1","51","153","290"
"BZN|DK2","11.12.2018 16:00 - 11.12.2018 17:00 (CET/CEST)","506","n/e","n/e","136","248","21","n/e","n/e","n/e","n/e","n/e","n/e","n/e","n/e","n/e","n/e","n/e","0","57","194","291"
"BZN|DK2","11.12.2018 17:00 - 11.12.2018 18:00 (CET/CEST)","565","n/e","n/e","137","251","22","n/e","n/e","n/e","n/e","n/e","n/e","n/e","n/e","n/e","n/e","n/e","0","57","139","268"
"BZN|DK2","11.12.2018 18:00 - 11.12.2018 19:00 (CET/CEST)","554","n/e","n/e","137","251","22","n/e","n/e","n/e","n/e","n/e","n/e","n/e","n/e","n/e","n/e","n/e","0","57","137","259"
"BZN|DK2","11.12.2018 19:00 - 11.12.2018 20:00 (CET/CEST)","506","n/e","n/e","137","251","22","n/e","n/e","n/e","n/e","n/e","n/e","n/e","n/e","n/e","n/e","n/e","0","57","111","227"
"BZN|DK2","11.12.2018 20:00 - 11.12.2018 21:00 (CET/CEST)","520","n/e","n/e","136","249","21","n/e","n/e","n/e","n/e","n/e","n/e","n/e","n/e","n/e","n/e","n/e","0","57","98","208"
"BZN|DK2","11.12.2018 21:00 - 11.12.2018 22:00 (CET/CEST)","517","n/e","n/e","133","246","16","n/e","n/e","n/e","n/e","n/e","n/e","n/e","n/e","n/e","n/e","n/e","0","53","100","189"
"BZN|DK2","11.12.2018 22:00 - 11.12.2018 23:00 (CET/CEST)","501","n/e","n/e","133","245","16","n/e","n/e","n/e","n/e","n/e","n/e","n/e","n/e","n/e","n/e","n/e","0","52","75","173"
"BZN|DK2","11.12.2018 23:00 - 12.12.2018 00:00 (CET/CEST)","490","n/e","n/e","132","246","16","n/e","n/e","n/e","n/e","n/e","n/e","n/e","n/e","n/e","n/e","n/e","0","52","64","155"
"BZN|DK2","12.12.2018 00:00 - 12.12.2018 01:00 (CET/CEST)","452","n/e","n/e","133","246","16","n/e","n/e","n/e","n/e","n/e","n/e","n/e","n/e","n/e","n/e","n/e","0","48","80","134"
"BZN|DK2","12.12.2018 01:00 - 12.12.2018 02:00 (CET/CEST)","451","n/e","n/e","131","244","16","n/e","n/e","n/e","n/e","n/e","n/e","n/e","n/e","n/e","n/e","n/e","0","48","71","113"
"BZN|DK2","12.12.2018 02:00 - 12.12.2018 03:00 (CET/CEST)","402","n/e","n/e","131","244","16","n/e","n/e","n/e","n/e","n/e","n/e","n/e","n/e","n/e","n/e","n/e","0","48","58","116"
"BZN|DK2","12.12.2018 03:00 - 12.12.2018 04:00 (CET/CEST)","383","n/e","n/e","131","244","16","n/e","n/e","n/e","n/e","n/e","n/e","n/e","n/e","n/e","n/e","n/e","0","48","67","138"
"BZN|DK2","12.12.2018 04:00 - 12.12.2018 05:00 (CET/CEST)","393","n/e","n/e","131","244","16","n/e","n/e","n/e","n/e","n/e","n/e","n/e","n/e","n/e","n/e","n/e","0","48","68","147"
"BZN|DK2","12.12.2018 05:00 - 12.12.2018 06:00 (CET/CEST)","452","n/e","n/e","131","244","16","n/e","n/e","n/e","n/e","n/e","n/e","n/e","n/e","n/e","n/e","n/e","0","50","86","159"
"BZN|DK2","12.12.2018 06:00 - 12.12.2018 07:00 (CET/CEST)","402","n/e","n/e","137","254","17","n/e","n/e","n/e","n/e","n/e","n/e","n/e","n/e","n/e","n/e","n/e","0","56","111","165"
"BZN|DK2","12.12.2018 07:00 - 12.12.2018 08:00 (CET/CEST)","496","n/e","n/e","140","255","21","n/e","n/e","n/e","n/e","n/e","n/e","n/e","n/e","n/e","n/e","n/e","0","57","118","175"
"BZN|DK2","12.12.2018 08:00 - 12.12.2018 09:00 (CET/CEST)","572","n/e","n/e","140","255","22","n/e","n/e","n/e","n/e","n/e","n/e","n/e","n/e","n/e","n/e","n/e","1","58","115","142"
"BZN|DK2","12.12.2018 09:00 - 12.12.2018 10:00 (CET/CEST)","601","n/e","n/e","129","255","23","n/e","n/e","n/e","n/e","n/e","n/e","n/e","n/e","n/e","n/e","n/e","15","57","81","130"
"BZN|DK2","12.12.2018 10:00 - 12.12.2018 11:00 (CET/CEST)","605","n/e","n/e","152","257","22","n/e","n/e","n/e","n/e","n/e","n/e","n/e","n/e","n/e","n/e","n/e","33","58","53","121"
"BZN|DK2","12.12.2018 11:00 - 12.12.2018 12:00 (CET/CEST)","595","n/e","n/e","160","259","22","n/e","n/e","n/e","n/e","n/e","n/e","n/e","n/e","n/e","n/e","n/e","50","58","80","122"
"BZN|DK2","12.12.2018 12:00 - 12.12.2018 13:00 (CET/CEST)","594","n/e","n/e","173","261","37","n/e","n/e","n/e","n/e","n/e","n/e","n/e","n/e","n/e","n/e","n/e","57","58","60","121"
"BZN|DK2","12.12.2018 13:00 - 12.12.2018 14:00 (CET/CEST)","590","n/e","n/e","192","264","103","n/e","n/e","n/e","n/e","n/e","n/e","n/e","n/e","n/e","n/e","n/e","33","58","63","103"
"BZN|DK2","12.12.2018 14:00 - 12.12.2018 15:00 (CET/CEST)","586","n/e","n/e","194","261","27","n/e","n/e","n/e","n/e","n/e","n/e","n/e","n/e","n/e","n/e","n/e","10","55","113","89"
"BZN|DK2","12.12.2018 15:00 - 12.12.2018 16:00 (CET/CEST)","582","n/e","n/e","209","257","22","n/e","n/e","n/e","n/e","n/e","n/e","n/e","n/e","n/e","n/e","n/e","2","55","113","97"
"BZN|DK2","12.12.2018 16:00 - 12.12.2018 17:00 (CET/CEST)","587","n/e","n/e","201","258","22","n/e","n/e","n/e","n/e","n/e","n/e","n/e","n/e","n/e","n/e","n/e","0","55","106","122"
"BZN|DK2","12.12.2018 17:00 - 12.12.2018 18:00 (CET/CEST)","595","n/e","n/e","202","261","22","n/e","n/e","n/e","n/e","n/e","n/e","n/e","n/e","n/e","n/e","n/e","0","55","103","141"
"BZN|DK2","12.12.2018 18:00 - 12.12.2018 19:00 (CET/CEST)","595","n/e","n/e","158","261","22","n/e","n/e","n/e","n/e","n/e","n/e","n/e","n/e","n/e","n/e","n/e","0","55","181","148"
"BZN|DK2","12.12.2018 19:00 - 12.12.2018 20:00 (CET/CEST)","587","n/e","n/e","105","256","20","n/e","n/e","n/e","n/e","n/e","n/e","n/e","n/e","n/e","n/e","n/e","0","55","233","135"
"BZN|DK2","12.12.2018 20:00 - 12.12.2018 21:00 (CET/CEST)","516","n/e","n/e","98","250","18","n/e","n/e","n/e","n/e","n/e","n/e","n/e","n/e","n/e","n/e","n/e","0","54","178","116"
"BZN|DK2","12.12.2018 21:00 - 12.12.2018 22:00 (CET/CEST)","512","n/e","n/e","82","249","18","n/e","n/e","n/e","n/e","n/e","n/e","n/e","n/e","n/e","n/e","n/e","0","51","113","103"
"BZN|DK2","12.12.2018 22:00 - 12.12.2018 23:00 (CET/CEST)","476","n/e","n/e","82","246","17","n/e","n/e","n/e","n/e","n/e","n/e","n/e","n/e","n/e","n/e","n/e","0","48","111","88"
"BZN|DK2","12.12.2018 23:00 - 13.12.2018 00:00 (CET/CEST)","420","n/e","n/e","76","246","12","n/e","n/e","n/e","n/e","n/e","n/e","n/e","n/e","n/e","n/e","n/e","0","49","80","66"
"BZN|DK2","13.12.2018 00:00 - 13.12.2018 01:00 (CET/CEST)","401","n/e","n/e","73","245","8","n/e","n/e","n/e","n/e","n/e","n/e","n/e","n/e","n/e","n/e","n/e","0","48","76","60"
"BZN|DK2","13.12.2018 01:00 - 13.12.2018 02:00 (CET/CEST)","391","n/e","n/e","73","245","8","n/e","n/e","n/e","n/e","n/e","n/e","n/e","n/e","n/e","n/e","n/e","0","48","69","52"
"BZN|DK2","13.12.2018 02:00 - 13.12.2018 03:00 (CET/CEST)","386","n/e","n/e","72","245","8","n/e","n/e","n/e","n/e","n/e","n/e","n/e","n/e","n/e","n/e","n/e","0","47","79","60"
"BZN|DK2","13.12.2018 03:00 - 13.12.2018 04:00 (CET/CEST)","387","n/e","n/e","72","245","8","n/e","n/e","n/e","n/e","n/e","n/e","n/e","n/e","n/e","n/e","n/e","0","47","62","62"
"BZN|DK2","13.12.2018 04:00 - 13.12.2018 05:00 (CET/CEST)","388","n/e","n/e","72","243","8","n/e","n/e","n/e","n/e","n/e","n/e","n/e","n/e","n/e","n/e","n/e","0","47","52","68"
"BZN|DK2","13.12.2018 05:00 - 13.12.2018 06:00 (CET/CEST)","468","n/e","n/e","76","242","8","n/e","n/e","n/e","n/e","n/e","n/e","n/e","n/e","n/e","n/e","n/e","0","47","53","76"
"BZN|DK2","13.12.2018 06:00 - 13.12.2018 07:00 (CET/CEST)","520","n/e","n/e","105","247","9","n/e","n/e","n/e","n/e","n/e","n/e","n/e","n/e","n/e","n/e","n/e","0","49","48","97"
"BZN|DK2","13.12.2018 07:00 - 13.12.2018 08:00 (CET/CEST)","579","n/e","n/e","141","255","17","n/e","n/e","n/e","n/e","n/e","n/e","n/e","n/e","n/e","n/e","n/e","0","53","74","155"
"BZN|DK2","13.12.2018 08:00 - 13.12.2018 09:00 (CET/CEST)","581","n/e","n/e","178","255","23","n/e","n/e","n/e","n/e","n/e","n/e","n/e","n/e","n/e","n/e","n/e","0","55","81","186"
"BZN|DK2","13.12.2018 09:00 - 13.12.2018 10:00 (CET/CEST)","579","n/e","n/e","195","256","22","n/e","n/e","n/e","n/e","n/e","n/e","n/e","n/e","n/e","n/e","n/e","5","55","117","209"
"BZN|DK2","13.12.2018 10:00 - 13.12.2018 11:00 (CET/CEST)","578","n/e","n/e","190","257","20","n/e","n/e","n/e","n/e","n/e","n/e","n/e","n/e","n/e","n/e","n/e","12","55","98","215"
"BZN|DK2","13.12.2018 11:00 - 13.12.2018 12:00 (CET/CEST)","577","n/e","n/e","191","258","21","n/e","n/e","n/e","n/e","n/e","n/e","n/e","n/e","n/e","n/e","n/e","16","54","149","215"
"BZN|DK2","13.12.2018 12:00 - 13.12.2018 13:00 (CET/CEST)","581","n/e","n/e","190","257","23","n/e","n/e","n/e","n/e","n/e","n/e","n/e","n/e","n/e","n/e","n/e","17","54","131","196"
"BZN|DK2","13.12.2018 13:00 - 13.12.2018 14:00 (CET/CEST)","578","n/e","n/e","190","255","23","n/e","n/e","n/e","n/e","n/e","n/e","n/e","n/e","n/e","n/e","n/e","13","55","74","198"
"BZN|DK2","13.12.2018 14:00 - 13.12.2018 15:00 (CET/CEST)","579","n/e","n/e","188","254","22","n/e","n/e","n/e","n/e","n/e","n/e","n/e","n/e","n/e","n/e","n/e","6","56","147","195"
"BZN|DK2","13.12.2018 15:00 - 13.12.2018 16:00 (CET/CEST)","562","n/e","n/e","191","254","23","n/e","n/e","n/e","n/e","n/e","n/e","n/e","n/e","n/e","n/e","n/e","1","56","117","206"
"BZN|DK2","13.12.2018 16:00 - 13.12.2018 17:00 (CET/CEST)","560","n/e","n/e","228","271","26","n/e","n/e","n/e","n/e","n/e","n/e","n/e","n/e","n/e","n/e","n/e","0","57","181","233"
"BZN|DK2","13.12.2018 17:00 - 13.12.2018 18:00 (CET/CEST)","559","n/e","n/e","192","259","23","n/e","n/e","n/e","n/e","n/e","n/e","n/e","n/e","n/e","n/e","n/e","0","57","256","238"
"BZN|DK2","13.12.2018 18:00 - 13.12.2018 19:00 (CET/CEST)","560","n/e","n/e","189","256","22","n/e","n/e","n/e","n/e","n/e","n/e","n/e","n/e","n/e","n/e","n/e","0","57","186","261"
"BZN|DK2","13.12.2018 19:00 - 13.12.2018 20:00 (CET/CEST)","522","n/e","n/e","176","255","22","n/e","n/e","n/e","n/e","n/e","n/e","n/e","n/e","n/e","n/e","n/e","0","55","186","286"
"BZN|DK2","13.12.2018 20:00 - 13.12.2018 21:00 (CET/CEST)","505","n/e","n/e","123","254","22","n/e","n/e","n/e","n/e","n/e","n/e","n/e","n/e","n/e","n/e","n/e","0","52","251","279"
"BZN|DK2","13.12.2018 21:00 - 13.12.2018 22:00 (CET/CEST)","504","n/e","n/e","95","249","21","n/e","n/e","n/e","n/e","n/e","n/e","n/e","n/e","n/e","n/e","n/e","0","45","193","257"
"BZN|DK2","13.12.2018 22:00 - 13.12.2018 23:00 (CET/CEST)","424","n/e","n/e","75","248","21","n/e","n/e","n/e","n/e","n/e","n/e","n/e","n/e","n/e","n/e","n/e","0","44","182","216"
"BZN|DK2","13.12.2018 23:00 - 14.12.2018 00:00 (CET/CEST)","330","n/e","n/e","75","247","21","n/e","n/e","n/e","n/e","n/e","n/e","n/e","n/e","n/e","n/e","n/e","0","44","120","176"
"BZN|DK2","14.12.2018 00:00 - 14.12.2018 01:00 (CET/CEST)","219","n/e","n/e","76","245","13","n/e","n/e","n/e","n/e","n/e","n/e","n/e","n/e","n/e","n/e","n/e","0","45","92","142"
"BZN|DK2","14.12.2018 01:00 - 14.12.2018 02:00 (CET/CEST)","214","n/e","n/e","74","243","8","n/e","n/e","n/e","n/e","n/e","n/e","n/e","n/e","n/e","n/e","n/e","0","44","49","159"
"BZN|DK2","14.12.2018 02:00 - 14.12.2018 03:00 (CET/CEST)","189","n/e","n/e","74","243","8","n/e","n/e","n/e","n/e","n/e","n/e","n/e","n/e","n/e","n/e","n/e","0","44","54","150"
"BZN|DK2","14.12.2018 03:00 - 14.12.2018 04:00 (CET/CEST)","222","n/e","n/e","74","244","8","n/e","n/e","n/e","n/e","n/e","n/e","n/e","n/e","n/e","n/e","n/e","0","44","16","140"
"BZN|DK2","14.12.2018 04:00 - 14.12.2018 05:00 (CET/CEST)","217","n/e","n/e","74","244","8","n/e","n/e","n/e","n/e","n/e","n/e","n/e","n/e","n/e","n/e","n/e","0","42","15","155"
"BZN|DK2","14.12.2018 05:00 - 14.12.2018 06:00 (CET/CEST)","222","n/e","n/e","78","245","8","n/e","n/e","n/e","n/e","n/e","n/e","n/e","n/e","n/e","n/e","n/e","0","43","22","177"
"BZN|DK2","14.12.2018 06:00 - 14.12.2018 07:00 (CET/CEST)","221","n/e","n/e","113","255","12","n/e","n/e","n/e","n/e","n/e","n/e","n/e","n/e","n/e","n/e","n/e","0","46","44","167"
"BZN|DK2","14.12.2018 07:00 - 14.12.2018 08:00 (CET/CEST)","220","n/e","n/e","155","260","21","n/e","n/e","n/e","n/e","n/e","n/e","n/e","n/e","n/e","n/e","n/e","0","51","35","172"
"BZN|DK2","14.12.2018 08:00 - 14.12.2018 09:00 (CET/CEST)","229","n/e","n/e","221","274","26","n/e","n/e","n/e","n/e","n/e","n/e","n/e","n/e","n/e","n/e","n/e","0","49","55","153"
"BZN|DK2","14.12.2018 09:00 - 14.12.2018 10:00 (CET/CEST)","211","n/e","n/e","239","281","28","n/e","n/e","n/e","n/e","n/e","n/e","n/e","n/e","n/e","n/e","n/e","4","51","41","155"
"BZN|DK2","14.12.2018 10:00 - 14.12.2018 11:00 (CET/CEST)","195","n/e","n/e","238","278","27","n/e","n/e","n/e","n/e","n/e","n/e","n/e","n/e","n/e","n/e","n/e","10","53","78","124"
"BZN|DK2","14.12.2018 11:00 - 14.12.2018 12:00 (CET/CEST)","214","n/e","n/e","241","280","26","n/e","n/e","n/e","n/e","n/e","n/e","n/e","n/e","n/e","n/e","n/e","13","47","87","99"
"BZN|DK2","14.12.2018 12:00 - 14.12.2018 13:00 (CET/CEST)","215","n/e","n/e","241","280","27","n/e","n/e","n/e","n/e","n/e","n/e","n/e","n/e","n/e","n/e","n/e","13","51","106","80"
"BZN|DK2","14.12.2018 13:00 - 14.12.2018 14:00 (CET/CEST)","221","n/e","n/e","234","283","28","n/e","n/e","n/e","n/e","n/e","n/e","n/e","n/e","n/e","n/e","n/e","9","46","121","69"
"BZN|DK2","14.12.2018 14:00 - 14.12.2018 15:00 (CET/CEST)","215","n/e","n/e","235","280","27","n/e","n/e","n/e","n/e","n/e","n/e","n/e","n/e","n/e","n/e","n/e","5","45","238","68"
"BZN|DK2","14.12.2018 15:00 - 14.12.2018 16:00 (CET/CEST)","222","n/e","n/e","252","281","27","n/e","n/e","n/e","n/e","n/e","n/e","n/e","n/e","n/e","n/e","n/e","1","46","237","68"
"BZN|DK2","14.12.2018 16:00 - 14.12.2018 17:00 (CET/CEST)","224","n/e","n/e","258","285","28","n/e","n/e","n/e","n/e","n/e","n/e","n/e","n/e","n/e","n/e","n/e","0","45","188","79"
"BZN|DK2","14.12.2018 17:00 - 14.12.2018 18:00 (CET/CEST)","220","n/e","n/e","255","279","27","n/e","n/e","n/e","n/e","n/e","n/e","n/e","n/e","n/e","n/e","n/e","0","52","197","74"
"BZN|DK2","14.12.2018 18:00 - 14.12.2018 19:00 (CET/CEST)","222","n/e","n/e","250","272","26","n/e","n/e","n/e","n/e","n/e","n/e","n/e","n/e","n/e","n/e","n/e","0","55","160","72"
"BZN|DK2","14.12.2018 19:00 - 14.12.2018 20:00 (CET/CEST)","217","n/e","n/e","221","261","23","n/e","n/e","n/e","n/e","n/e","n/e","n/e","n/e","n/e","n/e","n/e","0","56","126","63"
"BZN|DK2","14.12.2018 20:00 - 14.12.2018 21:00 (CET/CEST)","218","n/e","n/e","152","256","22","n/e","n/e","n/e","n/e","n/e","n/e","n/e","n/e","n/e","n/e","n/e","0","56","144","62"
"BZN|DK2","14.12.2018 21:00 - 14.12.2018 22:00 (CET/CEST)","226","n/e","n/e","105","249","21","n/e","n/e","n/e","n/e","n/e","n/e","n/e","n/e","n/e","n/e","n/e","0","48","112","61"
"BZN|DK2","14.12.2018 22:00 - 14.12.2018 23:00 (CET/CEST)","222","n/e","n/e","96","248","21","n/e","n/e","n/e","n/e","n/e","n/e","n/e","n/e","n/e","n/e","n/e","0","46","100","57"
"BZN|DK2","14.12.2018 23:00 - 15.12.2018 00:00 (CET/CEST)","220","n/e","n/e","96","246","20","n/e","n/e","n/e","n/e","n/e","n/e","n/e","n/e","n/e","n/e","n/e","0","47","83","40"
"BZN|DK2","15.12.2018 00:00 - 15.12.2018 01:00 (CET/CEST)","218","n/e","n/e","95","245","14","n/e","n/e","n/e","n/e","n/e","n/e","n/e","n/e","n/e","n/e","n/e","0","47","75","34"
"BZN|DK2","15.12.2018 01:00 - 15.12.2018 02:00 (CET/CEST)","217","n/e","n/e","92","243","8","n/e","n/e","n/e","n/e","n/e","n/e","n/e","n/e","n/e","n/e","n/e","0","46","50","32"
"BZN|DK2","15.12.2018 02:00 - 15.12.2018 03:00 (CET/CEST)","221","n/e","n/e","93","244","8","n/e","n/e","n/e","n/e","n/e","n/e","n/e","n/e","n/e","n/e","n/e","0","46","58","47"
"BZN|DK2","15.12.2018 03:00 - 15.12.2018 04:00 (CET/CEST)","221","n/e","n/e","93","244","8","n/e","n/e","n/e","n/e","n/e","n/e","n/e","n/e","n/e","n/e","n/e","0","46","50","50"
"BZN|DK2","15.12.2018 04:00 - 15.12.2018 05:00 (CET/CEST)","223","n/e","n/e","93","244","8","n/e","n/e","n/e","n/e","n/e","n/e","n/e","n/e","n/e","n/e","n/e","0","46","31","31"
"BZN|DK2","15.12.2018 05:00 - 15.12.2018 06:00 (CET/CEST)","222","n/e","n/e","93","244","8","n/e","n/e","n/e","n/e","n/e","n/e","n/e","n/e","n/e","n/e","n/e","0","46","6","23"
"BZN|DK2","15.12.2018 06:00 - 15.12.2018 07:00 (CET/CEST)","215","n/e","n/e","95","247","9","n/e","n/e","n/e","n/e","n/e","n/e","n/e","n/e","n/e","n/e","n/e","0","48","7","20"
"BZN|DK2","15.12.2018 07:00 - 15.12.2018 08:00 (CET/CEST)","218","n/e","n/e","102","249","9","n/e","n/e","n/e","n/e","n/e","n/e","n/e","n/e","n/e","n/e","n/e","0","51","7","17"
"BZN|DK2","15.12.2018 08:00 - 15.12.2018 09:00 (CET/CEST)","224","n/e","n/e","135","249","13","n/e","n/e","n/e","n/e","n/e","n/e","n/e","n/e","n/e","n/e","n/e","0","52","17","20"
"BZN|DK2","15.12.2018 09:00 - 15.12.2018 10:00 (CET/CEST)","219","n/e","n/e","166","247","20","n/e","n/e","n/e","n/e","n/e","n/e","n/e","n/e","n/e","n/e","n/e","2","52","8","26"
"BZN|DK2","15.12.2018 10:00 - 15.12.2018 11:00 (CET/CEST)","220","n/e","n/e","175","248","21","n/e","n/e","n/e","n/e","n/e","n/e","n/e","n/e","n/e","n/e","n/e","6","52","26","28"
"BZN|DK2","15.12.2018 11:00 - 15.12.2018 12:00 (CET/CEST)","217","n/e","n/e","179","251","21","n/e","n/e","n/e","n/e","n/e","n/e","n/e","n/e","n/e","n/e","n/e","9","52","28","27"
"BZN|DK2","15.12.2018 12:00 - 15.12.2018 13:00 (CET/CEST)","220","n/e","n/e","172","251","21","n/e","n/e","n/e","n/e","n/e","n/e","n/e","n/e","n/e","n/e","n/e","9","53","26","38"
"BZN|DK2","15.12.2018 13:00 - 15.12.2018 14:00 (CET/CEST)","217","n/e","n/e","173","251","22","n/e","n/e","n/e","n/e","n/e","n/e","n/e","n/e","n/e","n/e","n/e","6","52","18","51"
"BZN|DK2","15.12.2018 14:00 - 15.12.2018 15:00 (CET/CEST)","220","n/e","n/e","193","249","20","n/e","n/e","n/e","n/e","n/e","n/e","n/e","n/e","n/e","n/e","n/e","3","53","12","48"
"BZN|DK2","15.12.2018 15:00 - 15.12.2018 16:00 (CET/CEST)","221","n/e","n/e","195","249","20","n/e","n/e","n/e","n/e","n/e","n/e","n/e","n/e","n/e","n/e","n/e","0","52","5","44"
"BZN|DK2","15.12.2018 16:00 - 15.12.2018 17:00 (CET/CEST)","218","n/e","n/e","194","249","21","n/e","n/e","n/e","n/e","n/e","n/e","n/e","n/e","n/e","n/e","n/e","0","52","6","41"
"BZN|DK2","15.12.2018 17:00 - 15.12.2018 18:00 (CET/CEST)","222","n/e","n/e","179","252","22","n/e","n/e","n/e","n/e","n/e","n/e","n/e","n/e","n/e","n/e","n/e","0","52","8","62"
"BZN|DK2","15.12.2018 18:00 - 15.12.2018 19:00 (CET/CEST)","221","n/e","n/e","160","251","22","n/e","n/e","n/e","n/e","n/e","n/e","n/e","n/e","n/e","n/e","n/e","0","53","8","71"
"BZN|DK2","15.12.2018 19:00 - 15.12.2018 20:00 (CET/CEST)","217","n/e","n/e","159","250","21","n/e","n/e","n/e","n/e","n/e","n/e","n/e","n/e","n/e","n/e","n/e","0","53","25","68"
"BZN|DK2","15.12.2018 20:00 - 15.12.2018 21:00 (CET/CEST)","221","n/e","n/e","116","249","21","n/e","n/e","n/e","n/e","n/e","n/e","n/e","n/e","n/e","n/e","n/e","0","48","42","72"
"BZN|DK2","15.12.2018 21:00 - 15.12.2018 22:00 (CET/CEST)","217","n/e","n/e","96","246","21","n/e","n/e","n/e","n/e","n/e","n/e","n/e","n/e","n/e","n/e","n/e","0","46","65","71"
"BZN|DK2","15.12.2018 22:00 - 15.12.2018 23:00 (CET/CEST)","220","n/e","n/e","96","247","21","n/e","n/e","n/e","n/e","n/e","n/e","n/e","n/e","n/e","n/e","n/e","0","40","169","122"
"BZN|DK2","15.12.2018 23:00 - 16.12.2018 00:00 (CET/CEST)","216","n/e","n/e","96","246","21","n/e","n/e","n/e","n/e","n/e","n/e","n/e","n/e","n/e","n/e","n/e","0","46","227","202"
"BZN|DK2","16.12.2018 00:00 - 16.12.2018 01:00 (CET/CEST)","230","n/e","n/e","96","245","21","n/e","n/e","n/e","n/e","n/e","n/e","n/e","n/e","n/e","n/e","n/e","0","46","251","244"
"BZN|DK2","16.12.2018 01:00 - 16.12.2018 02:00 (CET/CEST)","230","n/e","n/e","95","244","13","n/e","n/e","n/e","n/e","n/e","n/e","n/e","n/e","n/e","n/e","n/e","0","47","271","267"
"BZN|DK2","16.12.2018 02:00 - 16.12.2018 03:00 (CET/CEST)","231","n/e","n/e","93","242","8","n/e","n/e","n/e","n/e","n/e","n/e","n/e","n/e","n/e","n/e","n/e","0","47","299","261"
"BZN|DK2","16.12.2018 03:00 - 16.12.2018 04:00 (CET/CEST)","231","n/e","n/e","93","243","8","n/e","n/e","n/e","n/e","n/e","n/e","n/e","n/e","n/e","n/e","n/e","0","46","281","260"
"BZN|DK2","16.12.2018 04:00 - 16.12.2018 05:00 (CET/CEST)","231","n/e","n/e","93","244","8","n/e","n/e","n/e","n/e","n/e","n/e","n/e","n/e","n/e","n/e","n/e","0","46","313","252"
"BZN|DK2","16.12.2018 05:00 - 16.12.2018 06:00 (CET/CEST)","231","n/e","n/e","93","244","8","n/e","n/e","n/e","n/e","n/e","n/e","n/e","n/e","n/e","n/e","n/e","0","47","304","291"
"BZN|DK2","16.12.2018 06:00 - 16.12.2018 07:00 (CET/CEST)","229","n/e","n/e","95","246","9","n/e","n/e","n/e","n/e","n/e","n/e","n/e","n/e","n/e","n/e","n/e","0","48","338","328"
"BZN|DK2","16.12.2018 07:00 - 16.12.2018 08:00 (CET/CEST)","228","n/e","n/e","117","247","9","n/e","n/e","n/e","n/e","n/e","n/e","n/e","n/e","n/e","n/e","n/e","0","47","349","372"
"BZN|DK2","16.12.2018 08:00 - 16.12.2018 09:00 (CET/CEST)","226","n/e","n/e","151","247","9","n/e","n/e","n/e","n/e","n/e","n/e","n/e","n/e","n/e","n/e","n/e","0","47","353","345"
"BZN|DK2","16.12.2018 09:00 - 16.12.2018 10:00 (CET/CEST)","221","n/e","n/e","157","246","18","n/e","n/e","n/e","n/e","n/e","n/e","n/e","n/e","n/e","n/e","n/e","7","48","349","346"
"BZN|DK2","16.12.2018 10:00 - 16.12.2018 11:00 (CET/CEST)","223","n/e","n/e","187","243","21","n/e","n/e","n/e","n/e","n/e","n/e","n/e","n/e","n/e","n/e","n/e","16","48","339","365"
"BZN|DK2","16.12.2018 11:00 - 16.12.2018 12:00 (CET/CEST)","223","n/e","n/e","193","221","21","n/e","n/e","n/e","n/e","n/e","n/e","n/e","n/e","n/e","n/e","n/e","17","48","340","355"
"BZN|DK2","16.12.2018 12:00 - 16.12.2018 13:00 (CET/CEST)","220","n/e","n/e","192","241","20","n/e","n/e","n/e","n/e","n/e","n/e","n/e","n/e","n/e","n/e","n/e","13","48","269","334"
"BZN|DK2","16.12.2018 13:00 - 16.12.2018 14:00 (CET/CEST)","226","n/e","n/e","194","248","21","n/e","n/e","n/e","n/e","n/e","n/e","n/e","n/e","n/e","n/e","n/e","8","48","181","248"
"BZN|DK2","16.12.2018 14:00 - 16.12.2018 15:00 (CET/CEST)","226","n/e","n/e","193","246","21","n/e","n/e","n/e","n/e","n/e","n/e","n/e","n/e","n/e","n/e","n/e","3","47","150","188"
"BZN|DK2","16.12.2018 15:00 - 16.12.2018 16:00 (CET/CEST)","228","n/e","n/e","206","246","21","n/e","n/e","n/e","n/e","n/e","n/e","n/e","n/e","n/e","n/e","n/e","0","48","120","143"
"BZN|DK2","16.12.2018 16:00 - 16.12.2018 17:00 (CET/CEST)","229","n/e","n/e","207","247","21","n/e","n/e","n/e","n/e","n/e","n/e","n/e","n/e","n/e","n/e","n/e","0","48","122","119"
"BZN|DK2","16.12.2018 17:00 - 16.12.2018 18:00 (CET/CEST)","234","n/e","n/e","217","250","22","n/e","n/e","n/e","n/e","n/e","n/e","n/e","n/e","n/e","n/e","n/e","0","47","142","96"
"BZN|DK2","16.12.2018 18:00 - 16.12.2018 19:00 (CET/CEST)","235","n/e","n/e","210","250","22","n/e","n/e","n/e","n/e","n/e","n/e","n/e","n/e","n/e","n/e","n/e","0","48","126","90"
"BZN|DK2","16.12.2018 19:00 - 16.12.2018 20:00 (CET/CEST)","234","n/e","n/e","212","250","21","n/e","n/e","n/e","n/e","n/e","n/e","n/e","n/e","n/e","n/e","n/e","0","49","116","74"
"BZN|DK2","16.12.2018 20:00 - 16.12.2018 21:00 (CET/CEST)","235","n/e","n/e","167","243","19","n/e","n/e","n/e","n/e","n/e","n/e","n/e","n/e","n/e","n/e","n/e","0","48","101","64"
"BZN|DK2","16.12.2018 21:00 - 16.12.2018 22:00 (CET/CEST)","232","n/e","n/e","133","246","21","n/e","n/e","n/e","n/e","n/e","n/e","n/e","n/e","n/e","n/e","n/e","0","48","76","50"
"BZN|DK2","16.12.2018 22:00 - 16.12.2018 23:00 (CET/CEST)","232","n/e","n/e","131","245","21","n/e","n/e","n/e","n/e","n/e","n/e","n/e","n/e","n/e","n/e","n/e","0","48","52","41"
"BZN|DK2","16.12.2018 23:00 - 17.12.2018 00:00 (CET/CEST)","232","n/e","n/e","114","245","21","n/e","n/e","n/e","n/e","n/e","n/e","n/e","n/e","n/e","n/e","n/e","0","48","35","30"
"BZN|DK2","17.12.2018 00:00 - 17.12.2018 01:00 (CET/CEST)","232","n/e","n/e","95","245","21","n/e","n/e","n/e","n/e","n/e","n/e","n/e","n/e","n/e","n/e","n/e","0","48","16","21"
"BZN|DK2","17.12.2018 01:00 - 17.12.2018 02:00 (CET/CEST)","230","n/e","n/e","95","245","19","n/e","n/e","n/e","n/e","n/e","n/e","n/e","n/e","n/e","n/e","n/e","0","47","24","23"
"BZN|DK2","17.12.2018 02:00 - 17.12.2018 03:00 (CET/CEST)","229","n/e","n/e","93","243","8","n/e","n/e","n/e","n/e","n/e","n/e","n/e","n/e","n/e","n/e","n/e","0","44","30","24"
"BZN|DK2","17.12.2018 03:00 - 17.12.2018 04:00 (CET/CEST)","228","n/e","n/e","93","242","8","n/e","n/e","n/e","n/e","n/e","n/e","n/e","n/e","n/e","n/e","n/e","0","43","37","23"
"BZN|DK2","17.12.2018 04:00 - 17.12.2018 05:00 (CET/CEST)","229","n/e","n/e","93","243","8","n/e","n/e","n/e","n/e","n/e","n/e","n/e","n/e","n/e","n/e","n/e","0","45","40","23"
"BZN|DK2","17.12.2018 05:00 - 17.12.2018 06:00 (CET/CEST)","285","n/e","n/e","104","245","8","n/e","n/e","n/e","n/e","n/e","n/e","n/e","n/e","n/e","n/e","n/e","0","46","37","24"
"BZN|DK2","17.12.2018 06:00 - 17.12.2018 07:00 (CET/CEST)","261","n/e","n/e","120","250","9","n/e","n/e","n/e","n/e","n/e","n/e","n/e","n/e","n/e","n/e","n/e","0","48","41","27"
"BZN|DK2","17.12.2018 07:00 - 17.12.2018 08:00 (CET/CEST)","229","n/e","n/e","173","257","13","n/e","n/e","n/e","n/e","n/e","n/e","n/e","n/e","n/e","n/e","n/e","0","55","41","31"
"BZN|DK2","17.12.2018 08:00 - 17.12.2018 09:00 (CET/CEST)","283","n/e","n/e","209","257","22","n/e","n/e","n/e","n/e","n/e","n/e","n/e","n/e","n/e","n/e","n/e","0","55","40","35"
"BZN|DK2","17.12.2018 09:00 - 17.12.2018 10:00 (CET/CEST)","351","n/e","n/e","218","258","23","n/e","n/e","n/e","n/e","n/e","n/e","n/e","n/e","n/e","n/e","n/e","1","53","30","32"
"BZN|DK2","17.12.2018 10:00 - 17.12.2018 11:00 (CET/CEST)","371","n/e","n/e","188","256","22","n/e","n/e","n/e","n/e","n/e","n/e","n/e","n/e","n/e","n/e","n/e","5","53","25","26"
"BZN|DK2","17.12.2018 11:00 - 17.12.2018 12:00 (CET/CEST)","533","n/e","n/e","203","261","24","n/e","n/e","n/e","n/e","n/e","n/e","n/e","n/e","n/e","n/e","n/e","8","54","13","19"
"BZN|DK2","17.12.2018 12:00 - 17.12.2018 13:00 (CET/CEST)","560","n/e","n/e","197","260","23","n/e","n/e","n/e","n/e","n/e","n/e","n/e","n/e","n/e","n/e","n/e","8","55","4","18"
"BZN|DK2","17.12.2018 13:00 - 17.12.2018 14:00 (CET/CEST)","551","n/e","n/e","183","256","22","n/e","n/e","n/e","n/e","n/e","n/e","n/e","n/e","n/e","n/e","n/e","6","50","4","16"
"BZN|DK2","17.12.2018 14:00 - 17.12.2018 15:00 (CET/CEST)","548","n/e","n/e","182","254","22","n/e","n/e","n/e","n/e","n/e","n/e","n/e","n/e","n/e","n/e","n/e","3","52","5","18"
"BZN|DK2","17.12.2018 15:00 - 17.12.2018 16:00 (CET/CEST)","556","n/e","n/e","195","255","22","n/e","n/e","n/e","n/e","n/e","n/e","n/e","n/e","n/e","n/e","n/e","0","55","13","23"
"BZN|DK2","17.12.2018 16:00 - 17.12.2018 17:00 (CET/CEST)","538","n/e","n/e","231","261","23","n/e","n/e","n/e","n/e","n/e","n/e","n/e","n/e","n/e","n/e","n/e","0","55","16","30"
"BZN|DK2","17.12.2018 17:00 - 17.12.2018 18:00 (CET/CEST)","541","n/e","n/e","197","255","22","n/e","n/e","n/e","n/e","n/e","n/e","n/e","n/e","n/e","n/e","n/e","0","55","30","38"
"BZN|DK2","17.12.2018 18:00 - 17.12.2018 19:00 (CET/CEST)","550","n/e","n/e","182","255","20","n/e","n/e","n/e","n/e","n/e","n/e","n/e","n/e","n/e","n/e","n/e","0","55","37","38"
"BZN|DK2","17.12.2018 19:00 - 17.12.2018 20:00 (CET/CEST)","548","n/e","n/e","182","254","22","n/e","n/e","n/e","n/e","n/e","n/e","n/e","n/e","n/e","n/e","n/e","0","56","41","47"
"BZN|DK2","17.12.2018 20:00 - 17.12.2018 21:00 (CET/CEST)","542","n/e","n/e","165","252","22","n/e","n/e","n/e","n/e","n/e","n/e","n/e","n/e","n/e","n/e","n/e","0","49","61","63"
"BZN|DK2","17.12.2018 21:00 - 17.12.2018 22:00 (CET/CEST)","545","n/e","n/e","99","248","21","n/e","n/e","n/e","n/e","n/e","n/e","n/e","n/e","n/e","n/e","n/e","0","47","85","64"
"BZN|DK2","17.12.2018 22:00 - 17.12.2018 23:00 (CET/CEST)","524","n/e","n/e","95","246","21","n/e","n/e","n/e","n/e","n/e","n/e","n/e","n/e","n/e","n/e","n/e","0","47","79","65"
"BZN|DK2","17.12.2018 23:00 - 18.12.2018 00:00 (CET/CEST)","453","n/e","n/e","94","245","20","n/e","n/e","n/e","n/e","n/e","n/e","n/e","n/e","n/e","n/e","n/e","0","45","97","79"
"BZN|DK2","18.12.2018 00:00 - 18.12.2018 01:00 (CET/CEST)","447","n/e","n/e","95","245","17","n/e","n/e","n/e","n/e","n/e","n/e","n/e","n/e","n/e","n/e","n/e","0","44","79","87"
"BZN|DK2","18.12.2018 01:00 - 18.12.2018 02:00 (CET/CEST)","487","n/e","n/e","94","243","16","n/e","n/e","n/e","n/e","n/e","n/e","n/e","n/e","n/e","n/e","n/e","0","46","79","88"
"BZN|DK2","18.12.2018 02:00 - 18.12.2018 03:00 (CET/CEST)","467","n/e","n/e","93","243","16","n/e","n/e","n/e","n/e","n/e","n/e","n/e","n/e","n/e","n/e","n/e","0","46","72","78"
"BZN|DK2","18.12.2018 03:00 - 18.12.2018 04:00 (CET/CEST)","482","n/e","n/e","93","243","16","n/e","n/e","n/e","n/e","n/e","n/e","n/e","n/e","n/e","n/e","n/e","0","46","55","77"
"BZN|DK2","18.12.2018 04:00 - 18.12.2018 05:00 (CET/CEST)","481","n/e","n/e","93","243","16","n/e","n/e","n/e","n/e","n/e","n/e","n/e","n/e","n/e","n/e","n/e","0","46","40","70"
"BZN|DK2","18.12.2018 05:00 - 18.12.2018 06:00 (CET/CEST)","483","n/e","n/e","95","246","17","n/e","n/e","n/e","n/e","n/e","n/e","n/e","n/e","n/e","n/e","n/e","0","46","38","64"
"BZN|DK2","18.12.2018 06:00 - 18.12.2018 07:00 (CET/CEST)","485","n/e","n/e","106","249","17","n/e","n/e","n/e","n/e","n/e","n/e","n/e","n/e","n/e","n/e","n/e","0","45","44","58"
"BZN|DK2","18.12.2018 07:00 - 18.12.2018 08:00 (CET/CEST)","483","n/e","n/e","134","254","19","n/e","n/e","n/e","n/e","n/e","n/e","n/e","n/e","n/e","n/e","n/e","0","47","46","60"
"BZN|DK2","18.12.2018 08:00 - 18.12.2018 09:00 (CET/CEST)","495","n/e","n/e","174","255","20","n/e","n/e","n/e","n/e","n/e","n/e","n/e","n/e","n/e","n/e","n/e","0","45","43","74"
"BZN|DK2","18.12.2018 09:00 - 18.12.2018 10:00 (CET/CEST)","495","n/e","n/e","181","254","20","n/e","n/e","n/e","n/e","n/e","n/e","n/e","n/e","n/e","n/e","n/e","2","45","36","82"
"BZN|DK2","18.12.2018 10:00 - 18.12.2018 11:00 (CET/CEST)","502","n/e","n/e","181","254","20","n/e","n/e","n/e","n/e","n/e","n/e","n/e","n/e","n/e","n/e","n/e","4","44","41","93"
"BZN|DK2","18.12.2018 11:00 - 18.12.2018 12:00 (CET/CEST)","504","n/e","n/e","182","255","20","n/e","n/e","n/e","n/e","n/e","n/e","n/e","n/e","n/e","n/e","n/e","6","44","35","91"
"BZN|DK2","18.12.2018 12:00 - 18.12.2018 13:00 (CET/CEST)","498","n/e","n/e","181","255","20","n/e","n/e","n/e","n/e","n/e","n/e","n/e","n/e","n/e","n/e","n/e","7","52","29","94"
"BZN|DK2","18.12.2018 13:00 - 18.12.2018 14:00 (CET/CEST)","499","n/e","n/e","181","253","20","n/e","n/e","n/e","n/e","n/e","n/e","n/e","n/e","n/e","n/e","n/e","5","54","22","101"
"BZN|DK2","18.12.2018 14:00 - 18.12.2018 15:00 (CET/CEST)","497","n/e","n/e","168","240","18","n/e","n/e","n/e","n/e","n/e","n/e","n/e","n/e","n/e","n/e","n/e","2","53","29","93"
"BZN|DK2","18.12.2018 15:00 - 18.12.2018 16:00 (CET/CEST)","493","n/e","n/e","168","239","17","n/e","n/e","n/e","n/e","n/e","n/e","n/e","n/e","n/e","n/e","n/e","0","54","43","93"
"BZN|DK2","18.12.2018 16:00 - 18.12.2018 17:00 (CET/CEST)","490","n/e","n/e","171","238","17","n/e","n/e","n/e","n/e","n/e","n/e","n/e","n/e","n/e","n/e","n/e","0","54","48","94"
"BZN|DK2","18.12.2018 17:00 - 18.12.2018 18:00 (CET/CEST)","491","n/e","n/e","171","239","18","n/e","n/e","n/e","n/e","n/e","n/e","n/e","n/e","n/e","n/e","n/e","0","54","69","116"
"BZN|DK2","18.12.2018 18:00 - 18.12.2018 19:00 (CET/CEST)","486","n/e","n/e","172","240","18","n/e","n/e","n/e","n/e","n/e","n/e","n/e","n/e","n/e","n/e","n/e","0","53","128","155"
"BZN|DK2","18.12.2018 19:00 - 18.12.2018 20:00 (CET/CEST)","489","n/e","n/e","160","237","16","n/e","n/e","n/e","n/e","n/e","n/e","n/e","n/e","n/e","n/e","n/e","0","53","179","175"
"BZN|DK2","18.12.2018 20:00 - 18.12.2018 21:00 (CET/CEST)","485","n/e","n/e","171","252","17","n/e","n/e","n/e","n/e","n/e","n/e","n/e","n/e","n/e","n/e","n/e","0","54","195","177"
"BZN|DK2","18.12.2018 21:00 - 18.12.2018 22:00 (CET/CEST)","494","n/e","n/e","112","254","18","n/e","n/e","n/e","n/e","n/e","n/e","n/e","n/e","n/e","n/e","n/e","0","54","163","213"
"BZN|DK2","18.12.2018 22:00 - 18.12.2018 23:00 (CET/CEST)","488","n/e","n/e","99","253","17","n/e","n/e","n/e","n/e","n/e","n/e","n/e","n/e","n/e","n/e","n/e","0","53","186","241"
"BZN|DK2","18.12.2018 23:00 - 19.12.2018 00:00 (CET/CEST)","466","n/e","n/e","98","252","17","n/e","n/e","n/e","n/e","n/e","n/e","n/e","n/e","n/e","n/e","n/e","0","46","232","271"
"BZN|DK2","19.12.2018 00:00 - 19.12.2018 01:00 (CET/CEST)","433","n/e","n/e","98","251","17","n/e","n/e","n/e","n/e","n/e","n/e","n/e","n/e","n/e","n/e","n/e","0","43","235","266"
"BZN|DK2","19.12.2018 01:00 - 19.12.2018 02:00 (CET/CEST)","435","n/e","n/e","98","252","15","n/e","n/e","n/e","n/e","n/e","n/e","n/e","n/e","n/e","n/e","n/e","0","41","268","314"
"BZN|DK2","19.12.2018 02:00 - 19.12.2018 03:00 (CET/CEST)","432","n/e","n/e","97","249","9","n/e","n/e","n/e","n/e","n/e","n/e","n/e","n/e","n/e","n/e","n/e","0","42","313","398"
"BZN|DK2","19.12.2018 03:00 - 19.12.2018 04:00 (CET/CEST)","427","n/e","n/e","96","249","9","n/e","n/e","n/e","n/e","n/e","n/e","n/e","n/e","n/e","n/e","n/e","0","42","323","438"
"BZN|DK2","19.12.2018 04:00 - 19.12.2018 05:00 (CET/CEST)","425","n/e","n/e","96","249","9","n/e","n/e","n/e","n/e","n/e","n/e","n/e","n/e","n/e","n/e","n/e","0","42","345","468"
"BZN|DK2","19.12.2018 05:00 - 19.12.2018 06:00 (CET/CEST)","453","n/e","n/e","96","249","9","n/e","n/e","n/e","n/e","n/e","n/e","n/e","n/e","n/e","n/e","n/e","0","49","343","512"
"BZN|DK2","19.12.2018 06:00 - 19.12.2018 07:00 (CET/CEST)","449","n/e","n/e","99","254","10","n/e","n/e","n/e","n/e","n/e","n/e","n/e","n/e","n/e","n/e","n/e","0","51","331","537"
"BZN|DK2","19.12.2018 07:00 - 19.12.2018 08:00 (CET/CEST)","257","n/e","n/e","103","259","11","n/e","n/e","n/e","n/e","n/e","n/e","n/e","n/e","n/e","n/e","n/e","0","53","352","517"
"BZN|DK2","19.12.2018 08:00 - 19.12.2018 09:00 (CET/CEST)","242","n/e","n/e","148","256","17","n/e","n/e","n/e","n/e","n/e","n/e","n/e","n/e","n/e","n/e","n/e","0","52","355","503"
"BZN|DK2","19.12.2018 09:00 - 19.12.2018 10:00 (CET/CEST)","355","n/e","n/e","177","258","22","n/e","n/e","n/e","n/e","n/e","n/e","n/e","n/e","n/e","n/e","n/e","2","50","358","512"
"BZN|DK2","19.12.2018 10:00 - 19.12.2018 11:00 (CET/CEST)","396","n/e","n/e","177","254","21","n/e","n/e","n/e","n/e","n/e","n/e","n/e","n/e","n/e","n/e","n/e","7","47","349","496"
"BZN|DK2","19.12.2018 11:00 - 19.12.2018 12:00 (CET/CEST)","444","n/e","n/e","161","253","21","n/e","n/e","n/e","n/e","n/e","n/e","n/e","n/e","n/e","n/e","n/e","10","46","336","427"
"BZN|DK2","19.12.2018 12:00 - 19.12.2018 13:00 (CET/CEST)","443","n/e","n/e","162","254","21","n/e","n/e","n/e","n/e","n/e","n/e","n/e","n/e","n/e","n/e","n/e","10","45","257","346"
"BZN|DK2","19.12.2018 13:00 - 19.12.2018 14:00 (CET/CEST)","441","n/e","n/e","161","254","21","n/e","n/e","n/e","n/e","n/e","n/e","n/e","n/e","n/e","n/e","n/e","8","44","174","313"
"BZN|DK2","19.12.2018 14:00 - 19.12.2018 15:00 (CET/CEST)","443","n/e","n/e","158","249","20","n/e","n/e","n/e","n/e","n/e","n/e","n/e","n/e","n/e","n/e","n/e","4","46","126","261"
"BZN|DK2","19.12.2018 15:00 - 19.12.2018 16:00 (CET/CEST)","443","n/e","n/e","161","254","21","n/e","n/e","n/e","n/e","n/e","n/e","n/e","n/e","n/e","n/e","n/e","0","47","136","214"
"BZN|DK2","19.12.2018 16:00 - 19.12.2018 17:00 (CET/CEST)","442","n/e","n/e","161","254","21","n/e","n/e","n/e","n/e","n/e","n/e","n/e","n/e","n/e","n/e","n/e","0","47","162","187"
"BZN|DK2","19.12.2018 17:00 - 19.12.2018 18:00 (CET/CEST)","444","n/e","n/e","162","256","22","n/e","n/e","n/e","n/e","n/e","n/e","n/e","n/e","n/e","n/e","n/e","0","47","140","167"
"BZN|DK2","19.12.2018 18:00 - 19.12.2018 19:00 (CET/CEST)","461","n/e","n/e","163","257","22","n/e","n/e","n/e","n/e","n/e","n/e","n/e","n/e","n/e","n/e","n/e","0","47","156","158"
"BZN|DK2","19.12.2018 19:00 - 19.12.2018 20:00 (CET/CEST)","482","n/e","n/e","107","252","21","n/e","n/e","n/e","n/e","n/e","n/e","n/e","n/e","n/e","n/e","n/e","0","47","122","123"
"BZN|DK2","19.12.2018 20:00 - 19.12.2018 21:00 (CET/CEST)","481","n/e","n/e","101","255","21","n/e","n/e","n/e","n/e","n/e","n/e","n/e","n/e","n/e","n/e","n/e","0","48","66","102"
"BZN|DK2","19.12.2018 21:00 - 19.12.2018 22:00 (CET/CEST)","482","n/e","n/e","106","264","23","n/e","n/e","n/e","n/e","n/e","n/e","n/e","n/e","n/e","n/e","n/e","0","48","82","93"
"BZN|DK2","19.12.2018 22:00 - 19.12.2018 23:00 (CET/CEST)","469","n/e","n/e","107","266","23","n/e","n/e","n/e","n/e","n/e","n/e","n/e","n/e","n/e","n/e","n/e","0","48","51","65"
"BZN|DK2","19.12.2018 23:00 - 20.12.2018 00:00 (CET/CEST)","468","n/e","n/e","107","265","23","n/e","n/e","n/e","n/e","n/e","n/e","n/e","n/e","n/e","n/e","n/e","0","48","53","57"
"BZN|DK2","20.12.2018 00:00 - 20.12.2018 01:00 (CET/CEST)","470","n/e","n/e","105","264","23","n/e","n/e","n/e","n/e","n/e","n/e","n/e","n/e","n/e","n/e","n/e","0","48","43","70"
"BZN|DK2","20.12.2018 01:00 - 20.12.2018 02:00 (CET/CEST)","481","n/e","n/e","105","264","20","n/e","n/e","n/e","n/e","n/e","n/e","n/e","n/e","n/e","n/e","n/e","0","48","37","72"
"BZN|DK2","20.12.2018 02:00 - 20.12.2018 03:00 (CET/CEST)","480","n/e","n/e","105","265","20","n/e","n/e","n/e","n/e","n/e","n/e","n/e","n/e","n/e","n/e","n/e","0","46","39","74"
"BZN|DK2","20.12.2018 03:00 - 20.12.2018 04:00 (CET/CEST)","473","n/e","n/e","105","266","20","n/e","n/e","n/e","n/e","n/e","n/e","n/e","n/e","n/e","n/e","n/e","0","45","53","77"
"BZN|DK2","20.12.2018 04:00 - 20.12.2018 05:00 (CET/CEST)","472","n/e","n/e","106","266","20","n/e","n/e","n/e","n/e","n/e","n/e","n/e","n/e","n/e","n/e","n/e","0","45","70","84"
"BZN|DK2","20.12.2018 05:00 - 20.12.2018 06:00 (CET/CEST)","476","n/e","n/e","106","266","20","n/e","n/e","n/e","n/e","n/e","n/e","n/e","n/e","n/e","n/e","n/e","0","45","56","95"
"BZN|DK2","20.12.2018 06:00 - 20.12.2018 07:00 (CET/CEST)","483","n/e","n/e","113","269","21","n/e","n/e","n/e","n/e","n/e","n/e","n/e","n/e","n/e","n/e","n/e","0","44","30","85"
"BZN|DK2","20.12.2018 07:00 - 20.12.2018 08:00 (CET/CEST)","482","n/e","n/e","144","271","23","n/e","n/e","n/e","n/e","n/e","n/e","n/e","n/e","n/e","n/e","n/e","0","49","39","77"
"BZN|DK2","20.12.2018 08:00 - 20.12.2018 09:00 (CET/CEST)","486","n/e","n/e","186","267","20","n/e","n/e","n/e","n/e","n/e","n/e","n/e","n/e","n/e","n/e","n/e","0","48","43","90"
"BZN|DK2","20.12.2018 09:00 - 20.12.2018 10:00 (CET/CEST)","486","n/e","n/e","187","268","20","n/e","n/e","n/e","n/e","n/e","n/e","n/e","n/e","n/e","n/e","n/e","1","48","40","82"
"BZN|DK2","20.12.2018 10:00 - 20.12.2018 11:00 (CET/CEST)","488","n/e","n/e","189","269","21","n/e","n/e","n/e","n/e","n/e","n/e","n/e","n/e","n/e","n/e","n/e","5","48","43","85"
"BZN|DK2","20.12.2018 11:00 - 20.12.2018 12:00 (CET/CEST)","491","n/e","n/e","201","295","26","n/e","n/e","n/e","n/e","n/e","n/e","n/e","n/e","n/e","n/e","n/e","8","50","57","85"
"BZN|DK2","20.12.2018 12:00 - 20.12.2018 13:00 (CET/CEST)","490","n/e","n/e","180","270","21","n/e","n/e","n/e","n/e","n/e","n/e","n/e","n/e","n/e","n/e","n/e","11","52","43","76"
"BZN|DK2","20.12.2018 13:00 - 20.12.2018 14:00 (CET/CEST)","488","n/e","n/e","179","270","24","n/e","n/e","n/e","n/e","n/e","n/e","n/e","n/e","n/e","n/e","n/e","10","51","43","70"
"BZN|DK2","20.12.2018 14:00 - 20.12.2018 15:00 (CET/CEST)","482","n/e","n/e","172","268","24","n/e","n/e","n/e","n/e","n/e","n/e","n/e","n/e","n/e","n/e","n/e","4","52","45","81"
"BZN|DK2","20.12.2018 15:00 - 20.12.2018 16:00 (CET/CEST)","477","n/e","n/e","176","267","24","n/e","n/e","n/e","n/e","n/e","n/e","n/e","n/e","n/e","n/e","n/e","1","52","40","93"
"BZN|DK2","20.12.2018 16:00 - 20.12.2018 17:00 (CET/CEST)","469","n/e","n/e","181","268","24","n/e","n/e","n/e","n/e","n/e","n/e","n/e","n/e","n/e","n/e","n/e","0","53","40","101"
"BZN|DK2","20.12.2018 17:00 - 20.12.2018 18:00 (CET/CEST)","474","n/e","n/e","173","271","24","n/e","n/e","n/e","n/e","n/e","n/e","n/e","n/e","n/e","n/e","n/e","0","56","51","117"
"BZN|DK2","20.12.2018 18:00 - 20.12.2018 19:00 (CET/CEST)","468","n/e","n/e","120","271","25","n/e","n/e","n/e","n/e","n/e","n/e","n/e","n/e","n/e","n/e","n/e","0","56","58","116"
"BZN|DK2","20.12.2018 19:00 - 20.12.2018 20:00 (CET/CEST)","460","n/e","n/e","110","270","24","n/e","n/e","n/e","n/e","n/e","n/e","n/e","n/e","n/e","n/e","n/e","0","57","53","104"
"BZN|DK2","20.12.2018 20:00 - 20.12.2018 21:00 (CET/CEST)","445","n/e","n/e","109","268","24","n/e","n/e","n/e","n/e","n/e","n/e","n/e","n/e","n/e","n/e","n/e","0","57","70","94"
"BZN|DK2","20.12.2018 21:00 - 20.12.2018 22:00 (CET/CEST)","442","n/e","n/e","109","268","24","n/e","n/e","n/e","n/e","n/e","n/e","n/e","n/e","n/e","n/e","n/e","0","52","60","85"
"BZN|DK2","20.12.2018 22:00 - 20.12.2018 23:00 (CET/CEST)","415","n/e","n/e","108","268","24","n/e","n/e","n/e","n/e","n/e","n/e","n/e","n/e","n/e","n/e","n/e","0","53","61","83"
"BZN|DK2","20.12.2018 23:00 - 21.12.2018 00:00 (CET/CEST)","407","n/e","n/e","107","266","22","n/e","n/e","n/e","n/e","n/e","n/e","n/e","n/e","n/e","n/e","n/e","0","56","71","86"
"BZN|DK2","21.12.2018 00:00 - 21.12.2018 01:00 (CET/CEST)","402","n/e","n/e","106","266","12","n/e","n/e","n/e","n/e","n/e","n/e","n/e","n/e","n/e","n/e","n/e","0","57","91","94"
"BZN|DK2","21.12.2018 01:00 - 21.12.2018 02:00 (CET/CEST)","470","n/e","n/e","105","264","12","n/e","n/e","n/e","n/e","n/e","n/e","n/e","n/e","n/e","n/e","n/e","0","56","99","99"
"BZN|DK2","21.12.2018 02:00 - 21.12.2018 03:00 (CET/CEST)","474","n/e","n/e","104","264","12","n/e","n/e","n/e","n/e","n/e","n/e","n/e","n/e","n/e","n/e","n/e","0","56","124","110"
"BZN|DK2","21.12.2018 03:00 - 21.12.2018 04:00 (CET/CEST)","473","n/e","n/e","104","264","12","n/e","n/e","n/e","n/e","n/e","n/e","n/e","n/e","n/e","n/e","n/e","0","56","124","123"
"BZN|DK2","21.12.2018 04:00 - 21.12.2018 05:00 (CET/CEST)","472","n/e","n/e","104","264","12","n/e","n/e","n/e","n/e","n/e","n/e","n/e","n/e","n/e","n/e","n/e","0","56","151","128"
"BZN|DK2","21.12.2018 05:00 - 21.12.2018 06:00 (CET/CEST)","467","n/e","n/e","103","264","12","n/e","n/e","n/e","n/e","n/e","n/e","n/e","n/e","n/e","n/e","n/e","0","56","113","137"
"BZN|DK2","21.12.2018 06:00 - 21.12.2018 07:00 (CET/CEST)","492","n/e","n/e","107","269","13","n/e","n/e","n/e","n/e","n/e","n/e","n/e","n/e","n/e","n/e","n/e","0","55","174","142"
"BZN|DK2","21.12.2018 07:00 - 21.12.2018 08:00 (CET/CEST)","528","n/e","n/e","127","272","14","n/e","n/e","n/e","n/e","n/e","n/e","n/e","n/e","n/e","n/e","n/e","0","55","165","143"
"BZN|DK2","21.12.2018 08:00 - 21.12.2018 09:00 (CET/CEST)","531","n/e","n/e","167","273","24","n/e","n/e","n/e","n/e","n/e","n/e","n/e","n/e","n/e","n/e","n/e","0","55","140","139"
"BZN|DK2","21.12.2018 09:00 - 21.12.2018 10:00 (CET/CEST)","508","n/e","n/e","170","270","24","n/e","n/e","n/e","n/e","n/e","n/e","n/e","n/e","n/e","n/e","n/e","1","56","161","163"
"BZN|DK2","21.12.2018 10:00 - 21.12.2018 11:00 (CET/CEST)","482","n/e","n/e","172","274","25","n/e","n/e","n/e","n/e","n/e","n/e","n/e","n/e","n/e","n/e","n/e","3","56","167","192"
"BZN|DK2","21.12.2018 11:00 - 21.12.2018 12:00 (CET/CEST)","483","n/e","n/e","171","270","24","n/e","n/e","n/e","n/e","n/e","n/e","n/e","n/e","n/e","n/e","n/e","6","58","174","212"
"BZN|DK2","21.12.2018 12:00 - 21.12.2018 13:00 (CET/CEST)","485","n/e","n/e","173","274","25","n/e","n/e","n/e","n/e","n/e","n/e","n/e","n/e","n/e","n/e","n/e","7","53","217","237"
"BZN|DK2","21.12.2018 13:00 - 21.12.2018 14:00 (CET/CEST)","485","n/e","n/e","172","272","25","n/e","n/e","n/e","n/e","n/e","n/e","n/e","n/e","n/e","n/e","n/e","5","58","225","247"
"BZN|DK2","21.12.2018 14:00 - 21.12.2018 15:00 (CET/CEST)","467","n/e","n/e","171","270","24","n/e","n/e","n/e","n/e","n/e","n/e","n/e","n/e","n/e","n/e","n/e","2","58","271","276"
"BZN|DK2","21.12.2018 15:00 - 21.12.2018 16:00 (CET/CEST)","475","n/e","n/e","171","270","24","n/e","n/e","n/e","n/e","n/e","n/e","n/e","n/e","n/e","n/e","n/e","0","57","312","344"
"BZN|DK2","21.12.2018 16:00 - 21.12.2018 17:00 (CET/CEST)","472","n/e","n/e","171","270","24","n/e","n/e","n/e","n/e","n/e","n/e","n/e","n/e","n/e","n/e","n/e","0","57","310","395"
"BZN|DK2","21.12.2018 17:00 - 21.12.2018 18:00 (CET/CEST)","479","n/e","n/e","119","272","25","n/e","n/e","n/e","n/e","n/e","n/e","n/e","n/e","n/e","n/e","n/e","0","58","318","387"
"BZN|DK2","21.12.2018 18:00 - 21.12.2018 19:00 (CET/CEST)","475","n/e","n/e","110","271","25","n/e","n/e","n/e","n/e","n/e","n/e","n/e","n/e","n/e","n/e","n/e","0","58","325","385"
"BZN|DK2","21.12.2018 19:00 - 21.12.2018 20:00 (CET/CEST)","460","n/e","n/e","110","269","24","n/e","n/e","n/e","n/e","n/e","n/e","n/e","n/e","n/e","n/e","n/e","0","57","298","422"
"BZN|DK2","21.12.2018 20:00 - 21.12.2018 21:00 (CET/CEST)","459","n/e","n/e","106","269","24","n/e","n/e","n/e","n/e","n/e","n/e","n/e","n/e","n/e","n/e","n/e","0","58","282","439"
"BZN|DK2","21.12.2018 21:00 - 21.12.2018 22:00 (CET/CEST)","431","n/e","n/e","99","267","24","n/e","n/e","n/e","n/e","n/e","n/e","n/e","n/e","n/e","n/e","n/e","0","57","269","396"
"BZN|DK2","21.12.2018 22:00 - 21.12.2018 23:00 (CET/CEST)","424","n/e","n/e","99","266","23","n/e","n/e","n/e","n/e","n/e","n/e","n/e","n/e","n/e","n/e","n/e","0","58","131","358"
"BZN|DK2","21.12.2018 23:00 - 22.12.2018 00:00 (CET/CEST)","420","n/e","n/e","98","264","22","n/e","n/e","n/e","n/e","n/e","n/e","n/e","n/e","n/e","n/e","n/e","0","57","23","363"
"BZN|DK2","22.12.2018 00:00 - 22.12.2018 01:00 (CET/CEST)","423","n/e","n/e","95","264","14","n/e","n/e","n/e","n/e","n/e","n/e","n/e","n/e","n/e","n/e","n/e","0","57","32","330"
"BZN|DK2","22.12.2018 01:00 - 22.12.2018 02:00 (CET/CEST)","411","n/e","n/e","91","264","12","n/e","n/e","n/e","n/e","n/e","n/e","n/e","n/e","n/e","n/e","n/e","0","57","58","342"
"BZN|DK2","22.12.2018 02:00 - 22.12.2018 03:00 (CET/CEST)","399","n/e","n/e","89","264","12","n/e","n/e","n/e","n/e","n/e","n/e","n/e","n/e","n/e","n/e","n/e","0","57","125","274"
"BZN|DK2","22.12.2018 03:00 - 22.12.2018 04:00 (CET/CEST)","421","n/e","n/e","88","264","12","n/e","n/e","n/e","n/e","n/e","n/e","n/e","n/e","n/e","n/e","n/e","0","58","121","235"
"BZN|DK2","22.12.2018 04:00 - 22.12.2018 05:00 (CET/CEST)","435","n/e","n/e","87","264","12","n/e","n/e","n/e","n/e","n/e","n/e","n/e","n/e","n/e","n/e","n/e","0","56","118","157"
"BZN|DK2","22.12.2018 05:00 - 22.12.2018 06:00 (CET/CEST)","436","n/e","n/e","87","266","12","n/e","n/e","n/e","n/e","n/e","n/e","n/e","n/e","n/e","n/e","n/e","0","54","85","119"
"BZN|DK2","22.12.2018 06:00 - 22.12.2018 07:00 (CET/CEST)","450","n/e","n/e","88","266","12","n/e","n/e","n/e","n/e","n/e","n/e","n/e","n/e","n/e","n/e","n/e","0","55","80","114"
"BZN|DK2","22.12.2018 07:00 - 22.12.2018 08:00 (CET/CEST)","449","n/e","n/e","88","266","17","n/e","n/e","n/e","n/e","n/e","n/e","n/e","n/e","n/e","n/e","n/e","0","56","49","100"
"BZN|DK2","22.12.2018 08:00 - 22.12.2018 09:00 (CET/CEST)","452","n/e","n/e","87","266","24","n/e","n/e","n/e","n/e","n/e","n/e","n/e","n/e","n/e","n/e","n/e","0","56","34","72"
"BZN|DK2","22.12.2018 09:00 - 22.12.2018 10:00 (CET/CEST)","478","n/e","n/e","120","267","24","n/e","n/e","n/e","n/e","n/e","n/e","n/e","n/e","n/e","n/e","n/e","4","57","13","48"
"BZN|DK2","22.12.2018 10:00 - 22.12.2018 11:00 (CET/CEST)","466","n/e","n/e","166","267","24","n/e","n/e","n/e","n/e","n/e","n/e","n/e","n/e","n/e","n/e","n/e","10","57","0","33"
"BZN|DK2","22.12.2018 11:00 - 22.12.2018 12:00 (CET/CEST)","480","n/e","n/e","185","267","24","n/e","n/e","n/e","n/e","n/e","n/e","n/e","n/e","n/e","n/e","n/e","11","56","0","22"
"BZN|DK2","22.12.2018 12:00 - 22.12.2018 13:00 (CET/CEST)","464","n/e","n/e","202","267","24","n/e","n/e","n/e","n/e","n/e","n/e","n/e","n/e","n/e","n/e","n/e","13","57","0","13"
"BZN|DK2","22.12.2018 13:00 - 22.12.2018 14:00 (CET/CEST)","445","n/e","n/e","204","267","24","n/e","n/e","n/e","n/e","n/e","n/e","n/e","n/e","n/e","n/e","n/e","11","56","0","11"
"BZN|DK2","22.12.2018 14:00 - 22.12.2018 15:00 (CET/CEST)","466","n/e","n/e","189","269","24","n/e","n/e","n/e","n/e","n/e","n/e","n/e","n/e","n/e","n/e","n/e","3","57","0","10"
"BZN|DK2","22.12.2018 15:00 - 22.12.2018 16:00 (CET/CEST)","478","n/e","n/e","170","269","24","n/e","n/e","n/e","n/e","n/e","n/e","n/e","n/e","n/e","n/e","n/e","0","57","0","7"
"BZN|DK2","22.12.2018 16:00 - 22.12.2018 17:00 (CET/CEST)","487","n/e","n/e","170","268","24","n/e","n/e","n/e","n/e","n/e","n/e","n/e","n/e","n/e","n/e","n/e","0","57","0","6"
"BZN|DK2","22.12.2018 17:00 - 22.12.2018 18:00 (CET/CEST)","488","n/e","n/e","167","271","24","n/e","n/e","n/e","n/e","n/e","n/e","n/e","n/e","n/e","n/e","n/e","0","50","0","6"
"BZN|DK2","22.12.2018 18:00 - 22.12.2018 19:00 (CET/CEST)","482","n/e","n/e","161","271","24","n/e","n/e","n/e","n/e","n/e","n/e","n/e","n/e","n/e","n/e","n/e","0","49","0","7"
"BZN|DK2","22.12.2018 19:00 - 22.12.2018 20:00 (CET/CEST)","484","n/e","n/e","161","272","25","n/e","n/e","n/e","n/e","n/e","n/e","n/e","n/e","n/e","n/e","n/e","0","49","0","7"
"BZN|DK2","22.12.2018 20:00 - 22.12.2018 21:00 (CET/CEST)","486","n/e","n/e","107","269","24","n/e","n/e","n/e","n/e","n/e","n/e","n/e","n/e","n/e","n/e","n/e","0","47","0","7"
"BZN|DK2","22.12.2018 21:00 - 22.12.2018 22:00 (CET/CEST)","491","n/e","n/e","91","265","23","n/e","n/e","n/e","n/e","n/e","n/e","n/e","n/e","n/e","n/e","n/e","0","49","0","5"
"BZN|DK2","22.12.2018 22:00 - 22.12.2018 23:00 (CET/CEST)","499","n/e","n/e","81","267","24","n/e","n/e","n/e","n/e","n/e","n/e","n/e","n/e","n/e","n/e","n/e","0","48","0","5"
"BZN|DK2","22.12.2018 23:00 - 23.12.2018 00:00 (CET/CEST)","502","n/e","n/e","73","267","24","n/e","n/e","n/e","n/e","n/e","n/e","n/e","n/e","n/e","n/e","n/e","0","49","0","7"
"BZN|DK2","23.12.2018 00:00 - 23.12.2018 01:00 (CET/CEST)","505","n/e","n/e","71","264","21","n/e","n/e","n/e","n/e","n/e","n/e","n/e","n/e","n/e","n/e","n/e","0","49","6","13"
"BZN|DK2","23.12.2018 01:00 - 23.12.2018 02:00 (CET/CEST)","501","n/e","n/e","71","265","12","n/e","n/e","n/e","n/e","n/e","n/e","n/e","n/e","n/e","n/e","n/e","0","50","13","24"
"BZN|DK2","23.12.2018 02:00 - 23.12.2018 03:00 (CET/CEST)","509","n/e","n/e","71","264","12","n/e","n/e","n/e","n/e","n/e","n/e","n/e","n/e","n/e","n/e","n/e","0","50","35","39"
"BZN|DK2","23.12.2018 03:00 - 23.12.2018 04:00 (CET/CEST)","477","n/e","n/e","71","264","12","n/e","n/e","n/e","n/e","n/e","n/e","n/e","n/e","n/e","n/e","n/e","0","46","69","54"
"BZN|DK2","23.12.2018 04:00 - 23.12.2018 05:00 (CET/CEST)","474","n/e","n/e","71","264","12","n/e","n/e","n/e","n/e","n/e","n/e","n/e","n/e","n/e","n/e","n/e","0","47","115","79"
"BZN|DK2","23.12.2018 05:00 - 23.12.2018 06:00 (CET/CEST)","471","n/e","n/e","72","266","12","n/e","n/e","n/e","n/e","n/e","n/e","n/e","n/e","n/e","n/e","n/e","0","47","148","120"
"BZN|DK2","23.12.2018 06:00 - 23.12.2018 07:00 (CET/CEST)","508","n/e","n/e","73","267","13","n/e","n/e","n/e","n/e","n/e","n/e","n/e","n/e","n/e","n/e","n/e","0","47","218","173"
"BZN|DK2","23.12.2018 07:00 - 23.12.2018 08:00 (CET/CEST)","507","n/e","n/e","73","267","16","n/e","n/e","n/e","n/e","n/e","n/e","n/e","n/e","n/e","n/e","n/e","0","48","312","224"
"BZN|DK2","23.12.2018 08:00 - 23.12.2018 09:00 (CET/CEST)","505","n/e","n/e","82","264","23","n/e","n/e","n/e","n/e","n/e","n/e","n/e","n/e","n/e","n/e","n/e","0","47","338","256"
"BZN|DK2","23.12.2018 09:00 - 23.12.2018 10:00 (CET/CEST)","504","n/e","n/e","125","267","24","n/e","n/e","n/e","n/e","n/e","n/e","n/e","n/e","n/e","n/e","n/e","1","47","293","225"
"BZN|DK2","23.12.2018 10:00 - 23.12.2018 11:00 (CET/CEST)","496","n/e","n/e","133","267","24","n/e","n/e","n/e","n/e","n/e","n/e","n/e","n/e","n/e","n/e","n/e","5","49","264","154"
"BZN|DK2","23.12.2018 11:00 - 23.12.2018 12:00 (CET/CEST)","499","n/e","n/e","132","264","23","n/e","n/e","n/e","n/e","n/e","n/e","n/e","n/e","n/e","n/e","n/e","6","49","192","73"
"BZN|DK2","23.12.2018 12:00 - 23.12.2018 13:00 (CET/CEST)","471","n/e","n/e","132","264","23","n/e","n/e","n/e","n/e","n/e","n/e","n/e","n/e","n/e","n/e","n/e","6","47","128","32"
"BZN|DK2","23.12.2018 13:00 - 23.12.2018 14:00 (CET/CEST)","450","n/e","n/e","131","262","23","n/e","n/e","n/e","n/e","n/e","n/e","n/e","n/e","n/e","n/e","n/e","5","46","58","22"
"BZN|DK2","23.12.2018 14:00 - 23.12.2018 15:00 (CET/CEST)","453","n/e","n/e","132","264","23","n/e","n/e","n/e","n/e","n/e","n/e","n/e","n/e","n/e","n/e","n/e","3","48","6","22"
"BZN|DK2","23.12.2018 15:00 - 23.12.2018 16:00 (CET/CEST)","457","n/e","n/e","132","264","23","n/e","n/e","n/e","n/e","n/e","n/e","n/e","n/e","n/e","n/e","n/e","0","50","1","28"
"BZN|DK2","23.12.2018 16:00 - 23.12.2018 17:00 (CET/CEST)","461","n/e","n/e","132","264","23","n/e","n/e","n/e","n/e","n/e","n/e","n/e","n/e","n/e","n/e","n/e","0","51","11","38"
"BZN|DK2","23.12.2018 17:00 - 23.12.2018 18:00 (CET/CEST)","466","n/e","n/e","134","266","23","n/e","n/e","n/e","n/e","n/e","n/e","n/e","n/e","n/e","n/e","n/e","0","51","24","52"
"BZN|DK2","23.12.2018 18:00 - 23.12.2018 19:00 (CET/CEST)","459","n/e","n/e","134","266","23","n/e","n/e","n/e","n/e","n/e","n/e","n/e","n/e","n/e","n/e","n/e","0","52","45","71"
"BZN|DK2","23.12.2018 19:00 - 23.12.2018 20:00 (CET/CEST)","457","n/e","n/e","134","266","24","n/e","n/e","n/e","n/e","n/e","n/e","n/e","n/e","n/e","n/e","n/e","0","51","62","82"
"BZN|DK2","23.12.2018 20:00 - 23.12.2018 21:00 (CET/CEST)","480","n/e","n/e","133","265","23","n/e","n/e","n/e","n/e","n/e","n/e","n/e","n/e","n/e","n/e","n/e","0","51","77","105"
"BZN|DK2","23.12.2018 21:00 - 23.12.2018 22:00 (CET/CEST)","492","n/e","n/e","79","261","23","n/e","n/e","n/e","n/e","n/e","n/e","n/e","n/e","n/e","n/e","n/e","0","51","115","110"
"BZN|DK2","23.12.2018 22:00 - 23.12.2018 23:00 (CET/CEST)","506","n/e","n/e","70","261","23","n/e","n/e","n/e","n/e","n/e","n/e","n/e","n/e","n/e","n/e","n/e","0","51","119","96"
"BZN|DK2","23.12.2018 23:00 - 24.12.2018 00:00 (CET/CEST)","501","n/e","n/e","78","261","23","n/e","n/e","n/e","n/e","n/e","n/e","n/e","n/e","n/e","n/e","n/e","0","51","120","103"
"BZN|DK2","24.12.2018 00:00 - 24.12.2018 01:00 (CET/CEST)","510","n/e","n/e","87","261","20","n/e","n/e","n/e","n/e","n/e","n/e","n/e","n/e","n/e","n/e","n/e","0","53","141","137"
"BZN|DK2","24.12.2018 01:00 - 24.12.2018 02:00 (CET/CEST)","514","n/e","n/e","91","261","19","n/e","n/e","n/e","n/e","n/e","n/e","n/e","n/e","n/e","n/e","n/e","0","53","158","102"
"BZN|DK2","24.12.2018 02:00 - 24.12.2018 03:00 (CET/CEST)","523","n/e","n/e","89","259","19","n/e","n/e","n/e","n/e","n/e","n/e","n/e","n/e","n/e","n/e","n/e","0","53","98","59"
"BZN|DK2","24.12.2018 03:00 - 24.12.2018 04:00 (CET/CEST)","524","n/e","n/e","90","259","19","n/e","n/e","n/e","n/e","n/e","n/e","n/e","n/e","n/e","n/e","n/e","0","53","65","60"
"BZN|DK2","24.12.2018 04:00 - 24.12.2018 05:00 (CET/CEST)","522","n/e","n/e","90","259","19","n/e","n/e","n/e","n/e","n/e","n/e","n/e","n/e","n/e","n/e","n/e","0","53","81","75"
"BZN|DK2","24.12.2018 05:00 - 24.12.2018 06:00 (CET/CEST)","524","n/e","n/e","91","261","19","n/e","n/e","n/e","n/e","n/e","n/e","n/e","n/e","n/e","n/e","n/e","0","53","48","104"
"BZN|DK2","24.12.2018 06:00 - 24.12.2018 07:00 (CET/CEST)","524","n/e","n/e","106","262","19","n/e","n/e","n/e","n/e","n/e","n/e","n/e","n/e","n/e","n/e","n/e","0","53","76","114"
"BZN|DK2","24.12.2018 07:00 - 24.12.2018 08:00 (CET/CEST)","528","n/e","n/e","96","262","23","n/e","n/e","n/e","n/e","n/e","n/e","n/e","n/e","n/e","n/e","n/e","0","53","49","129"
"BZN|DK2","24.12.2018 08:00 - 24.12.2018 09:00 (CET/CEST)","533","n/e","n/e","137","262","24","n/e","n/e","n/e","n/e","n/e","n/e","n/e","n/e","n/e","n/e","n/e","0","53","50","116"
"BZN|DK2","24.12.2018 09:00 - 24.12.2018 10:00 (CET/CEST)","524","n/e","n/e","153","262","24","n/e","n/e","n/e","n/e","n/e","n/e","n/e","n/e","n/e","n/e","n/e","7","53","76","141"
"BZN|DK2","24.12.2018 10:00 - 24.12.2018 11:00 (CET/CEST)","521","n/e","n/e","153","263","24","n/e","n/e","n/e","n/e","n/e","n/e","n/e","n/e","n/e","n/e","n/e","20","52","121","100"
"BZN|DK2","24.12.2018 11:00 - 24.12.2018 12:00 (CET/CEST)","526","n/e","n/e","154","263","24","n/e","n/e","n/e","n/e","n/e","n/e","n/e","n/e","n/e","n/e","n/e","28","53","105","70"
"BZN|DK2","24.12.2018 12:00 - 24.12.2018 13:00 (CET/CEST)","528","n/e","n/e","178","265","24","n/e","n/e","n/e","n/e","n/e","n/e","n/e","n/e","n/e","n/e","n/e","26","52","54","109"
"BZN|DK2","24.12.2018 13:00 - 24.12.2018 14:00 (CET/CEST)","520","n/e","n/e","182","266","23","n/e","n/e","n/e","n/e","n/e","n/e","n/e","n/e","n/e","n/e","n/e","14","53","188","197"
"BZN|DK2","24.12.2018 14:00 - 24.12.2018 15:00 (CET/CEST)","514","n/e","n/e","156","266","23","n/e","n/e","n/e","n/e","n/e","n/e","n/e","n/e","n/e","n/e","n/e","7","53","258","225"
"BZN|DK2","24.12.2018 15:00 - 24.12.2018 16:00 (CET/CEST)","543","n/e","n/e","155","266","23","n/e","n/e","n/e","n/e","n/e","n/e","n/e","n/e","n/e","n/e","n/e","1","52","281","259"
"BZN|DK2","24.12.2018 16:00 - 24.12.2018 17:00 (CET/CEST)","539","n/e","n/e","156","266","23","n/e","n/e","n/e","n/e","n/e","n/e","n/e","n/e","n/e","n/e","n/e","0","51","289","233"
"BZN|DK2","24.12.2018 17:00 - 24.12.2018 18:00 (CET/CEST)","539","n/e","n/e","153","266","24","n/e","n/e","n/e","n/e","n/e","n/e","n/e","n/e","n/e","n/e","n/e","0","50","281","207"
"BZN|DK2","24.12.2018 18:00 - 24.12.2018 19:00 (CET/CEST)","536","n/e","n/e","150","266","25","n/e","n/e","n/e","n/e","n/e","n/e","n/e","n/e","n/e","n/e","n/e","0","51","213","199"
"BZN|DK2","24.12.2018 19:00 - 24.12.2018 20:00 (CET/CEST)","537","n/e","n/e","93","266","24","n/e","n/e","n/e","n/e","n/e","n/e","n/e","n/e","n/e","n/e","n/e","0","50","204","174"
"BZN|DK2","24.12.2018 20:00 - 24.12.2018 21:00 (CET/CEST)","544","n/e","n/e","87","266","24","n/e","n/e","n/e","n/e","n/e","n/e","n/e","n/e","n/e","n/e","n/e","0","50","126","199"
"BZN|DK2","24.12.2018 21:00 - 24.12.2018 22:00 (CET/CEST)","535","n/e","n/e","85","267","23","n/e","n/e","n/e","n/e","n/e","n/e","n/e","n/e","n/e","n/e","n/e","0","51","217","278"
"BZN|DK2","24.12.2018 22:00 - 24.12.2018 23:00 (CET/CEST)","517","n/e","n/e","79","266","23","n/e","n/e","n/e","n/e","n/e","n/e","n/e","n/e","n/e","n/e","n/e","0","52","304","331"
"BZN|DK2","24.12.2018 23:00 - 25.12.2018 00:00 (CET/CEST)","458","n/e","n/e","74","264","22","n/e","n/e","n/e","n/e","n/e","n/e","n/e","n/e","n/e","n/e","n/e","0","53","347","382"
"BZN|DK2","25.12.2018 00:00 - 25.12.2018 01:00 (CET/CEST)","424","n/e","n/e","72","264","22","n/e","n/e","n/e","n/e","n/e","n/e","n/e","n/e","n/e","n/e","n/e","0","48","347","402"
"BZN|DK2","25.12.2018 01:00 - 25.12.2018 02:00 (CET/CEST)","424","n/e","n/e","68","256","14","n/e","n/e","n/e","n/e","n/e","n/e","n/e","n/e","n/e","n/e","n/e","0","46","335","410"
"BZN|DK2","25.12.2018 02:00 - 25.12.2018 03:00 (CET/CEST)","376","n/e","n/e","61","244","8","n/e","n/e","n/e","n/e","n/e","n/e","n/e","n/e","n/e","n/e","n/e","0","47","327","445"
"BZN|DK2","25.12.2018 03:00 - 25.12.2018 04:00 (CET/CEST)","375","n/e","n/e","61","243","8","n/e","n/e","n/e","n/e","n/e","n/e","n/e","n/e","n/e","n/e","n/e","0","47","347","430"
"BZN|DK2","25.12.2018 04:00 - 25.12.2018 05:00 (CET/CEST)","423","n/e","n/e","59","244","8","n/e","n/e","n/e","n/e","n/e","n/e","n/e","n/e","n/e","n/e","n/e","0","46","323","418"
"BZN|DK2","25.12.2018 05:00 - 25.12.2018 06:00 (CET/CEST)","385","n/e","n/e","59","246","9","n/e","n/e","n/e","n/e","n/e","n/e","n/e","n/e","n/e","n/e","n/e","0","49","345","462"
"BZN|DK2","25.12.2018 06:00 - 25.12.2018 07:00 (CET/CEST)","367","n/e","n/e","60","246","9","n/e","n/e","n/e","n/e","n/e","n/e","n/e","n/e","n/e","n/e","n/e","0","55","356","513"
"BZN|DK2","25.12.2018 07:00 - 25.12.2018 08:00 (CET/CEST)","403","n/e","n/e","60","246","11","n/e","n/e","n/e","n/e","n/e","n/e","n/e","n/e","n/e","n/e","n/e","0","55","357","515"
"BZN|DK2","25.12.2018 08:00 - 25.12.2018 09:00 (CET/CEST)","480","n/e","n/e","61","246","19","n/e","n/e","n/e","n/e","n/e","n/e","n/e","n/e","n/e","n/e","n/e","0","55","349","493"
"BZN|DK2","25.12.2018 09:00 - 25.12.2018 10:00 (CET/CEST)","506","n/e","n/e","74","265","23","n/e","n/e","n/e","n/e","n/e","n/e","n/e","n/e","n/e","n/e","n/e","13","55","338","487"
"BZN|DK2","25.12.2018 10:00 - 25.12.2018 11:00 (CET/CEST)","458","n/e","n/e","75","266","24","n/e","n/e","n/e","n/e","n/e","n/e","n/e","n/e","n/e","n/e","n/e","23","57","349","482"
"BZN|DK2","25.12.2018 11:00 - 25.12.2018 12:00 (CET/CEST)","450","n/e","n/e","118","267","24","n/e","n/e","n/e","n/e","n/e","n/e","n/e","n/e","n/e","n/e","n/e","24","56","348","461"
"BZN|DK2","25.12.2018 12:00 - 25.12.2018 13:00 (CET/CEST)","446","n/e","n/e","130","256","19","n/e","n/e","n/e","n/e","n/e","n/e","n/e","n/e","n/e","n/e","n/e","31","56","324","436"
"BZN|DK2","25.12.2018 13:00 - 25.12.2018 14:00 (CET/CEST)","441","n/e","n/e","125","246","16","n/e","n/e","n/e","n/e","n/e","n/e","n/e","n/e","n/e","n/e","n/e","31","55","308","459"
"BZN|DK2","25.12.2018 14:00 - 25.12.2018 15:00 (CET/CEST)","439","n/e","n/e","124","245","16","n/e","n/e","n/e","n/e","n/e","n/e","n/e","n/e","n/e","n/e","n/e","18","55","327","440"
"BZN|DK2","25.12.2018 15:00 - 25.12.2018 16:00 (CET/CEST)","445","n/e","n/e","131","257","19","n/e","n/e","n/e","n/e","n/e","n/e","n/e","n/e","n/e","n/e","n/e","3","56","307","455"
"BZN|DK2","25.12.2018 16:00 - 25.12.2018 17:00 (CET/CEST)","477","n/e","n/e","137","265","23","n/e","n/e","n/e","n/e","n/e","n/e","n/e","n/e","n/e","n/e","n/e","0","56","345","493"
"BZN|DK2","25.12.2018 17:00 - 25.12.2018 18:00 (CET/CEST)","507","n/e","n/e","137","265","23","n/e","n/e","n/e","n/e","n/e","n/e","n/e","n/e","n/e","n/e","n/e","0","56","366","504"
"BZN|DK2","25.12.2018 18:00 - 25.12.2018 19:00 (CET/CEST)","515","n/e","n/e","137","265","23","n/e","n/e","n/e","n/e","n/e","n/e","n/e","n/e","n/e","n/e","n/e","0","57","370","504"
"BZN|DK2","25.12.2018 19:00 - 25.12.2018 20:00 (CET/CEST)","494","n/e","n/e","96","265","22","n/e","n/e","n/e","n/e","n/e","n/e","n/e","n/e","n/e","n/e","n/e","0","56","364","512"
"BZN|DK2","25.12.2018 20:00 - 25.12.2018 21:00 (CET/CEST)","444","n/e","n/e","76","265","23","n/e","n/e","n/e","n/e","n/e","n/e","n/e","n/e","n/e","n/e","n/e","0","56","361","528"
"BZN|DK2","25.12.2018 21:00 - 25.12.2018 22:00 (CET/CEST)","446","n/e","n/e","76","265","23","n/e","n/e","n/e","n/e","n/e","n/e","n/e","n/e","n/e","n/e","n/e","0","56","346","519"
"BZN|DK2","25.12.2018 22:00 - 25.12.2018 23:00 (CET/CEST)","421","n/e","n/e","74","263","23","n/e","n/e","n/e","n/e","n/e","n/e","n/e","n/e","n/e","n/e","n/e","0","55","351","524"
"BZN|DK2","25.12.2018 23:00 - 26.12.2018 00:00 (CET/CEST)","387","n/e","n/e","75","265","23","n/e","n/e","n/e","n/e","n/e","n/e","n/e","n/e","n/e","n/e","n/e","0","55","363","529"
"BZN|DK2","26.12.2018 00:00 - 26.12.2018 01:00 (CET/CEST)","358","n/e","n/e","74","263","20","n/e","n/e","n/e","n/e","n/e","n/e","n/e","n/e","n/e","n/e","n/e","0","55","368","481"
"BZN|DK2","26.12.2018 01:00 - 26.12.2018 02:00 (CET/CEST)","313","n/e","n/e","72","262","19","n/e","n/e","n/e","n/e","n/e","n/e","n/e","n/e","n/e","n/e","n/e","0","56","366","452"
"BZN|DK2","26.12.2018 02:00 - 26.12.2018 03:00 (CET/CEST)","316","n/e","n/e","72","262","19","n/e","n/e","n/e","n/e","n/e","n/e","n/e","n/e","n/e","n/e","n/e","0","55","263","361"
"BZN|DK2","26.12.2018 03:00 - 26.12.2018 04:00 (CET/CEST)","299","n/e","n/e","72","262","19","n/e","n/e","n/e","n/e","n/e","n/e","n/e","n/e","n/e","n/e","n/e","0","55","232","310"
"BZN|DK2","26.12.2018 04:00 - 26.12.2018 05:00 (CET/CEST)","313","n/e","n/e","72","262","19","n/e","n/e","n/e","n/e","n/e","n/e","n/e","n/e","n/e","n/e","n/e","0","54","196","284"
"BZN|DK2","26.12.2018 05:00 - 26.12.2018 06:00 (CET/CEST)","314","n/e","n/e","72","263","19","n/e","n/e","n/e","n/e","n/e","n/e","n/e","n/e","n/e","n/e","n/e","0","55","328","242"
"BZN|DK2","26.12.2018 06:00 - 26.12.2018 07:00 (CET/CEST)","365","n/e","n/e","74","266","20","n/e","n/e","n/e","n/e","n/e","n/e","n/e","n/e","n/e","n/e","n/e","0","53","305","211"
"BZN|DK2","26.12.2018 07:00 - 26.12.2018 08:00 (CET/CEST)","455","n/e","n/e","74","264","20","n/e","n/e","n/e","n/e","n/e","n/e","n/e","n/e","n/e","n/e","n/e","0","55","179","166"
"BZN|DK2","26.12.2018 08:00 - 26.12.2018 09:00 (CET/CEST)","461","n/e","n/e","74","265","21","n/e","n/e","n/e","n/e","n/e","n/e","n/e","n/e","n/e","n/e","n/e","0","54","153","156"
"BZN|DK2","26.12.2018 09:00 - 26.12.2018 10:00 (CET/CEST)","477","n/e","n/e","100","266","22","n/e","n/e","n/e","n/e","n/e","n/e","n/e","n/e","n/e","n/e","n/e","11","53","160","165"
"BZN|DK2","26.12.2018 10:00 - 26.12.2018 11:00 (CET/CEST)","450","n/e","n/e","131","266","22","n/e","n/e","n/e","n/e","n/e","n/e","n/e","n/e","n/e","n/e","n/e","37","53","168","151"
"BZN|DK2","26.12.2018 11:00 - 26.12.2018 12:00 (CET/CEST)","465","n/e","n/e","135","265","22","n/e","n/e","n/e","n/e","n/e","n/e","n/e","n/e","n/e","n/e","n/e","52","54","182","164"
"BZN|DK2","26.12.2018 12:00 - 26.12.2018 13:00 (CET/CEST)","450","n/e","n/e","136","265","22","n/e","n/e","n/e","n/e","n/e","n/e","n/e","n/e","n/e","n/e","n/e","47","55","174","177"
"BZN|DK2","26.12.2018 13:00 - 26.12.2018 14:00 (CET/CEST)","480","n/e","n/e","130","265","22","n/e","n/e","n/e","n/e","n/e","n/e","n/e","n/e","n/e","n/e","n/e","27","55","221","220"
"BZN|DK2","26.12.2018 14:00 - 26.12.2018 15:00 (CET/CEST)","454","n/e","n/e","118","265","22","n/e","n/e","n/e","n/e","n/e","n/e","n/e","n/e","n/e","n/e","n/e","9","55","249","231"
"BZN|DK2","26.12.2018 15:00 - 26.12.2018 16:00 (CET/CEST)","430","n/e","n/e","118","265","22","n/e","n/e","n/e","n/e","n/e","n/e","n/e","n/e","n/e","n/e","n/e","1","55","222","213"
"BZN|DK2","26.12.2018 16:00 - 26.12.2018 17:00 (CET/CEST)","423","n/e","n/e","118","265","22","n/e","n/e","n/e","n/e","n/e","n/e","n/e","n/e","n/e","n/e","n/e","0","55","142","236"
"BZN|DK2","26.12.2018 17:00 - 26.12.2018 18:00 (CET/CEST)","457","n/e","n/e","119","266","23","n/e","n/e","n/e","n/e","n/e","n/e","n/e","n/e","n/e","n/e","n/e","0","52","269","244"
"BZN|DK2","26.12.2018 18:00 - 26.12.2018 19:00 (CET/CEST)","450","n/e","n/e","65","267","23","n/e","n/e","n/e","n/e","n/e","n/e","n/e","n/e","n/e","n/e","n/e","0","51","270","245"
"BZN|DK2","26.12.2018 19:00 - 26.12.2018 20:00 (CET/CEST)","446","n/e","n/e","59","268","21","n/e","n/e","n/e","n/e","n/e","n/e","n/e","n/e","n/e","n/e","n/e","0","51","304","281"
"BZN|DK2","26.12.2018 20:00 - 26.12.2018 21:00 (CET/CEST)","434","n/e","n/e","59","268","20","n/e","n/e","n/e","n/e","n/e","n/e","n/e","n/e","n/e","n/e","n/e","0","51","306","325"
"BZN|DK2","26.12.2018 21:00 - 26.12.2018 22:00 (CET/CEST)","310","n/e","n/e","59","268","20","n/e","n/e","n/e","n/e","n/e","n/e","n/e","n/e","n/e","n/e","n/e","0","51","311","352"
"BZN|DK2","26.12.2018 22:00 - 26.12.2018 23:00 (CET/CEST)","282","n/e","n/e","59","267","20","n/e","n/e","n/e","n/e","n/e","n/e","n/e","n/e","n/e","n/e","n/e","0","51","339","368"
"BZN|DK2","26.12.2018 23:00 - 27.12.2018 00:00 (CET/CEST)","288","n/e","n/e","59","268","18","n/e","n/e","n/e","n/e","n/e","n/e","n/e","n/e","n/e","n/e","n/e","0","51","357","379"
"BZN|DK2","27.12.2018 00:00 - 27.12.2018 01:00 (CET/CEST)","272","n/e","n/e","58","266","13","n/e","n/e","n/e","n/e","n/e","n/e","n/e","n/e","n/e","n/e","n/e","0","49","357","400"
"BZN|DK2","27.12.2018 01:00 - 27.12.2018 02:00 (CET/CEST)","275","n/e","n/e","57","265","12","n/e","n/e","n/e","n/e","n/e","n/e","n/e","n/e","n/e","n/e","n/e","0","51","357","396"
"BZN|DK2","27.12.2018 02:00 - 27.12.2018 03:00 (CET/CEST)","281","n/e","n/e","57","265","12","n/e","n/e","n/e","n/e","n/e","n/e","n/e","n/e","n/e","n/e","n/e","0","51","350","421"
"BZN|DK2","27.12.2018 03:00 - 27.12.2018 04:00 (CET/CEST)","276","n/e","n/e","58","266","12","n/e","n/e","n/e","n/e","n/e","n/e","n/e","n/e","n/e","n/e","n/e","0","50","355","396"
"BZN|DK2","27.12.2018 04:00 - 27.12.2018 05:00 (CET/CEST)","278","n/e","n/e","59","267","13","n/e","n/e","n/e","n/e","n/e","n/e","n/e","n/e","n/e","n/e","n/e","0","48","340","370"
"BZN|DK2","27.12.2018 05:00 - 27.12.2018 06:00 (CET/CEST)","275","n/e","n/e","59","268","13","n/e","n/e","n/e","n/e","n/e","n/e","n/e","n/e","n/e","n/e","n/e","0","46","339","365"
"BZN|DK2","27.12.2018 06:00 - 27.12.2018 07:00 (CET/CEST)","280","n/e","n/e","61","270","13","n/e","n/e","n/e","n/e","n/e","n/e","n/e","n/e","n/e","n/e","n/e","0","45","335","383"
"BZN|DK2","27.12.2018 07:00 - 27.12.2018 08:00 (CET/CEST)","283","n/e","n/e","61","270","13","n/e","n/e","n/e","n/e","n/e","n/e","n/e","n/e","n/e","n/e","n/e","0","45","328","383"
"BZN|DK2","27.12.2018 08:00 - 27.12.2018 09:00 (CET/CEST)","285","n/e","n/e","107","271","17","n/e","n/e","n/e","n/e","n/e","n/e","n/e","n/e","n/e","n/e","n/e","0","44","326","368"
"BZN|DK2","27.12.2018 09:00 - 27.12.2018 10:00 (CET/CEST)","270","n/e","n/e","123","271","82","n/e","n/e","n/e","n/e","n/e","n/e","n/e","n/e","n/e","n/e","n/e","1","43","315","363"
"BZN|DK2","27.12.2018 10:00 - 27.12.2018 11:00 (CET/CEST)","268","n/e","n/e","123","269","88","n/e","n/e","n/e","n/e","n/e","n/e","n/e","n/e","n/e","n/e","n/e","4","44","310","358"
"BZN|DK2","27.12.2018 11:00 - 27.12.2018 12:00 (CET/CEST)","260","n/e","n/e","123","268","82","n/e","n/e","n/e","n/e","n/e","n/e","n/e","n/e","n/e","n/e","n/e","7","49","323","363"
"BZN|DK2","27.12.2018 12:00 - 27.12.2018 13:00 (CET/CEST)","259","n/e","n/e","121","262","25","n/e","n/e","n/e","n/e","n/e","n/e","n/e","n/e","n/e","n/e","n/e","7","55","331","364"
"BZN|DK2","27.12.2018 13:00 - 27.12.2018 14:00 (CET/CEST)","282","n/e","n/e","119","265","25","n/e","n/e","n/e","n/e","n/e","n/e","n/e","n/e","n/e","n/e","n/e","7","56","315","375"
"BZN|DK2","27.12.2018 14:00 - 27.12.2018 15:00 (CET/CEST)","284","n/e","n/e","119","265","24","n/e","n/e","n/e","n/e","n/e","n/e","n/e","n/e","n/e","n/e","n/e","3","55","327","445"
"BZN|DK2","27.12.2018 15:00 - 27.12.2018 16:00 (CET/CEST)","278","n/e","n/e","67","266","25","n/e","n/e","n/e","n/e","n/e","n/e","n/e","n/e","n/e","n/e","n/e","0","55","359","438"
"BZN|DK2","27.12.2018 16:00 - 27.12.2018 17:00 (CET/CEST)","276","n/e","n/e","57","264","24","n/e","n/e","n/e","n/e","n/e","n/e","n/e","n/e","n/e","n/e","n/e","0","56","355","431"
"BZN|DK2","27.12.2018 17:00 - 27.12.2018 18:00 (CET/CEST)","278","n/e","n/e","51","255","22","n/e","n/e","n/e","n/e","n/e","n/e","n/e","n/e","n/e","n/e","n/e","0","56","339","409"
"BZN|DK2","27.12.2018 18:00 - 27.12.2018 19:00 (CET/CEST)","277","n/e","n/e","45","246","21","n/e","n/e","n/e","n/e","n/e","n/e","n/e","n/e","n/e","n/e","n/e","0","55","328","382"
"BZN|DK2","27.12.2018 19:00 - 27.12.2018 20:00 (CET/CEST)","276","n/e","n/e","44","244","20","n/e","n/e","n/e","n/e","n/e","n/e","n/e","n/e","n/e","n/e","n/e","0","54","264","397"
"BZN|DK2","27.12.2018 20:00 - 27.12.2018 21:00 (CET/CEST)","278","n/e","n/e","54","260","23","n/e","n/e","n/e","n/e","n/e","n/e","n/e","n/e","n/e","n/e","n/e","0","56","289","431"
"BZN|DK2","27.12.2018 21:00 - 27.12.2018 22:00 (CET/CEST)","281","n/e","n/e","58","266","24","n/e","n/e","n/e","n/e","n/e","n/e","n/e","n/e","n/e","n/e","n/e","0","54","288","427"
"BZN|DK2","27.12.2018 22:00 - 27.12.2018 23:00 (CET/CEST)","282","n/e","n/e","58","266","22","n/e","n/e","n/e","n/e","n/e","n/e","n/e","n/e","n/e","n/e","n/e","0","54","313","394"
"BZN|DK2","27.12.2018 23:00 - 28.12.2018 00:00 (CET/CEST)","283","n/e","n/e","58","266","22","n/e","n/e","n/e","n/e","n/e","n/e","n/e","n/e","n/e","n/e","n/e","0","55","292","368"
"BZN|DK2","28.12.2018 00:00 - 28.12.2018 01:00 (CET/CEST)","295","n/e","n/e","56","252","13","n/e","n/e","n/e","n/e","n/e","n/e","n/e","n/e","n/e","n/e","n/e","0","55","256","375"
"BZN|DK2","28.12.2018 01:00 - 28.12.2018 02:00 (CET/CEST)","293","n/e","n/e","56","186","12","n/e","n/e","n/e","n/e","n/e","n/e","n/e","n/e","n/e","n/e","n/e","0","56","275","375"
"BZN|DK2","28.12.2018 02:00 - 28.12.2018 03:00 (CET/CEST)","293","n/e","n/e","56","191","12","n/e","n/e","n/e","n/e","n/e","n/e","n/e","n/e","n/e","n/e","n/e","0","55","261","335"
"BZN|DK2","28.12.2018 03:00 - 28.12.2018 04:00 (CET/CEST)","290","n/e","n/e","56","192","12","n/e","n/e","n/e","n/e","n/e","n/e","n/e","n/e","n/e","n/e","n/e","0","54","243","305"
"BZN|DK2","28.12.2018 04:00 - 28.12.2018 05:00 (CET/CEST)","288","n/e","n/e","56","192","12","n/e","n/e","n/e","n/e","n/e","n/e","n/e","n/e","n/e","n/e","n/e","0","56","293","251"
"BZN|DK2","28.12.2018 05:00 - 28.12.2018 06:00 (CET/CEST)","286","n/e","n/e","57","193","12","n/e","n/e","n/e","n/e","n/e","n/e","n/e","n/e","n/e","n/e","n/e","0","55","245","231"
"BZN|DK2","28.12.2018 06:00 - 28.12.2018 07:00 (CET/CEST)","289","n/e","n/e","59","198","13","n/e","n/e","n/e","n/e","n/e","n/e","n/e","n/e","n/e","n/e","n/e","0","56","163","176"
"BZN|DK2","28.12.2018 07:00 - 28.12.2018 08:00 (CET/CEST)","287","n/e","n/e","61","207","13","n/e","n/e","n/e","n/e","n/e","n/e","n/e","n/e","n/e","n/e","n/e","0","56","106","171"
"BZN|DK2","28.12.2018 08:00 - 28.12.2018 09:00 (CET/CEST)","283","n/e","n/e","95","247","19","n/e","n/e","n/e","n/e","n/e","n/e","n/e","n/e","n/e","n/e","n/e","1","55","176","166"
"BZN|DK2","28.12.2018 09:00 - 28.12.2018 10:00 (CET/CEST)","293","n/e","n/e","120","269","25","n/e","n/e","n/e","n/e","n/e","n/e","n/e","n/e","n/e","n/e","n/e","11","55","168","160"
"BZN|DK2","28.12.2018 10:00 - 28.12.2018 11:00 (CET/CEST)","289","n/e","n/e","121","269","25","n/e","n/e","n/e","n/e","n/e","n/e","n/e","n/e","n/e","n/e","n/e","27","57","183","170"
"BZN|DK2","28.12.2018 11:00 - 28.12.2018 12:00 (CET/CEST)","289","n/e","n/e","122","270","25","n/e","n/e","n/e","n/e","n/e","n/e","n/e","n/e","n/e","n/e","n/e","32","55","162","191"
"BZN|DK2","28.12.2018 12:00 - 28.12.2018 13:00 (CET/CEST)","282","n/e","n/e","121","269","25","n/e","n/e","n/e","n/e","n/e","n/e","n/e","n/e","n/e","n/e","n/e","24","53","111","192"
"BZN|DK2","28.12.2018 13:00 - 28.12.2018 14:00 (CET/CEST)","285","n/e","n/e","121","269","25","n/e","n/e","n/e","n/e","n/e","n/e","n/e","n/e","n/e","n/e","n/e","13","53","135","211"
"BZN|DK2","28.12.2018 14:00 - 28.12.2018 15:00 (CET/CEST)","289","n/e","n/e","120","266","25","n/e","n/e","n/e","n/e","n/e","n/e","n/e","n/e","n/e","n/e","n/e","9","54","138","217"
"BZN|DK2","28.12.2018 15:00 - 28.12.2018 16:00 (CET/CEST)","288","n/e","n/e","67","265","24","n/e","n/e","n/e","n/e","n/e","n/e","n/e","n/e","n/e","n/e","n/e","3","54","112","150"
"BZN|DK2","28.12.2018 16:00 - 28.12.2018 17:00 (CET/CEST)","286","n/e","n/e","70","266","25","n/e","n/e","n/e","n/e","n/e","n/e","n/e","n/e","n/e","n/e","n/e","0","56","123","119"
"BZN|DK2","28.12.2018 17:00 - 28.12.2018 18:00 (CET/CEST)","287","n/e","n/e","79","269","25","n/e","n/e","n/e","n/e","n/e","n/e","n/e","n/e","n/e","n/e","n/e","0","56","111","136"
"BZN|DK2","28.12.2018 18:00 - 28.12.2018 19:00 (CET/CEST)","285","n/e","n/e","81","267","22","n/e","n/e","n/e","n/e","n/e","n/e","n/e","n/e","n/e","n/e","n/e","0","56","134","155"
"BZN|DK2","28.12.2018 19:00 - 28.12.2018 20:00 (CET/CEST)","279","n/e","n/e","79","264","21","n/e","n/e","n/e","n/e","n/e","n/e","n/e","n/e","n/e","n/e","n/e","0","57","144","174"
"BZN|DK2","28.12.2018 20:00 - 28.12.2018 21:00 (CET/CEST)","282","n/e","n/e","59","266","22","n/e","n/e","n/e","n/e","n/e","n/e","n/e","n/e","n/e","n/e","n/e","0","56","193","194"
"BZN|DK2","28.12.2018 21:00 - 28.12.2018 22:00 (CET/CEST)","281","n/e","n/e","58","264","21","n/e","n/e","n/e","n/e","n/e","n/e","n/e","n/e","n/e","n/e","n/e","0","57","224","189"
"BZN|DK2","28.12.2018 22:00 - 28.12.2018 23:00 (CET/CEST)","279","n/e","n/e","58","264","21","n/e","n/e","n/e","n/e","n/e","n/e","n/e","n/e","n/e","n/e","n/e","0","57","260","222"
"BZN|DK2","28.12.2018 23:00 - 29.12.2018 00:00 (CET/CEST)","297","n/e","n/e","57","263","15","n/e","n/e","n/e","n/e","n/e","n/e","n/e","n/e","n/e","n/e","n/e","0","56","242","221"
"BZN|DK2","29.12.2018 00:00 - 29.12.2018 01:00 (CET/CEST)","334","n/e","n/e","55","260","11","n/e","n/e","n/e","n/e","n/e","n/e","n/e","n/e","n/e","n/e","n/e","0","56","266","246"
"BZN|DK2","29.12.2018 01:00 - 29.12.2018 02:00 (CET/CEST)","319","n/e","n/e","56","261","12","n/e","n/e","n/e","n/e","n/e","n/e","n/e","n/e","n/e","n/e","n/e","0","56","282","256"
"BZN|DK2","29.12.2018 02:00 - 29.12.2018 03:00 (CET/CEST)","361","n/e","n/e","55","260","11","n/e","n/e","n/e","n/e","n/e","n/e","n/e","n/e","n/e","n/e","n/e","0","57","300","240"
"BZN|DK2","29.12.2018 03:00 - 29.12.2018 04:00 (CET/CEST)","394","n/e","n/e","56","261","12","n/e","n/e","n/e","n/e","n/e","n/e","n/e","n/e","n/e","n/e","n/e","0","57","280","248"
"BZN|DK2","29.12.2018 04:00 - 29.12.2018 05:00 (CET/CEST)","409","n/e","n/e","56","252","12","n/e","n/e","n/e","n/e","n/e","n/e","n/e","n/e","n/e","n/e","n/e","0","57","293","254"
"BZN|DK2","29.12.2018 05:00 - 29.12.2018 06:00 (CET/CEST)","432","n/e","n/e","56","204","12","n/e","n/e","n/e","n/e","n/e","n/e","n/e","n/e","n/e","n/e","n/e","0","58","273","224"
"BZN|DK2","29.12.2018 06:00 - 29.12.2018 07:00 (CET/CEST)","430","n/e","n/e","58","168","12","n/e","n/e","n/e","n/e","n/e","n/e","n/e","n/e","n/e","n/e","n/e","0","57","250","209"
"BZN|DK2","29.12.2018 07:00 - 29.12.2018 08:00 (CET/CEST)","422","n/e","n/e","58","168","12","n/e","n/e","n/e","n/e","n/e","n/e","n/e","n/e","n/e","n/e","n/e","0","57","230","180"
"BZN|DK2","29.12.2018 08:00 - 29.12.2018 09:00 (CET/CEST)","434","n/e","n/e","58","163","13","n/e","n/e","n/e","n/e","n/e","n/e","n/e","n/e","n/e","n/e","n/e","0","56","238","202"
"BZN|DK2","29.12.2018 09:00 - 29.12.2018 10:00 (CET/CEST)","438","n/e","n/e","81","160","12","n/e","n/e","n/e","n/e","n/e","n/e","n/e","n/e","n/e","n/e","n/e","4","55","246","251"
"BZN|DK2","29.12.2018 10:00 - 29.12.2018 11:00 (CET/CEST)","481","n/e","n/e","115","182","20","n/e","n/e","n/e","n/e","n/e","n/e","n/e","n/e","n/e","n/e","n/e","6","56","272","310"
"BZN|DK2","29.12.2018 11:00 - 29.12.2018 12:00 (CET/CEST)","473","n/e","n/e","119","182","24","n/e","n/e","n/e","n/e","n/e","n/e","n/e","n/e","n/e","n/e","n/e","10","57","181","289"
"BZN|DK2","29.12.2018 12:00 - 29.12.2018 13:00 (CET/CEST)","427","n/e","n/e","118","181","24","n/e","n/e","n/e","n/e","n/e","n/e","n/e","n/e","n/e","n/e","n/e","11","58","204","280"
"BZN|DK2","29.12.2018 13:00 - 29.12.2018 14:00 (CET/CEST)","414","n/e","n/e","116","177","23","n/e","n/e","n/e","n/e","n/e","n/e","n/e","n/e","n/e","n/e","n/e","9","57","176","265"
"BZN|DK2","29.12.2018 14:00 - 29.12.2018 15:00 (CET/CEST)","410","n/e","n/e","98","178","24","n/e","n/e","n/e","n/e","n/e","n/e","n/e","n/e","n/e","n/e","n/e","4","57","168","293"
"BZN|DK2","29.12.2018 15:00 - 29.12.2018 16:00 (CET/CEST)","416","n/e","n/e","97","182","24","n/e","n/e","n/e","n/e","n/e","n/e","n/e","n/e","n/e","n/e","n/e","0","57","208","275"
"BZN|DK2","29.12.2018 16:00 - 29.12.2018 17:00 (CET/CEST)","442","n/e","n/e","98","211","24","n/e","n/e","n/e","n/e","n/e","n/e","n/e","n/e","n/e","n/e","n/e","0","57","257","321"
"BZN|DK2","29.12.2018 17:00 - 29.12.2018 18:00 (CET/CEST)","455","n/e","n/e","100","252","25","n/e","n/e","n/e","n/e","n/e","n/e","n/e","n/e","n/e","n/e","n/e","0","54","355","392"
"BZN|DK2","29.12.2018 18:00 - 29.12.2018 19:00 (CET/CEST)","468","n/e","n/e","47","265","25","n/e","n/e","n/e","n/e","n/e","n/e","n/e","n/e","n/e","n/e","n/e","0","56","368","435"
"BZN|DK2","29.12.2018 19:00 - 29.12.2018 20:00 (CET/CEST)","457","n/e","n/e","37","263","24","n/e","n/e","n/e","n/e","n/e","n/e","n/e","n/e","n/e","n/e","n/e","0","57","356","397"
"BZN|DK2","29.12.2018 20:00 - 29.12.2018 21:00 (CET/CEST)","451","n/e","n/e","37","205","24","n/e","n/e","n/e","n/e","n/e","n/e","n/e","n/e","n/e","n/e","n/e","0","57","295","298"
"BZN|DK2","29.12.2018 21:00 - 29.12.2018 22:00 (CET/CEST)","420","n/e","n/e","37","155","24","n/e","n/e","n/e","n/e","n/e","n/e","n/e","n/e","n/e","n/e","n/e","0","57","207","222"
"BZN|DK2","29.12.2018 22:00 - 29.12.2018 23:00 (CET/CEST)","356","n/e","n/e","36","148","23","n/e","n/e","n/e","n/e","n/e","n/e","n/e","n/e","n/e","n/e","n/e","0","57","182","183"
"BZN|DK2","29.12.2018 23:00 - 30.12.2018 00:00 (CET/CEST)","277","n/e","n/e","35","147","22","n/e","n/e","n/e","n/e","n/e","n/e","n/e","n/e","n/e","n/e","n/e","0","56","221","202"
"BZN|DK2","30.12.2018 00:00 - 30.12.2018 01:00 (CET/CEST)","247","n/e","n/e","24","130","13","n/e","n/e","n/e","n/e","n/e","n/e","n/e","n/e","n/e","n/e","n/e","0","51","277","294"
"BZN|DK2","30.12.2018 01:00 - 30.12.2018 02:00 (CET/CEST)","280","n/e","n/e","23","134","8","n/e","n/e","n/e","n/e","n/e","n/e","n/e","n/e","n/e","n/e","n/e","0","47","322","429"
"BZN|DK2","30.12.2018 02:00 - 30.12.2018 03:00 (CET/CEST)","252","n/e","n/e","23","135","8","n/e","n/e","n/e","n/e","n/e","n/e","n/e","n/e","n/e","n/e","n/e","0","47","333","559"
"BZN|DK2","30.12.2018 03:00 - 30.12.2018 04:00 (CET/CEST)","250","n/e","n/e","24","137","8","n/e","n/e","n/e","n/e","n/e","n/e","n/e","n/e","n/e","n/e","n/e","0","47","369","602"
"BZN|DK2","30.12.2018 04:00 - 30.12.2018 05:00 (CET/CEST)","247","n/e","n/e","24","134","8","n/e","n/e","n/e","n/e","n/e","n/e","n/e","n/e","n/e","n/e","n/e","0","46","365","591"
"BZN|DK2","30.12.2018 05:00 - 30.12.2018 06:00 (CET/CEST)","252","n/e","n/e","23","128","8","n/e","n/e","n/e","n/e","n/e","n/e","n/e","n/e","n/e","n/e","n/e","0","47","225","545"
"BZN|DK2","30.12.2018 06:00 - 30.12.2018 07:00 (CET/CEST)","258","n/e","n/e","23","122","8","n/e","n/e","n/e","n/e","n/e","n/e","n/e","n/e","n/e","n/e","n/e","0","46","332","499"
"BZN|DK2","30.12.2018 07:00 - 30.12.2018 08:00 (CET/CEST)","251","n/e","n/e","22","120","7","n/e","n/e","n/e","n/e","n/e","n/e","n/e","n/e","n/e","n/e","n/e","0","45","296","460"
"BZN|DK2","30.12.2018 08:00 - 30.12.2018 09:00 (CET/CEST)","320","n/e","n/e","24","133","8","n/e","n/e","n/e","n/e","n/e","n/e","n/e","n/e","n/e","n/e","n/e","0","46","341","426"
"BZN|DK2","30.12.2018 09:00 - 30.12.2018 10:00 (CET/CEST)","417","n/e","n/e","34","153","20","n/e","n/e","n/e","n/e","n/e","n/e","n/e","n/e","n/e","n/e","n/e","9","48","263","364"
"BZN|DK2","30.12.2018 10:00 - 30.12.2018 11:00 (CET/CEST)","438","n/e","n/e","38","190","24","n/e","n/e","n/e","n/e","n/e","n/e","n/e","n/e","n/e","n/e","n/e","23","56","269","349"
"BZN|DK2","30.12.2018 11:00 - 30.12.2018 12:00 (CET/CEST)","425","n/e","n/e","38","242","23","n/e","n/e","n/e","n/e","n/e","n/e","n/e","n/e","n/e","n/e","n/e","39","56","280","377"
"BZN|DK2","30.12.2018 12:00 - 30.12.2018 13:00 (CET/CEST)","432","n/e","n/e","37","232","23","n/e","n/e","n/e","n/e","n/e","n/e","n/e","n/e","n/e","n/e","n/e","47","57","255","402"
"BZN|DK2","30.12.2018 13:00 - 30.12.2018 14:00 (CET/CEST)","484","n/e","n/e","62","181","23","n/e","n/e","n/e","n/e","n/e","n/e","n/e","n/e","n/e","n/e","n/e","50","56","270","360"
"BZN|DK2","30.12.2018 14:00 - 30.12.2018 15:00 (CET/CEST)","517","n/e","n/e","93","184","23","n/e","n/e","n/e","n/e","n/e","n/e","n/e","n/e","n/e","n/e","n/e","35","57","219","299"
"BZN|DK2","30.12.2018 15:00 - 30.12.2018 16:00 (CET/CEST)","513","n/e","n/e","98","183","23","n/e","n/e","n/e","n/e","n/e","n/e","n/e","n/e","n/e","n/e","n/e","6","56","177","247"
"BZN|DK2","30.12.2018 16:00 - 30.12.2018 17:00 (CET/CEST)","508","n/e","n/e","98","209","23","n/e","n/e","n/e","n/e","n/e","n/e","n/e","n/e","n/e","n/e","n/e","0","55","140","182"
"BZN|DK2","30.12.2018 17:00 - 30.12.2018 18:00 (CET/CEST)","512","n/e","n/e","100","225","24","n/e","n/e","n/e","n/e","n/e","n/e","n/e","n/e","n/e","n/e","n/e","0","55","139","160"
"BZN|DK2","30.12.2018 18:00 - 30.12.2018 19:00 (CET/CEST)","510","n/e","n/e","100","226","23","n/e","n/e","n/e","n/e","n/e","n/e","n/e","n/e","n/e","n/e","n/e","0","53","121","140"
"BZN|DK2","30.12.2018 19:00 - 30.12.2018 20:00 (CET/CEST)","510","n/e","n/e","100","226","23","n/e","n/e","n/e","n/e","n/e","n/e","n/e","n/e","n/e","n/e","n/e","0","54","94","116"
"BZN|DK2","30.12.2018 20:00 - 30.12.2018 21:00 (CET/CEST)","511","n/e","n/e","47","245","23","n/e","n/e","n/e","n/e","n/e","n/e","n/e","n/e","n/e","n/e","n/e","0","53","94","109"
"BZN|DK2","30.12.2018 21:00 - 30.12.2018 22:00 (CET/CEST)","513","n/e","n/e","37","262","22","n/e","n/e","n/e","n/e","n/e","n/e","n/e","n/e","n/e","n/e","n/e","0","56","75","99"
"BZN|DK2","30.12.2018 22:00 - 30.12.2018 23:00 (CET/CEST)","507","n/e","n/e","37","265","22","n/e","n/e","n/e","n/e","n/e","n/e","n/e","n/e","n/e","n/e","n/e","0","55","66","80"
"BZN|DK2","30.12.2018 23:00 - 31.12.2018 00:00 (CET/CEST)","477","n/e","n/e","38","260","22","n/e","n/e","n/e","n/e","n/e","n/e","n/e","n/e","n/e","n/e","n/e","0","54","48","68"
"BZN|DK2","31.12.2018 00:00 - 31.12.2018 01:00 (CET/CEST)","434","n/e","n/e","36","232","14","n/e","n/e","n/e","n/e","n/e","n/e","n/e","n/e","n/e","n/e","n/e","0","55","42","49"
"BZN|DK2","31.12.2018 01:00 - 31.12.2018 02:00 (CET/CEST)","397","n/e","n/e","36","194","12","n/e","n/e","n/e","n/e","n/e","n/e","n/e","n/e","n/e","n/e","n/e","0","56","38","34"
"BZN|DK2","31.12.2018 02:00 - 31.12.2018 03:00 (CET/CEST)","388","n/e","n/e","35","192","12","n/e","n/e","n/e","n/e","n/e","n/e","n/e","n/e","n/e","n/e","n/e","0","56","29","26"
"BZN|DK2","31.12.2018 03:00 - 31.12.2018 04:00 (CET/CEST)","410","n/e","n/e","36","191","12","n/e","n/e","n/e","n/e","n/e","n/e","n/e","n/e","n/e","n/e","n/e","0","56","36","25"
"BZN|DK2","31.12.2018 04:00 - 31.12.2018 05:00 (CET/CEST)","410","n/e","n/e","37","193","12","n/e","n/e","n/e","n/e","n/e","n/e","n/e","n/e","n/e","n/e","n/e","0","55","37","20"
"BZN|DK2","31.12.2018 05:00 - 31.12.2018 06:00 (CET/CEST)","409","n/e","n/e","38","195","13","n/e","n/e","n/e","n/e","n/e","n/e","n/e","n/e","n/e","n/e","n/e","0","53","13","8"
"BZN|DK2","31.12.2018 06:00 - 31.12.2018 07:00 (CET/CEST)","422","n/e","n/e","38","224","13","n/e","n/e","n/e","n/e","n/e","n/e","n/e","n/e","n/e","n/e","n/e","0","53","0","8"
"BZN|DK2","31.12.2018 07:00 - 31.12.2018 08:00 (CET/CEST)","465","n/e","n/e","64","264","13","n/e","n/e","n/e","n/e","n/e","n/e","n/e","n/e","n/e","n/e","n/e","0","51","3","19"
"BZN|DK2","31.12.2018 08:00 - 31.12.2018 09:00 (CET/CEST)","469","n/e","n/e","97","264","15","n/e","n/e","n/e","n/e","n/e","n/e","n/e","n/e","n/e","n/e","n/e","0","50","16","48"
"BZN|DK2","31.12.2018 09:00 - 31.12.2018 10:00 (CET/CEST)","501","n/e","n/e","98","262","23","n/e","n/e","n/e","n/e","n/e","n/e","n/e","n/e","n/e","n/e","n/e","5","48","28","86"
"BZN|DK2","31.12.2018 10:00 - 31.12.2018 11:00 (CET/CEST)","493","n/e","n/e","98","259","23","n/e","n/e","n/e","n/e","n/e","n/e","n/e","n/e","n/e","n/e","n/e","11","50","57","136"
"BZN|DK2","31.12.2018 11:00 - 31.12.2018 12:00 (CET/CEST)","499","n/e","n/e","98","259","23","n/e","n/e","n/e","n/e","n/e","n/e","n/e","n/e","n/e","n/e","n/e","11","51","92","152"
"BZN|DK2","31.12.2018 12:00 - 31.12.2018 13:00 (CET/CEST)","497","n/e","n/e","98","260","23","n/e","n/e","n/e","n/e","n/e","n/e","n/e","n/e","n/e","n/e","n/e","11","52","101","173"
"BZN|DK2","31.12.2018 13:00 - 31.12.2018 14:00 (CET/CEST)","498","n/e","n/e","98","244","23","n/e","n/e","n/e","n/e","n/e","n/e","n/e","n/e","n/e","n/e","n/e","9","52","118","184"
"BZN|DK2","31.12.2018 14:00 - 31.12.2018 15:00 (CET/CEST)","501","n/e","n/e","98","242","23","n/e","n/e","n/e","n/e","n/e","n/e","n/e","n/e","n/e","n/e","n/e","5","54","163","164"
"BZN|DK2","31.12.2018 15:00 - 31.12.2018 16:00 (CET/CEST)","499","n/e","n/e","97","241","23","n/e","n/e","n/e","n/e","n/e","n/e","n/e","n/e","n/e","n/e","n/e","1","53","152","194"
"BZN|DK2","31.12.2018 16:00 - 31.12.2018 17:00 (CET/CEST)","503","n/e","n/e","98","242","23","n/e","n/e","n/e","n/e","n/e","n/e","n/e","n/e","n/e","n/e","n/e","0","53","241","324"
"BZN|DK2","31.12.2018 17:00 - 31.12.2018 18:00 (CET/CEST)","488","n/e","n/e","45","260","23","n/e","n/e","n/e","n/e","n/e","n/e","n/e","n/e","n/e","n/e","n/e","0","54","286","420"
"BZN|DK2","31.12.2018 18:00 - 31.12.2018 19:00 (CET/CEST)","490","n/e","n/e","37","235","23","n/e","n/e","n/e","n/e","n/e","n/e","n/e","n/e","n/e","n/e","n/e","0","54","303","467"
"BZN|DK2","31.12.2018 19:00 - 31.12.2018 20:00 (CET/CEST)","462","n/e","n/e","37","181","23","n/e","n/e","n/e","n/e","n/e","n/e","n/e","n/e","n/e","n/e","n/e","0","53","346","469"
"BZN|DK2","31.12.2018 20:00 - 31.12.2018 21:00 (CET/CEST)","500","n/e","n/e","36","180","23","n/e","n/e","n/e","n/e","n/e","n/e","n/e","n/e","n/e","n/e","n/e","0","53","361","529"
"BZN|DK2","31.12.2018 21:00 - 31.12.2018 22:00 (CET/CEST)","432","n/e","n/e","36","180","23","n/e","n/e","n/e","n/e","n/e","n/e","n/e","n/e","n/e","n/e","n/e","0","53","362","562"
"BZN|DK2","31.12.2018 22:00 - 31.12.2018 23:00 (CET/CEST)","417","n/e","n/e","36","163","23","n/e","n/e","n/e","n/e","n/e","n/e","n/e","n/e","n/e","n/e","n/e","0","53","268","545"
"BZN|DK2","31.12.2018 23:00 - 01.01.2019 00:00 (CET/CEST)","410","n/e","n/e","36","161","23","n/e","n/e","n/e","n/e","n/e","n/e","n/e","n/e","n/e","n/e","n/e","0","53","265","545"
